198.396	-16.04
198.5	-2.12
198.604	-1.62
198.708	0.01
198.812	-0.4
198.916	8.53
199.02	-7.2
199.125	-7.03
199.229	-0.56
199.333	-7.36
199.437	-6.7
199.541	-0.81
199.645	1.98
199.749	2.88
199.853	12.55
199.957	15.99
200.061	11.81
200.165	14.43
200.269	15.74
200.373	11.07
200.477	3.86
200.581	17.95
200.685	19.35
200.789	15.41
200.893	28.19
200.996	20.49
201.1	6.32
201.204	-4.33
201.308	-9.65
201.412	-17.84
201.516	-21.04
201.62	-5.8
201.724	-3.18
201.828	-1.38
201.932	2.64
202.035	14.27
202.139	4.85
202.243	8.04
202.347	24.1
202.451	14.6
202.555	13.61
202.659	13.94
202.762	13.12
202.866	0.26
202.97	5.75
203.074	-7.28
203.178	-3.67
203.281	-2.69
203.385	-5.47
203.489	-11.78
203.593	4.11
203.697	6.65
203.8	12.71
203.904	20.33
204.008	26.47
204.112	17.22
204.215	11.48
204.319	-2.28
204.423	-6.95
204.527	-3.92
204.63	5.99
204.734	14.68
204.838	6.24
204.941	8.7
205.045	0.01
205.149	-2.36
205.252	-11.29
205.356	0.42
205.46	2.06
205.563	12.71
205.667	10.5
205.771	11.89
205.874	13.61
205.978	10.17
206.082	2.96
206.185	5.75
206.289	4.11
206.392	6.24
206.496	12.71
206.6	10.5
206.703	15.82
206.807	14.02
206.91	13.28
207.014	7.14
207.117	11.56
207.221	-0.23
207.324	3.86
207.428	-0.48
207.531	-12.19
207.635	-8.83
207.739	-4.08
207.842	-6.13
207.946	-6.87
208.049	-7.28
208.153	-4.57
208.256	-5.15
208.359	-0.23
208.463	2.14
208.566	18.94
208.67	20.49
208.773	27.37
208.877	24.1
208.98	22.3
209.084	19.67
209.187	4.03
209.29	1.49
209.394	-8.67
209.497	-9.16
209.601	-16.86
209.704	-4
209.807	-6.54
209.911	10.5
210.014	22.71
210.118	15.99
210.221	5.09
210.324	-2.12
210.428	-4.66
210.531	-11.62
210.634	-3.02
210.738	4.68
210.841	10.09
210.944	1
211.048	-0.4
211.151	3.54
211.254	10.75
211.357	14.51
211.461	15.5
211.564	14.84
211.667	1.41
211.77	-11.62
211.874	-15.14
211.977	-12.6
212.08	-11.21
212.183	-1.05
212.287	10.17
212.39	3.45
212.493	9.52
212.596	9.52
212.7	6.89
212.803	-3.84
212.906	5.17
213.009	-0.97
213.112	3.78
213.215	8.45
213.319	17.79
213.422	19.59
213.525	25.49
213.628	16.48
213.731	16.97
213.834	14.1
213.937	6.57
214.041	10.91
214.144	11.89
214.247	8.21
214.35	0.83
214.453	8.45
214.556	-8.18
214.659	1.49
214.762	-2.2
214.865	3.21
214.968	-8.42
215.071	13.2
215.174	9.27
215.277	13.53
215.38	16.32
215.483	22.13
215.586	4.27
215.689	5.75
215.792	3.7
215.895	-0.72
215.998	7.3
216.101	5.5
216.204	-0.07
216.307	2.47
216.41	7.3
216.513	-0.07
216.616	7.71
216.719	13.12
216.822	15.74
216.925	10.75
217.028	0.91
217.131	0.01
217.234	2.64
217.337	-6.05
217.44	-6.38
217.542	13.45
217.645	12.63
217.748	8.7
217.851	2.8
217.954	15.99
218.057	1.98
218.16	5.75
218.263	6.4
218.365	20.74
218.468	9.43
218.571	22.13
218.674	15.82
218.777	17.54
218.879	9.93
218.982	19.67
219.085	12.63
219.188	18.12
219.291	21.97
219.393	26.72
219.496	21.72
219.599	22.71
219.702	17.22
219.804	7.88
219.907	5.5
220.01	-0.15
220.113	-0.15
220.215	-3.67
220.318	-5.97
220.421	-5.8
220.523	-9.24
220.626	-6.13
220.729	-5.47
220.831	-0.4
220.934	-2.94
221.037	5.01
221.139	2.64
221.242	5.34
221.345	2.06
221.447	7.71
221.55	9.93
221.653	11.89
221.755	12.79
221.858	8.94
221.96	6.08
222.063	5.01
222.166	2.72
222.268	10.34
222.371	14.43
222.473	7.39
222.576	0.01
222.679	-0.64
222.781	-12.44
222.884	-0.07
222.986	10.83
223.089	11.89
223.191	3.13
223.294	7.14
223.396	-3.1
223.499	-6.87
223.601	-9.16
223.704	1.49
223.806	6.32
223.909	3.95
224.011	10.17
224.114	17.95
224.216	12.55
224.319	9.27
224.421	22.3
224.523	13.37
224.626	13.45
224.728	17.95
224.831	13.94
224.933	5.26
225.036	12.47
225.138	6.65
225.24	0.18
225.343	3.29
225.445	-3.67
225.547	-2.28
225.65	-0.56
225.752	8.7
225.855	14.1
225.957	23.52
226.059	18.77
226.162	22.79
226.264	12.47
226.366	5.5
226.469	-0.81
226.571	5.17
226.673	4.68
226.775	7.22
226.878	4.52
226.98	6.57
227.082	2.96
227.185	2.14
227.287	8.7
227.389	14.35
227.491	23.85
227.594	17.38
227.696	19.43
227.798	15.58
227.9	8.29
228.002	-9.57
228.105	-5.31
228.207	-5.39
228.309	-7.11
228.411	0.59
228.513	16.15
228.616	8.62
228.718	-5.47
228.82	-6.62
228.922	-3.84
229.024	-11.13
229.126	-2.94
229.228	7.63
229.331	13.61
229.433	0.1
229.535	-10.8
229.637	-11.86
229.739	-11.54
229.841	-11.37
229.943	-0.31
230.045	16.56
230.147	21.64
230.249	17.71
230.352	17.3
230.454	20.17
230.556	10.01
230.658	2.55
230.76	14.51
230.862	13.45
230.964	13.78
231.066	9.6
231.168	19.51
231.27	8.94
231.372	1.73
231.474	-5.47
231.576	2.64
231.678	4.52
231.78	7.39
231.882	15.25
231.984	21.07
232.086	27.54
232.187	22.13
232.289	22.05
232.391	20
232.493	15.58
232.595	17.63
232.697	16.07
232.799	15.58
232.901	7.14
233.003	8.29
233.105	3.7
233.207	4.03
233.308	7.22
233.41	11.4
233.512	7.96
233.614	13.78
233.716	10.09
233.818	10.09
233.919	17.63
234.021	26.31
234.123	23.69
234.225	29.67
234.327	27.05
234.428	19.26
234.53	19.35
234.632	14.1
234.734	9.02
234.836	13.45
234.937	21.31
235.039	9.52
235.141	9.84
235.243	11.56
235.344	7.55
235.446	8.04
235.548	14.19
235.649	12.22
235.751	16.56
235.853	15.41
235.955	10.91
236.056	8.53
236.158	4.76
236.26	4.36
236.361	4.6
236.463	3.54
236.565	-1.13
236.666	-0.31
236.768	-2.77
236.87	-7.85
236.971	-13.26
237.073	-4.98
237.174	-1.22
237.276	-2.77
237.378	6.4
237.479	15.91
237.581	15.66
237.682	17.46
237.784	19.1
237.885	12.63
237.987	13.86
238.089	1.65
238.19	3.13
238.292	2.88
238.393	7.14
238.495	5.75
238.596	16.48
238.698	5.17
238.799	11.73
238.901	10.42
239.002	1.73
239.104	4.93
239.205	6.73
239.307	1.32
239.408	0.01
239.51	7.71
239.611	0.18
239.713	2.31
239.814	-4.33
239.915	-6.79
240.017	-4.49
240.118	-5.47
240.22	-1.87
240.321	0.51
240.422	-6.38
240.524	-13.83
240.625	3.37
240.727	5.26
240.828	1.32
240.929	12.71
241.031	8.53
241.132	6.49
241.233	-1.38
241.335	1.82
241.436	11.65
241.537	16.97
241.639	11.32
241.74	20.82
241.841	14.92
241.943	5.99
242.044	9.68
242.145	8.12
242.246	2.23
242.348	23.52
242.449	22.54
242.55	15.33
242.652	10.01
242.753	13.04
242.854	1.9
242.955	11.89
243.056	21.56
243.158	26.8
243.259	21.56
243.36	17.46
243.461	0.67
243.562	2.8
243.664	-2.69
243.765	-2.44
243.866	4.03
243.967	6.32
244.068	1.16
244.169	5.99
244.271	6.65
244.372	-0.07
244.473	-0.4
244.574	0.42
244.675	-4.74
244.776	-4.98
244.877	3.29
244.978	3.37
245.08	-2.36
245.181	11.89
245.282	11.65
245.383	1
245.484	12.22
245.585	20.82
245.686	-2.2
245.787	3.29
245.888	10.01
245.989	10.5
246.09	16.4
246.191	34.91
246.292	33.52
246.393	43.92
246.494	44.5
246.595	23.85
246.696	19.26
246.797	22.71
246.898	15.25
246.999	7.47
247.1	16.81
247.201	19.92
247.302	21.48
247.403	13.78
247.504	20.58
247.605	19.1
247.705	13.61
247.806	10.83
247.907	10.25
248.008	5.17
248.109	12.3
248.21	16.48
248.311	20.58
248.412	17.38
248.513	13.94
248.613	-3.1
248.714	-5.23
248.815	-11.13
248.916	1.98
249.017	7.39
249.118	19.67
249.218	19.1
249.319	22.38
249.42	10.91
249.521	16.56
249.622	21.56
249.722	20.33
249.823	16.64
249.924	11.15
250.025	-8.42
250.125	-25.71
250.226	-30.3
250.327	-20.79
250.428	-20.96
250.528	0.83
250.629	8.94
250.73	18.85
250.83	7.39
250.931	20.98
251.032	10.99
251.133	15.58
251.233	11.73
251.334	10.42
251.435	15.99
251.535	6.08
251.636	9.35
251.736	9.84
251.837	15.99
251.938	1.65
252.038	10.34
252.139	3.7
252.24	8.21
252.34	-6.05
252.441	-5.23
252.541	-5.39
252.642	-2.85
252.743	-2.03
252.843	10.5
252.944	15.5
253.044	8.94
253.145	1.08
253.245	-1.13
253.346	-7.77
253.446	-6.7
253.547	-2.03
253.647	5.5
253.748	0.26
253.848	6.08
253.949	-2.69
254.049	-7.03
254.15	-5.47
254.25	-3.35
254.351	-3.02
254.451	10.66
254.552	15.74
254.652	15.66
254.753	15.17
254.853	11.32
254.954	-1.05
255.054	-7.03
255.154	-11.54
255.255	-4.74
255.355	8.21
255.456	11.4
255.556	21.48
255.656	25.74
255.757	20.66
255.857	11.07
255.957	18.77
256.058	7.14
256.158	1.32
256.258	-2.28
256.359	-0.23
256.459	-9.73
256.559	-8.42
256.66	-4
256.76	4.36
256.86	-10.47
256.961	-16.86
257.061	-5.47
257.161	-6.87
257.261	-10.39
257.362	4.19
257.462	2.14
257.562	-6.87
257.662	-10.31
257.763	-16.21
257.863	-17.19
257.963	1.9
258.063	13.12
258.164	16.4
258.264	11.07
258.364	12.55
258.464	10.09
258.564	-3.59
258.665	-5.97
258.765	1.32
258.865	4.44
258.965	9.6
259.065	13.12
259.165	17.54
259.265	11.24
259.366	9.02
259.466	2.8
259.566	6.57
259.666	8.94
259.766	19.59
259.866	6.08
259.966	1.32
260.066	4.93
260.166	-8.92
260.266	-12.03
260.366	-6.87
260.467	-7.44
260.567	-10.14
260.667	2.39
260.767	-2.2
260.867	-1.05
260.967	6.4
261.067	0.26
261.167	-5.15
261.267	4.44
261.367	10.34
261.467	11.65
261.567	13.28
261.667	16.73
261.767	21.72
261.867	15.82
261.967	15
262.066	24.1
262.166	25.74
262.266	24.43
262.366	21.56
262.466	11.48
262.566	10.66
262.666	5.99
262.766	3.62
262.866	9.11
262.966	14.51
263.066	12.63
263.165	17.71
263.265	8.29
263.365	11.56
263.465	8.86
263.565	6.81
263.665	3.21
263.764	9.27
263.864	10.01
263.964	10.66
264.064	14.51
264.164	19.1
264.263	18.04
264.363	17.22
264.463	12.3
264.563	-1.05
264.663	-0.64
264.762	-1.71
264.862	-4.08
264.962	4.93
265.062	17.13
265.161	15.17
265.261	17.3
265.361	14.76
265.46	10.01
265.56	7.47
265.66	14.84
265.76	3.37
265.859	8.86
265.959	18.36
266.059	22.79
266.158	15.99
266.258	24.75
266.358	24.02
266.457	19.59
266.557	17.3
266.657	11.07
266.756	15.99
266.856	10.58
266.955	19.18
267.055	15.33
267.155	24.59
267.254	19.59
267.354	26.15
267.453	19.92
267.553	24.18
267.652	26.31
267.752	28.03
267.852	26.96
267.951	24.18
268.051	10.17
268.15	3.45
268.25	-3.1
268.349	-7.69
268.449	-2.2
268.548	10.58
268.648	6.4
268.747	10.17
268.847	17.38
268.946	10.99
269.046	12.71
269.145	21.48
269.244	17.54
269.344	6.98
269.443	-0.15
269.543	-9.65
269.642	-16.62
269.742	-18.42
269.841	-6.79
269.94	-0.15
270.04	7.71
270.139	13.04
270.239	9.76
270.338	2.96
270.437	12.47
270.537	6.49
270.636	3.13
270.735	12.14
270.835	10.58
270.934	-7.69
271.033	-6.62
271.133	-8.83
271.232	-9.16
271.331	-2.28
271.431	4.93
271.53	9.02
271.629	4.68
271.729	2.64
271.828	-8.1
271.927	-4.98
272.026	2.96
272.126	13.2
272.225	20.49
272.324	17.22
272.423	11.24
272.523	-0.97
272.622	-5.47
272.721	-10.64
272.82	-2.03
272.919	5.67
273.019	8.45
273.118	7.71
273.217	4.27
273.316	-0.31
273.415	-1.54
273.514	-4.98
273.614	-0.56
273.713	-3.92
273.812	9.76
273.911	-3.75
274.01	1.57
274.109	2.72
274.208	1.9
274.307	-9.24
274.407	-0.48
274.506	6.4
274.605	4.76
274.704	17.54
274.803	16.4
274.902	22.62
275.001	9.68
275.1	6.4
275.199	6.16
275.298	3.29
275.397	-4.66
275.496	0.42
275.595	6.16
275.694	-8.18
275.793	-3.67
275.892	5.58
275.991	4.93
276.09	0.26
276.189	11.81
276.288	14.76
276.387	10.17
276.486	16.15
276.585	23.85
276.684	22.62
276.783	26.88
276.882	28.11
276.981	19.1
277.08	3.45
277.178	4.19
277.277	-3.35
277.376	-4.9
277.475	-2.12
277.574	1.73
277.673	9.68
277.772	10.34
277.871	17.3
277.969	8.62
278.068	5.58
278.167	-0.4
278.266	5.42
278.365	-6.54
278.464	2.8
278.562	7.14
278.661	10.83
278.76	9.6
278.859	22.13
278.958	16.73
279.056	20.74
279.155	9.84
279.254	4.93
279.353	4.44
279.451	8.78
279.55	6.57
279.649	7.88
279.748	4.52
279.846	2.06
279.945	-4.08
280.044	-1.62
280.142	4.36
280.241	9.93
280.34	9.93
280.438	20.25
280.537	18.45
280.636	17.46
280.734	21.15
280.833	20.17
280.932	14.76
281.03	19.35
281.129	12.47
281.228	6.4
281.326	2.06
281.425	3.78
281.523	-0.81
281.622	9.76
281.721	12.38
281.819	5.75
281.918	0.34
282.016	12.55
282.115	9.84
282.213	-1.22
282.312	8.78
282.41	9.35
282.509	-3.1
282.607	-7.69
282.706	-0.72
282.805	-14.9
282.903	-11.45
283.002	-13.34
283.1	-13.26
283.198	-2.69
283.297	10.99
283.395	14.19
283.494	18.28
283.592	18.12
283.691	11.89
283.789	10.83
283.888	10.25
283.986	8.37
284.085	11.81
284.183	20.74
284.281	17.63
284.38	21.23
284.478	22.38
284.576	22.71
284.675	14.51
284.773	11.65
284.872	11.56
284.97	16.97
285.068	8.45
285.167	9.52
285.265	15.25
285.363	10.17
285.462	1.98
285.56	0.26
285.658	-4.9
285.757	3.62
285.855	8.86
285.953	19.1
286.051	26.39
286.15	32.78
286.248	30.32
286.346	15.99
286.444	9.76
286.543	3.7
286.641	9.02
286.739	7.55
286.837	18.45
286.936	21.39
287.034	33.19
287.132	35.65
287.23	31.72
287.328	35.98
287.427	32.13
287.525	29.09
287.623	14.02
287.721	20.17
287.819	19.67
287.917	28.36
288.016	23.2
288.114	24.43
288.212	15.58
288.31	2.31
288.408	-10.64
288.506	-9.57
288.604	-4.66
288.702	-2.2
288.8	13.2
288.899	16.15
288.997	16.73
289.095	11.81
289.193	8.7
289.291	-1.05
289.389	2.39
289.487	-1.79
289.585	5.17
289.683	4.27
289.781	7.22
289.879	6.81
289.977	2.96
290.075	5.99
290.173	17.05
290.271	14.27
290.369	9.52
290.467	21.97
290.565	6.73
290.663	1.73
290.761	6.89
290.859	11.73
290.957	11.48
291.055	14.92
291.152	12.06
291.25	16.4
291.348	9.02
291.446	11.15
291.544	15.99
291.642	20.58
291.74	9.11
291.838	16.48
291.936	5.26
292.033	-2.53
292.131	-12.03
292.229	-17.03
292.327	-11.21
292.425	-1.79
292.523	8.37
292.62	10.66
292.718	17.95
292.816	5.67
292.914	0.67
293.012	-7.28
293.109	-2.85
293.207	1.08
293.305	6.65
293.403	9.84
293.5	13.78
293.598	11.65
293.696	9.02
293.794	4.27
293.891	8.53
293.989	9.52
294.087	7.88
294.185	7.06
294.282	9.35
294.38	9.27
294.478	13.12
294.575	9.76
294.673	12.3
294.771	19.59
294.868	11.32
294.966	2.8
295.064	3.78
295.161	-0.97
295.259	-9.49
295.356	-4.49
295.454	6.08
295.552	13.53
295.649	21.64
295.747	23.36
295.844	25.9
295.942	14.76
296.04	10.5
296.137	6.81
296.235	11.48
296.332	2.14
296.43	1.65
296.527	-3.75
296.625	-4.74
296.722	-9.08
296.82	-9.49
296.917	-4.9
297.015	-6.79
297.112	-3.75
297.21	-7.52
297.307	1.9
297.405	-10.39
297.502	-4.41
297.6	-9.24
297.697	1
297.795	-7.52
297.892	14.76
297.99	15.58
298.087	9.68
298.184	3.29
298.282	7.96
298.379	-3.43
298.477	-1.3
298.574	3.78
298.671	5.75
298.769	-7.2
298.866	-7.36
298.964	-16.7
299.061	-13.34
299.158	-22.6
299.256	-12.77
299.353	-10.23
299.45	-7.52
299.548	-5.97
299.645	2.14
299.742	5.26
299.839	11.89
299.937	19.26
300.034	11.07
300.131	20.66
300.229	18.12
300.326	10.09
300.423	10.17
300.52	13.04
300.618	-2.2
300.715	0.1
300.812	-4.25
300.909	0.01
301.006	-1.13
301.104	1
301.201	-2.36
301.298	3.54
301.395	-11.37
301.492	-8.51
301.59	-12.52
301.687	-10.23
301.784	1.24
301.881	6.4
301.978	4.36
302.075	-2.12
302.173	3.37
302.27	-4.98
302.367	-1.22
302.464	1.82
302.561	11.4
302.658	4.11
302.755	-3.1
302.852	-0.97
302.949	0.26
303.046	6.65
303.143	15.66
303.24	26.64
303.338	25.33
303.435	20.9
303.532	23.2
303.629	25
303.726	19.18
303.823	16.32
303.92	24.34
304.017	24.43
304.114	5.99
304.211	16.4
304.308	13.45
304.405	17.87
304.502	13.69
304.599	26.47
304.695	11.48
304.792	18.69
304.889	11.32
304.986	13.61
305.083	5.34
305.18	3.78
305.277	2.8
305.374	9.19
305.471	9.76
305.568	24.92
305.665	28.77
305.761	24.1
305.858	21.15
305.955	15.5
306.052	8.86
306.149	4.52
306.246	1.41
306.343	-10.55
306.439	0.42
306.536	-2.85
306.633	11.32
306.73	19.35
306.827	20.25
306.923	19.1
307.02	11.81
307.117	5.17
307.214	3.78
307.31	12.63
307.407	-0.56
307.504	10.99
307.601	10.34
307.697	16.23
307.794	12.3
307.891	23.61
307.988	19.02
308.084	17.3
308.181	2.8
308.278	-0.89
308.374	-7.11
308.471	-11.29
308.568	-8.92
308.664	-3.1
308.761	-0.81
308.858	-2.85
308.954	13.94
309.051	13.78
309.147	23.85
309.244	28.03
309.341	17.87
309.437	5.99
309.534	1.32
309.63	-8.34
309.727	-10.14
309.824	2.23
309.92	6.98
310.017	5.67
310.113	6.57
310.21	6.32
310.306	3.37
310.403	0.18
310.499	5.34
310.596	13.28
310.693	16.64
310.789	25.41
310.886	22.21
310.982	22.38
311.078	14.1
311.175	18.28
311.271	17.71
311.368	27.37
311.464	29.01
311.561	43.51
311.657	38.19
311.754	30.57
311.85	26.64
311.947	30.49
312.043	23.28
312.139	17.79
312.236	23.03
312.332	21.56
312.429	14.68
312.525	6.57
312.621	14.51
312.718	21.23
312.814	13.12
312.91	18.61
313.007	18.69
313.103	25.16
313.199	25.74
313.296	23.61
313.392	15.33
313.488	16.07
313.585	-1.22
313.681	-14.57
313.777	-2.36
313.873	-3.75
313.97	-4.16
314.066	2.8
314.162	2.31
314.259	-4.9
314.355	4.52
314.451	14.76
314.547	3.37
314.643	5.5
314.74	8.45
314.836	0.34
314.932	-5.23
315.028	6.81
315.124	9.76
315.221	3.21
315.317	5.83
315.413	3.13
315.509	-0.64
315.605	-9.57
315.701	4.27
315.798	3.29
315.894	-0.97
315.99	1.41
316.086	-1.05
316.182	-9.98
316.278	-3.26
316.374	-4.98
316.47	-3.43
316.566	8.29
316.662	13.61
316.759	11.73
316.855	14.27
316.951	14.51
317.047	4.85
317.143	-10.96
317.239	-15.39
317.335	-10.72
317.431	-20.14
317.527	-14.49
317.623	3.7
317.719	11.65
317.815	14.19
317.911	26.8
318.007	22.54
318.103	7.47
318.199	3.04
318.295	1.73
318.391	-7.52
318.487	-8.59
318.582	5.83
318.678	2.23
318.774	9.19
318.87	8.12
318.966	15.82
319.062	6.81
319.158	7.55
319.254	-2.12
319.35	1.41
319.446	6.98
319.541	10.91
319.637	11.4
319.733	10.5
319.829	14.19
319.925	9.19
320.021	13.04
320.116	11.97
320.212	22.13
320.308	16.56
320.404	10.83
320.5	4.6
320.595	13.94
320.691	9.6
320.787	12.63
320.883	21.31
320.978	24.02
321.074	12.96
321.17	3.7
321.266	9.11
321.361	10.58
321.457	12.79
321.553	11.73
321.649	10.42
321.744	4.27
321.84	2.64
321.936	8.53
322.031	13.2
322.127	20.74
322.223	20.41
322.318	24.1
322.414	11.32
322.51	12.63
322.605	5.83
322.701	11.89
322.796	8.37
322.892	10.09
322.988	14.27
323.083	20.9
323.179	7.63
323.274	9.02
323.37	8.94
323.466	5.5
323.561	0.83
323.657	1.73
323.752	-7.2
323.848	-2.85
323.943	-5.31
324.039	-0.15
324.134	9.84
324.23	17.87
324.325	12.3
324.421	18.36
324.516	20.98
324.612	19.02
324.707	14.51
324.803	29.01
324.898	20.08
324.994	21.23
325.089	26.31
325.185	19.1
325.28	-2.2
325.375	-2.94
325.471	-16.29
325.566	-26.28
325.662	-22.6
325.757	-13.42
325.853	-12.6
325.948	0.42
326.043	13.86
326.139	19.67
326.234	18.94
326.329	15.33
326.425	4.36
326.52	-0.64
326.615	1.65
326.711	7.39
326.806	16.56
326.901	18.69
326.997	13.86
327.092	11.89
327.187	18.04
327.283	14.92
327.378	29.09
327.473	20.49
327.568	14.76
327.664	1.98
327.759	-10.39
327.854	-25.63
327.949	-9.24
328.045	-6.87
328.14	-6.46
328.235	13.78
328.33	17.87
328.425	5.67
328.521	14.02
328.616	12.47
328.711	-1.46
328.806	-7.36
328.901	-3.1
328.996	-4
329.092	3.86
329.187	7.8
329.282	15.17
329.377	18.28
329.472	16.23
329.567	13.61
329.662	13.53
329.757	19.02
329.853	14.6
329.948	-1.79
330.043	3.95
330.138	10.83
330.233	4.36
330.328	6.65
330.423	19.02
330.518	14.02
330.613	13.04
330.708	11.48
330.803	13.37
330.898	12.71
330.993	2.8
331.088	-3.67
331.183	-5.15
331.278	-3.35
331.373	-4.9
331.468	-1.05
331.563	4.85
331.658	15.09
331.753	16.48
331.848	17.3
331.943	23.03
332.038	29.5
332.133	20.17
332.227	19.59
332.322	30.08
332.417	36.96
332.512	27.37
332.607	17.3
332.702	17.87
332.797	9.19
332.892	3.78
332.987	1.98
333.081	7.8
333.176	4.76
333.271	-7.03
333.366	-16.62
333.461	-17.76
333.556	-5.07
333.65	-11.37
333.745	3.21
333.84	7.47
333.935	7.63
334.029	6.49
334.124	8.21
334.219	3.37
334.314	0.34
334.409	3.86
334.503	6.08
334.598	11.15
334.693	14.76
334.787	27.87
334.882	29.42
334.977	17.38
335.072	15.99
335.166	19.26
335.261	16.4
335.356	10.66
335.45	17.13
335.545	13.45
335.64	5.83
335.734	0.26
335.829	8.53
335.924	8.45
336.018	10.09
336.113	15.66
336.207	12.96
336.302	5.58
336.397	7.39
336.491	18.94
336.586	17.46
336.68	23.11
336.775	20.82
336.869	11.07
336.964	8.53
337.059	5.26
337.153	2.47
337.248	2.47
337.342	4.27
337.437	-0.97
337.531	1.32
337.626	3.29
337.72	10.5
337.815	21.07
337.909	18.36
338.004	24.59
338.098	23.36
338.193	22.87
338.287	24.43
338.381	28.93
338.476	18.36
338.57	12.79
338.665	14.51
338.759	7.63
338.854	10.66
338.948	9.02
339.042	10.99
339.137	5.5
339.231	5.26
339.326	1.41
339.42	10.66
339.514	19.43
339.609	20.74
339.703	11.48
339.797	8.62
339.892	9.68
339.986	7.3
340.08	11.97
340.175	24.84
340.269	25.24
340.363	20.25
340.457	18.69
340.552	18.69
340.646	15.09
340.74	10.25
340.835	2.72
340.929	-2.2
341.023	-4.33
341.117	-3.67
341.212	-9.33
341.306	-4.25
341.4	2.8
341.494	1.24
341.588	0.42
341.683	10.01
341.777	13.28
341.871	9.84
341.965	8.37
342.059	3.29
342.153	0.18
342.248	6.16
342.342	5.42
342.436	-3.59
342.53	-3.59
342.624	9.19
342.718	7.14
342.812	13.2
342.906	30.98
343.001	38.84
343.095	26.64
343.189	21.23
343.283	16.23
343.377	10.17
343.471	17.63
343.565	21.07
343.659	24.18
343.753	24.67
343.847	25.16
343.941	11.56
344.035	12.06
344.129	10.91
344.223	16.97
344.317	8.53
344.411	8.12
344.505	4.27
344.599	-4.16
344.693	-11.13
344.787	-8.59
344.881	-11.95
344.975	-2.85
345.069	16.73
345.163	22.79
345.257	25.74
345.351	32.21
345.444	28.85
345.538	7.22
345.632	9.35
345.726	11.4
345.82	7.14
345.914	9.52
346.008	28.44
346.102	22.21
346.195	24.43
346.289	23.93
346.383	22.21
346.477	9.43
346.571	5.34
346.665	2.14
346.758	4.03
346.852	3.86
346.946	1.24
347.04	9.68
347.133	10.01
347.227	14.6
347.321	12.79
347.415	22.54
347.509	13.45
347.602	10.01
347.696	3.62
347.79	-2.61
347.883	0.83
347.977	4.03
348.071	7.22
348.165	11.81
348.258	16.64
348.352	2.72
348.446	-4.82
348.539	-10.55
348.633	-0.56
348.727	-2.77
348.82	7.14
348.914	10.91
349.007	10.42
349.101	-2.69
349.195	-2.53
349.288	-7.69
349.382	-9.24
349.476	-1.38
349.569	0.75
349.663	0.51
349.756	-4.33
349.85	9.11
349.943	3.78
350.037	7.63
350.13	5.58
350.224	11.15
350.318	-0.72
350.411	-1.13
350.505	-9
350.598	-0.07
350.692	4.76
350.785	16.56
350.879	24.26
350.972	26.06
351.066	17.95
351.159	14.68
351.252	12.71
351.346	3.62
351.439	5.34
351.533	12.3
351.626	12.79
351.72	11.24
351.813	17.13
351.906	15.99
352	16.64
352.093	22.13
352.187	16.97
352.28	21.31
352.373	16.56
352.467	10.17
352.56	10.01
352.653	3.86
352.747	-6.29
352.84	-5.97
352.933	-0.4
353.027	-11.37
353.12	-15.31
353.213	-11.05
353.307	-2.69
353.4	-7.77
353.493	1.32
353.586	11.4
353.68	12.87
353.773	13.12
353.866	15.91
353.96	7.22
354.053	14.68
354.146	16.4
354.239	19.59
354.332	18.45
354.426	21.48
354.519	13.12
354.612	14.6
354.705	11.32
354.798	22.71
354.892	12.47
354.985	23.2
355.078	20.41
355.171	21.56
355.264	16.97
355.357	28.19
355.45	21.8
355.544	26.06
355.637	24.59
355.73	22.46
355.823	18.53
355.916	14.84
356.009	13.94
356.102	14.1
356.195	5.26
356.288	2.39
356.381	6.49
356.474	3.04
356.567	9.52
356.66	8.86
356.754	8.45
356.847	6.24
356.94	7.96
357.033	5.67
357.126	9.6
357.219	23.77
357.312	18.77
357.405	19.43
357.497	13.12
357.59	26.96
357.683	25.24
357.776	26.96
357.869	28.19
357.962	32.94
358.055	15.17
358.148	10.01
358.241	11.15
358.334	10.66
358.427	12.71
358.52	17.13
358.613	19.02
358.705	15.5
358.798	5.17
358.891	4.76
358.984	10.83
359.077	9.43
359.17	14.51
359.263	28.52
359.355	20.82
359.448	17.54
359.541	19.51
359.634	18.69
359.727	13.61
359.819	14.27
359.912	6.24
360.005	2.72
360.098	3.54
360.19	3.95
360.283	11.73
360.376	22.87
360.469	19.26
360.561	17.71
360.654	21.48
360.747	13.04
360.84	5.17
360.932	13.61
361.025	24.67
361.118	16.97
361.21	13.94
361.303	21.97
361.396	23.77
361.488	9.68
361.581	2.96
361.674	6.24
361.766	1.9
361.859	-3.67
361.951	5.17
362.044	20.66
362.137	23.85
362.229	16.48
362.322	16.64
362.414	13.78
362.507	2.31
362.6	5.83
362.692	12.38
362.785	18.69
362.877	21.23
362.97	22.21
363.062	24.34
363.155	27.95
363.247	21.97
363.34	15.09
363.432	12.87
363.525	11.32
363.617	9.93
363.71	15.41
363.802	12.14
363.895	19.84
363.987	8.29
364.08	-2.94
364.172	-8.1
364.265	-6.05
364.357	-15.22
364.449	-13.26
364.542	-1.54
364.634	-8.83
364.727	-0.4
364.819	8.86
364.911	15.09
365.004	12.47
365.096	15.91
365.188	14.43
365.281	12.87
365.373	10.58
365.466	1.65
365.558	5.34
365.65	14.1
365.742	15.99
365.835	8.78
365.927	7.3
366.019	10.42
366.112	-3.35
366.204	0.83
366.296	14.84
366.389	33.11
366.481	26.31
366.573	24.75
366.665	28.52
366.758	27.95
366.85	15.09
366.942	18.12
367.034	18.28
367.126	10.99
367.219	0.59
367.311	5.17
367.403	6.16
367.495	10.17
367.587	12.71
367.679	32.94
367.772	31.96
367.864	22.71
367.956	20.41
368.048	11.65
368.14	-13.83
368.232	-14.4
368.324	3.7
368.417	3.86
368.509	7.3
368.601	16.81
368.693	10.34
368.785	-1.95
368.877	-1.13
368.969	-9
369.061	-6.87
369.153	-0.4
369.245	1.65
369.337	-8.42
369.429	4.68
369.521	2.55
369.613	-0.31
369.705	2.31
369.797	18.61
369.889	18.77
369.981	15.99
370.073	15.66
370.165	22.05
370.257	7.96
370.349	6.49
370.441	8.21
370.533	13.2
370.625	1.9
370.717	10.09
370.809	-3.92
370.901	-3.02
370.993	-0.4
371.084	0.75
371.176	6.4
371.268	27.05
371.36	28.85
371.452	30.32
371.544	29.59
371.636	29.75
371.727	9.93
371.819	6.08
371.911	4.27
372.003	13.37
372.095	25.16
372.187	35.16
372.278	44.66
372.37	46.05
372.462	45.23
372.554	20.49
372.645	20.25
372.737	20
372.829	22.62
372.921	27.7
373.012	39.25
373.104	42.53
373.196	34.5
373.288	27.62
373.379	24.26
373.471	25.49
373.563	19.67
373.654	22.21
373.746	26.64
373.838	22.79
373.929	23.77
374.021	18.53
374.113	23.61
374.204	30.65
374.296	30
374.388	17.71
374.479	24.1
374.571	23.44
374.662	22.05
374.754	15.58
374.846	27.05
374.937	32.04
375.029	32.62
375.12	18.61
375.212	27.62
375.304	19.59
375.395	18.28
375.487	11.65
375.578	13.94
375.67	13.12
375.761	13.53
375.853	10.91
375.944	9.43
376.036	18.85
376.127	10.5
376.219	16.23
376.31	26.47
376.402	35.16
376.493	27.95
376.584	36.39
376.676	39.17
376.767	30.16
376.859	22.87
376.95	7.63
377.042	0.42
377.133	-2.69
377.224	3.86
377.316	4.19
377.407	25.74
377.499	24.59
377.59	29.34
377.681	24.92
377.773	28.44
377.864	28.36
377.955	30.65
378.047	28.03
378.138	21.23
378.229	15.58
378.321	10.58
378.412	18.2
378.503	13.53
378.595	15
378.686	18.53
378.777	25.9
378.868	22.62
378.96	25.57
379.051	31.55
379.142	37.2
379.233	33.11
379.325	39.25
379.416	44.58
379.507	41.22
379.598	36.8
379.689	21.23
379.781	14.51
379.872	2.72
379.963	2.47
380.054	-4.41
380.145	2.88
380.236	-4.74
380.328	7.47
380.419	13.04
380.51	16.48
380.601	24.26
380.692	27.62
380.783	23.69
380.874	12.87
380.965	12.38
381.056	0.67
381.148	5.09
381.239	11.4
381.33	14.35
381.421	12.63
381.512	21.48
381.603	24.02
381.694	9.11
381.785	9.93
381.876	19.02
381.967	23.69
382.058	20.58
382.149	21.15
382.24	16.07
382.331	14.76
382.422	15.66
382.513	13.2
382.604	16.89
382.695	9.02
382.786	-3.35
382.877	-15.55
382.968	-12.11
383.059	-3.92
383.149	11.65
383.24	21.39
383.331	30.98
383.422	30.65
383.513	24.92
383.604	27.7
383.695	21.64
383.786	10.66
383.877	1.24
383.967	2.88
384.058	2.47
384.149	3.45
384.24	15.25
384.331	25.82
384.421	14.19
384.512	17.13
384.603	22.46
384.694	13.2
384.785	11.97
384.875	21.64
384.966	17.3
385.057	11.32
385.148	12.3
385.238	6.57
385.329	-2.69
385.42	-10.8
385.511	4.76
385.601	8.12
385.692	5.75
385.783	9.11
385.873	12.96
385.964	5.17
386.055	7.22
386.146	15.25
386.236	7.14
386.327	14.6
386.417	10.42
386.508	8.86
386.599	0.91
386.689	9.43
386.78	0.91
386.871	9.84
386.961	8.53
387.052	20.25
387.142	20.41
387.233	24.84
387.324	13.37
387.414	3.86
387.505	-1.87
387.595	1.82
387.686	-5.97
387.776	-2.77
387.867	5.83
387.957	5.34
388.048	11.15
388.138	14.51
388.229	15.66
388.319	19.26
388.41	20.08
388.5	14.1
388.591	17.3
388.681	7.96
388.772	17.05
388.862	4.44
388.953	2.8
389.043	2.23
389.134	13.86
389.224	-4.66
389.314	0.34
389.405	1.49
389.495	-4.41
389.586	-13.83
389.676	-4.25
389.766	9.19
389.857	11.89
389.947	23.2
390.037	27.13
390.128	19.92
390.218	5.42
390.308	-0.97
390.399	-2.61
390.489	-7.28
390.579	5.58
390.67	10.91
390.76	16.07
390.85	17.63
390.94	26.72
391.031	16.4
391.121	27.78
391.211	22.38
391.301	21.31
391.392	20.49
391.482	30
391.572	27.05
391.662	29.83
391.753	26.39
391.843	33.76
391.933	34.5
392.023	37.45
392.113	38.6
392.204	44.17
392.294	43.1
392.384	44.17
392.474	29.75
392.564	25.74
392.654	15.58
392.744	3.37
392.835	-12.93
392.925	-11.37
393.015	-18.01
393.105	-10.31
393.195	0.75
393.285	7.06
393.375	10.5
393.465	24.1
393.555	24.75
393.645	21.56
393.735	23.28
393.825	27.37
393.915	26.8
394.005	21.56
394.095	21.89
394.185	22.62
394.275	18.85
394.365	19.84
394.455	18.36
394.545	16.4
394.635	13.94
394.725	15.5
394.815	14.02
394.905	27.62
394.995	29.59
395.085	37.94
395.175	27.05
395.265	22.54
395.355	0.51
395.445	0.59
395.535	-3.84
395.625	6.73
395.714	6.08
395.804	18.45
395.894	9.52
395.984	5.58
396.074	4.19
396.164	12.3
396.254	14.19
396.343	25.82
396.433	34.83
396.523	43.1
396.613	40.65
396.703	37.04
396.792	37.78
396.882	25.16
396.972	12.63
397.062	10.75
397.151	22.62
397.241	14.43
397.331	13.12
397.421	22.05
397.51	25.57
397.6	15.82
397.69	14.51
397.78	15.41
397.869	11.15
397.959	7.22
398.049	3.7
398.138	2.31
398.228	3.62
398.318	1.57
398.407	-3.18
398.497	-11.54
398.587	-4.66
398.676	3.29
398.766	3.29
398.856	9.68
398.945	17.63
399.035	23.69
399.124	14.68
399.214	14.84
399.303	9.35
399.393	16.4
399.483	4.36
399.572	11.73
399.662	7.47
399.751	3.21
399.841	-1.05
399.93	4.6
400.02	-2.44
400.109	8.04
400.199	27.21
400.288	26.23
400.378	17.71
400.467	21.31
400.557	13.2
400.646	16.4
400.736	11.97
400.825	16.81
400.915	15
401.004	18.85
401.094	10.58
401.183	22.3
401.272	18.69
401.362	26.47
401.451	40.15
401.541	43.51
401.63	39.66
401.719	45.15
401.809	45.64
401.898	30.49
401.987	15.99
402.077	9.11
402.166	5.26
402.255	4.85
402.345	4.6
402.434	8.29
402.523	20.33
402.613	31.88
402.702	22.71
402.791	21.89
402.881	24.84
402.97	25
403.059	10.58
403.148	25.41
403.238	36.22
403.327	32.13
403.416	18.04
403.505	24.1
403.594	16.56
403.684	5.83
403.773	24.51
403.862	18.45
403.951	20.25
404.04	12.96
404.13	16.81
404.219	-0.72
404.308	8.94
404.397	9.68
404.486	18.85
404.575	23.85
404.665	24.67
404.754	23.2
404.843	13.86
404.932	5.17
405.021	-2.36
405.11	1.82
405.199	1.98
405.288	6.4
405.377	14.19
405.466	12.06
405.555	17.38
405.644	17.05
405.733	14.1
405.823	11.24
405.912	19.43
406.001	10.5
406.09	16.48
406.179	28.6
406.268	21.72
406.357	9.19
406.446	13.61
406.534	12.22
406.623	2.72
406.712	19.67
406.801	30.98
406.89	22.3
406.979	21.39
407.068	27.62
407.157	19.1
407.246	18.28
407.335	17.46
407.424	15
407.513	11.56
407.602	9.68
407.69	-1.05
407.779	5.67
407.868	3.78
407.957	-0.4
408.046	5.17
408.135	25
408.223	26.56
408.312	22.62
408.401	30.98
408.49	28.36
408.579	14.35
408.668	13.69
408.756	19.76
408.845	14.76
408.934	12.71
409.023	19.92
409.111	20.98
409.2	29.75
409.289	30
409.378	18.69
409.466	9.11
409.555	5.99
409.644	-10.64
409.732	-8.83
409.821	7.55
409.91	18.94
409.998	25.16
410.087	29.67
410.176	30.57
410.264	22.79
410.353	13.78
410.442	7.8
410.53	15.09
410.619	9.68
410.708	10.99
410.796	5.09
410.885	-0.89
410.973	-5.31
411.062	5.67
411.151	11.56
411.239	21.97
411.328	29.34
411.416	34.26
411.505	24.18
411.593	23.11
411.682	19.67
411.77	20.25
411.859	27.62
411.947	30.9
412.036	29.75
412.124	27.13
412.213	27.62
412.301	9.93
412.39	10.25
412.478	8.7
412.567	16.23
412.655	6.24
412.744	26.31
412.832	20.17
412.92	21.15
413.009	24.1
413.097	31.14
413.186	23.44
413.274	31.39
413.363	33.44
413.451	21.64
413.539	18.12
413.628	12.87
413.716	14.51
413.804	14.02
413.893	26.23
413.981	31.72
414.069	22.38
414.158	20.9
414.246	15.82
414.334	16.32
414.423	11.56
414.511	16.73
414.599	23.52
414.687	22.38
414.776	22.87
414.864	32.94
414.952	41.3
415.04	35.16
415.129	36.3
415.217	30.98
415.305	20.08
415.393	14.68
415.482	11.56
415.57	8.45
415.658	7.88
415.746	10.34
415.834	5.26
415.922	13.28
416.011	22.54
416.099	19.92
416.187	19.59
416.275	31.8
416.363	25.82
416.451	17.05
416.539	7.39
416.628	7.63
416.716	9.76
416.804	7.47
416.892	17.13
416.98	30.82
417.068	37.04
417.156	33.03
417.244	32.04
417.332	26.72
417.42	33.93
417.508	29.67
417.596	29.18
417.684	34.34
417.772	41.38
417.86	32.54
417.948	27.7
418.036	29.01
418.124	29.83
418.212	26.56
418.3	21.97
418.388	27.87
418.476	31.72
418.564	29.5
418.652	24.84
418.74	31.96
418.828	33.6
418.916	34.91
419.004	37.86
419.091	45.07
419.179	40.89
419.267	37.53
419.355	33.52
419.443	29.91
419.531	28.11
419.619	37.45
419.706	37.45
419.794	34.17
419.882	31.96
419.97	29.18
420.058	26.23
420.146	28.11
420.233	34.42
420.321	37.12
420.409	36.55
420.497	24.1
420.584	27.46
420.672	30.41
420.76	31.06
420.848	40.56
420.935	43.68
421.023	42.78
421.111	49.41
421.199	54.98
421.286	50.15
421.374	61.13
421.462	63.58
421.549	52.85
421.637	53.1
421.725	50.8
421.812	47.28
421.9	43.51
421.988	41.38
422.075	35.73
422.163	35.4
422.25	40.73
422.338	36.88
422.426	33.35
422.513	33.35
422.601	44.99
422.688	35.48
422.776	47.36
422.864	54.82
422.951	59.9
423.039	61.86
423.126	63.01
423.214	53.67
423.301	53.42
423.389	50.8
423.476	35.73
423.564	33.35
423.651	43.02
423.739	38.93
423.826	40.48
423.914	48.1
424.001	57.03
424.089	52.61
424.176	68.66
424.264	57.19
424.351	54
424.438	51.62
424.526	55.14
424.613	48.59
424.701	60.22
424.788	64.16
424.876	61.13
424.963	59.16
425.05	56.46
425.138	57.68
425.225	49.74
425.312	58.18
425.4	59.65
425.487	66.04
425.574	75.71
425.662	80.7
425.749	87.5
425.836	84.88
425.924	77.51
426.011	81.6
426.098	92.09
426.185	86.52
426.273	96.27
426.36	96.68
426.447	86.27
426.534	87.42
426.622	89.8
426.709	90.86
426.796	89.55
426.883	88.49
426.971	93.56
427.058	99.22
427.145	96.1
427.232	108.56
427.319	113.63
427.406	103.8
427.494	108.31
427.581	116.75
427.668	119.45
427.755	118.39
427.842	127.32
427.929	130.18
428.016	120.52
428.104	119.62
428.191	135.67
428.278	140.83
428.365	137.96
428.452	147.39
428.539	159.67
428.626	155.99
428.713	152.38
428.8	145.91
428.887	152.63
428.974	149.76
429.061	161.39
429.148	169.01
429.235	179.58
429.322	179.66
429.409	173.11
429.496	161.56
429.583	152.38
429.67	155.82
429.757	157.46
429.844	177.2
429.931	186.46
430.018	200.06
430.105	208.99
430.192	213.99
430.279	214.07
430.366	217.92
430.453	226.6
430.539	233.32
430.626	242.41
430.713	244.62
430.8	255.85
430.887	263.79
430.974	259.86
431.061	269.69
431.147	267.81
431.234	270.76
431.321	268.79
431.408	279.19
431.495	277.8
431.582	298.12
431.668	298.69
431.755	302.79
431.842	312.53
431.929	326.3
432.015	316.38
432.102	333.91
432.189	350.63
432.276	352.67
432.362	354.31
432.449	368.32
432.536	368.81
432.623	380.69
432.709	396.17
432.796	411.41
432.883	426.65
432.969	432.22
433.056	427.79
433.143	439.75
433.229	445
433.316	444.18
433.403	461.3
433.489	470.72
433.576	481.37
433.662	495.13
433.749	521.34
433.836	532.08
433.922	548.21
434.009	548.87
434.095	552.06
434.182	546.66
434.268	550.43
434.355	566.97
434.442	578.61
434.528	604.57
434.615	611.29
434.701	637.59
434.788	644.14
434.874	662.98
434.961	661.26
435.047	677.32
435.134	678.96
435.22	700.83
435.307	703.86
435.393	731.96
435.48	753.58
435.566	771.28
435.652	794.05
435.739	834.85
435.825	840.17
435.912	865.32
435.998	878.59
436.084	881.54
436.171	880.48
436.257	896.78
436.344	913.82
436.43	941.18
436.516	951.34
436.603	957.56
436.689	978.12
436.775	991.89
436.862	1004.09
436.948	1022.44
437.034	1061.84
437.121	1085.36
437.207	1098.38
437.293	1114.85
437.38	1135.08
437.466	1147.86
437.552	1159.08
437.638	1198.24
437.725	1218.96
437.811	1262.38
437.897	1276.14
437.983	1314.81
438.07	1313.66
438.156	1348.31
438.242	1356.26
438.328	1395.91
438.414	1402.05
438.501	1445.14
438.587	1479.14
438.673	1502.9
438.759	1525.91
438.845	1566.22
438.931	1585.14
439.017	1598.58
439.104	1635.28
439.19	1668.45
439.276	1685.9
439.362	1718.67
439.448	1735.38
439.534	1761.84
439.62	1779.29
439.706	1819.18
439.792	1855.23
439.878	1890.29
439.964	1934.52
440.05	1982.2
440.137	2001.94
440.223	2036.02
440.309	2063.63
440.395	2103.77
440.481	2107.29
440.567	2151.94
440.653	2167.09
440.739	2209.53
440.825	2205.35
440.911	2258.19
440.996	2295.46
441.082	2345.84
441.168	2368.12
441.254	2445.53
441.34	2472.32
441.426	2507.14
441.512	2542.36
441.598	2611.83
441.684	2611.58
441.77	2642.3
441.856	2680.31
441.941	2701.28
442.027	2727.33
442.113	2760.43
442.199	2837.43
442.285	2836.86
442.371	2895.02
442.457	2897.56
442.542	2964.65
442.628	2968.59
442.714	3034.78
442.8	3064.35
442.886	3152.57
442.971	3193.45
443.057	3254.81
443.143	3322.23
443.229	3363.43
443.314	3415.78
443.4	3491.15
443.486	3552.17
443.572	3606.4
443.657	3671.78
443.743	3716.67
443.829	3756.81
443.914	3813.58
444	3875.43
444.086	3962.01
444.171	4039.75
444.257	4063.59
444.343	4146.09
444.428	4186.47
444.514	4223.42
444.6	4232.92
444.685	4299.19
444.771	4333.93
444.857	4402.33
444.942	4448.04
445.028	4538.31
445.113	4623.67
445.199	4674.3
445.285	4694.94
445.37	4782.43
445.456	4850.91
445.541	4882.86
445.627	4922.68
445.712	4984.11
445.798	5032.61
445.883	5106.34
445.969	5196.69
446.054	5317.77
446.14	5404.69
446.225	5455.97
446.311	5516.09
446.396	5590.23
446.482	5598.5
446.567	5647.98
446.653	5694.35
446.738	5778.48
446.823	5823.78
446.909	5928.15
446.994	6006.38
447.08	6100.83
447.165	6135.81
447.251	6246.15
447.336	6313.33
447.421	6350.03
447.507	6417.04
447.592	6489.13
447.677	6538.52
447.763	6576.53
447.848	6681.8
447.933	6750.2
448.019	6843.01
448.104	6864.31
448.189	6956.8
448.275	7041.34
448.36	7176.34
448.445	7171.51
448.53	7358.94
448.616	7413.17
448.701	7504.02
448.786	7553.33
448.872	7690.96
448.957	7695.54
449.042	7819.98
449.127	7845.45
449.212	7929.26
449.298	7949.16
449.383	7996.35
449.468	8031.49
449.553	8145.69
449.638	8145.44
449.724	8255.46
449.809	8342.95
449.894	8450.59
449.979	8492.69
450.064	8586.98
450.149	8661.77
450.234	8803.17
450.319	8847.81
450.405	8905.16
450.49	8971.1
450.575	9083.82
450.66	9090.13
450.745	9138.21
450.83	9205.31
450.915	9248.64
451	9214.64
451.085	9337.93
451.17	9375.94
451.255	9527
451.34	9602.12
451.425	9679.45
451.51	9700.83
451.595	9765.06
451.68	9784.8
451.765	9823.14
451.85	9967.4
451.935	10046.2
452.02	10075.77
452.105	10181.53
452.19	10251.82
452.275	10252.72
452.36	10154.25
452.445	10224.7
452.53	10300.64
452.615	10381.17
452.699	10462.02
452.784	10617.91
452.869	10745.3
452.954	10759.8
453.039	10796.17
453.124	10849.41
453.209	10943.62
453.293	10908.15
453.378	10957.63
453.463	10984.09
453.548	11087.06
453.633	11023.66
453.718	11184.87
453.802	11177.01
453.887	11372.96
453.972	11415.39
454.057	11536.96
454.141	11436.03
454.226	11582.18
454.311	11595.45
454.396	11580.54
454.48	11610.77
454.565	11811.63
454.65	11743.48
454.735	11695.8
454.819	11713.33
454.904	11761.58
454.989	11753.96
455.073	11759.04
455.158	11792.55
455.243	11790.5
455.327	11885.11
455.412	11810.57
455.497	11865.13
455.581	11828.92
455.666	11953.43
455.75	11825.15
455.835	11783.53
455.92	11873.24
456.004	11932.05
456.089	11827.69
456.173	11859.88
456.258	11922.3
456.343	11742.9
456.427	11791.89
456.512	11782.88
456.596	11803.03
456.681	11936.15
456.765	11965.8
456.85	11885.69
456.934	11906.49
457.019	11819.17
457.103	11768.05
457.188	11758.47
457.272	11713.66
457.357	11742.98
457.441	11816.3
457.526	11642.39
457.61	11761.58
457.694	11808.85
457.779	11746.92
457.863	11667.95
457.948	11731.52
458.032	11598.89
458.116	11506.57
458.201	11504.76
458.285	11474.78
458.37	11447.67
458.454	11480.03
458.538	11381.8
458.623	11460.12
458.707	11427.84
458.791	11347.24
458.876	11264.17
458.96	11409.17
459.044	11274.66
459.129	11235.01
459.213	11298.98
459.297	11290.79
459.381	11230.58
459.466	11060.77
459.55	11066.99
459.634	10971.72
459.718	10926.25
459.803	10781.18
459.887	10755.95
459.971	10702.78
460.055	10671.73
460.14	10618.49
460.224	10654.86
460.308	10668.62
460.392	10538.45
460.476	10557.05
460.56	10413.36
460.645	10346.19
460.729	10252.8
460.813	10233.96
460.897	10104.77
460.981	10050.95
461.065	9994.43
461.149	9906.61
461.233	9862.13
461.318	9822.89
461.402	9753.18
461.486	9561.57
461.57	9567.22
461.654	9528.8
461.738	9440.82
461.822	9469.25
461.906	9481.13
461.99	9402.48
462.074	9265.11
462.158	9175.41
462.242	9090.46
462.326	9048.02
462.41	8979.05
462.494	9003.46
462.578	8920.88
462.662	8800.3
462.746	8751.56
462.83	8701.34
462.914	8573.55
462.998	8568.14
463.082	8536.11
463.166	8507.93
463.25	8447.64
463.334	8397.75
463.417	8262.09
463.501	8260.21
463.585	8129.3
463.669	8098.42
463.753	8057.21
463.837	8025.84
463.921	7911.56
464.004	7936.06
464.088	7846.19
464.172	7829.48
464.256	7812.03
464.34	7748.38
464.424	7588.31
464.507	7585.12
464.591	7453.31
464.675	7396.38
464.759	7372.21
464.842	7326.25
464.926	7202.15
465.01	7166.51
465.094	7111.3
465.177	7018.32
465.261	7007.1
465.345	6919.53
465.429	6852.76
465.512	6746.02
465.596	6710.14
465.68	6646.98
465.763	6649.52
465.847	6610.37
465.931	6544.42
466.014	6459.14
466.098	6401.55
466.182	6309.97
466.265	6244.11
466.349	6189.06
466.433	6127.37
466.516	6085.84
466.6	6018.09
466.683	5984.92
466.767	5926.67
466.851	5900.13
466.934	5827.06
467.018	5813.79
467.101	5768.57
467.185	5731.62
467.268	5732.93
467.352	5653.72
467.435	5586.46
467.519	5529.86
467.602	5498.81
467.686	5443.27
467.769	5423.61
467.853	5410.34
467.936	5373.39
468.02	5321.21
468.103	5271.08
468.187	5217.34
468.27	5152.62
468.354	5154.91
468.437	5133.12
468.52	5060.95
468.604	5059.73
468.687	5049.89
468.771	4995.75
468.854	4984.52
468.937	4962.9
469.021	4917.02
469.104	4849.52
469.187	4806.76
469.271	4767.68
469.354	4767.36
469.437	4731.23
469.521	4721.24
469.604	4679.46
469.687	4636.37
469.771	4578.78
469.854	4557.56
469.937	4513
470.021	4476.79
470.104	4463.27
470.187	4433.29
470.27	4383.81
470.354	4364.73
470.437	4329.17
470.52	4304.52
470.603	4284.36
470.686	4259.95
470.77	4229.64
470.853	4204.74
470.936	4168.78
471.019	4150.1
471.102	4124.38
471.186	4093.82
471.269	4051.06
471.352	4015.92
471.435	3983.56
471.518	3931.79
471.601	3920.65
471.684	3922.77
471.768	3908.6
471.851	3868.71
471.934	3883.21
472.017	3860.84
472.1	3811.69
472.183	3774.75
472.266	3778.93
472.349	3723.71
472.432	3701.27
472.515	3703.23
472.598	3677.59
472.681	3645.15
472.764	3658.1
472.847	3622.3
472.93	3622.46
473.013	3616.4
473.096	3569.46
473.179	3539.89
473.262	3516.95
473.345	3472.47
473.428	3455.92
473.511	3451.33
473.594	3406.85
473.677	3366.79
473.76	3365.81
473.843	3336.24
473.926	3328.13
474.009	3345.58
474.091	3355
474.174	3324.03
474.257	3311.5
474.34	3283.97
474.423	3266.69
474.506	3261.36
474.589	3245.39
474.671	3239.98
474.754	3220.32
474.837	3213.85
474.92	3177.97
475.003	3167.81
475.085	3136.85
475.168	3135.95
475.251	3100.88
475.334	3101.21
475.417	3077.86
475.499	3055.5
475.582	3047.06
475.665	3036.91
475.748	3020.28
475.83	3001.11
475.913	3011.02
475.996	2977.84
476.078	2952.12
476.161	2934.92
476.244	2943.11
476.326	2918.12
476.409	2915.26
476.492	2924.43
476.574	2909.19
476.657	2892.81
476.74	2887.24
476.822	2887.32
476.905	2870.36
476.988	2855.87
477.07	2847.84
477.153	2828.83
477.235	2811.79
477.318	2791.23
477.4	2777.8
477.483	2770.18
477.566	2771.82
477.648	2760.43
477.731	2768.95
477.813	2773.7
477.896	2761.09
477.978	2755.84
478.061	2752.07
478.143	2734.3
478.226	2724.22
478.308	2735.53
478.391	2717.09
478.473	2706.85
478.556	2700.22
478.638	2708.9
478.72	2679.41
478.803	2683.75
478.885	2670.24
478.968	2659.75
479.05	2631
479.133	2628.95
479.215	2605.19
479.297	2610.68
479.38	2610.03
479.462	2603.23
479.544	2597.25
479.627	2606.83
479.709	2588.4
479.792	2583.4
479.874	2585.94
479.956	2562.68
480.039	2544.49
480.121	2537.04
480.203	2521.39
480.285	2523.85
480.368	2529.42
480.45	2526.22
480.532	2510.66
480.615	2489.28
480.697	2467.9
480.779	2438.98
480.861	2425.05
480.943	2417.93
481.026	2440.86
481.108	2444.06
481.19	2463.39
481.272	2467.57
481.354	2473.8
481.437	2465.69
481.519	2456.84
481.601	2443.65
481.683	2434.48
481.765	2417.52
481.847	2392.94
481.93	2396.55
482.012	2401.79
482.094	2407.36
482.176	2416.37
482.258	2418.01
482.34	2412.68
482.422	2397.78
482.504	2390.32
482.586	2378.11
482.668	2373.94
482.75	2360.01
482.833	2360.17
482.915	2344.86
482.997	2339.53
483.079	2349.2
483.161	2342.07
483.243	2330.85
483.325	2320.12
483.407	2319.05
483.489	2303.24
483.571	2298.33
483.653	2272.28
483.735	2265.97
483.816	2256.63
483.898	2234.51
483.98	2228.86
484.062	2230.66
484.144	2231.81
484.226	2224.52
484.308	2234.43
484.39	2223.78
484.472	2230.17
484.554	2232.63
484.636	2229.51
484.717	2210.75
484.799	2206.9
484.881	2186.83
484.963	2170.29
485.045	2160.78
485.127	2145.71
485.208	2123.51
485.29	2127.28
485.372	2117.86
485.454	2098.44
485.536	2099.35
485.617	2105.24
485.699	2091.24
485.781	2079.11
485.863	2070.18
485.944	2057.81
486.026	2042.99
486.108	2035.78
486.19	2023.57
486.271	2010.71
486.353	2007.35
486.435	2012.76
486.516	2003.5
486.598	2002.93
486.68	2002.44
486.761	1978.11
486.843	1945.58
486.925	1929.77
487.006	1908.47
487.088	1914.7
487.17	1925.27
487.251	1905.36
487.333	1898.97
487.414	1896.92
487.496	1883.57
487.578	1869.65
487.659	1869.4
487.741	1869.81
487.822	1860.55
487.904	1852.61
487.985	1845.23
488.067	1834.42
488.148	1826.97
488.23	1816.32
488.311	1797.88
488.393	1790.43
488.474	1789.69
488.556	1759.14
488.637	1746.11
488.719	1730.3
488.8	1719.16
488.882	1718.26
488.963	1717.6
489.045	1717.93
489.126	1716.21
489.207	1714.25
489.289	1702.61
489.37	1708.1
489.452	1689.18
489.533	1666.4
489.614	1648.06
489.696	1645.6
489.777	1628.48
489.859	1628.8
489.94	1628.97
490.021	1612.42
490.103	1598.33
490.184	1588.42
490.265	1577.6
490.347	1571.46
490.428	1567.28
490.509	1559.91
490.59	1544.1
490.672	1530.67
490.753	1523.78
490.834	1502.81
490.915	1489.79
490.997	1486.1
491.078	1488.31
491.159	1469.06
491.24	1465.87
491.322	1450.06
491.403	1446.21
491.484	1425.4
491.565	1420.32
491.646	1420.32
491.728	1412.54
491.809	1398.61
491.89	1387.55
491.971	1380.67
492.052	1376.33
492.133	1373.46
492.214	1357.49
492.296	1355.28
492.377	1340.7
492.458	1327.59
492.539	1305.88
492.62	1296.95
492.701	1284.25
492.782	1275.41
492.863	1257.14
492.944	1256.89
493.025	1247.96
493.106	1244.36
493.187	1243.29
493.268	1238.13
493.349	1225.44
493.43	1222.98
493.511	1209.54
493.592	1194.39
493.673	1184.56
493.754	1182.18
493.835	1173.17
493.916	1158.1
493.997	1161.21
494.078	1166.78
494.159	1150.48
494.24	1139.26
494.321	1157.28
494.402	1148.35
494.483	1118.7
494.564	1116.98
494.644	1111.98
494.725	1090.02
494.806	1083.39
494.887	1077.82
494.968	1075.52
495.049	1062.91
495.13	1061.19
495.21	1051.85
495.291	1047.92
495.372	1031.7
495.453	1022.44
495.534	1004.42
495.614	994.02
495.695	992.13
495.776	992.38
495.857	988.69
495.938	980.99
496.018	969.93
496.099	970.1
496.18	960.35
496.26	964.93
496.341	954.2
496.422	942.41
496.503	929.63
496.583	922.75
496.664	893.5
496.745	894.48
496.825	888.26
496.906	869.75
496.987	853.12
497.067	858.85
497.148	846.07
497.228	841.97
497.309	843.69
497.39	842.55
497.47	832.31
497.551	823.3
497.632	811.91
497.712	810.35
497.793	802.9
497.873	793.72
497.954	793.48
498.034	804.62
498.115	795.61
498.195	790.69
498.276	789.3
498.356	787.5
498.437	765.22
498.517	753.75
498.598	747.36
498.678	740.23
498.759	719.75
498.839	724.83
498.92	721.47
499	720.65
499.081	720.82
499.161	725.4
499.242	709.76
499.322	715.98
499.402	699.93
499.483	693.29
499.563	684.53
499.644	685.76
499.724	672.65
499.804	671.67
499.885	661.18
499.965	652.17
500.045	641.68
500.126	622.84
500.206	617.76
500.286	618.34
500.367	604.9
500.447	600.48
500.527	604.57
500.608	596.87
500.688	592.29
500.768	591.14
500.848	582.13
500.929	573.53
501.009	578.85
501.089	564.19
501.169	573.61
501.25	580.98
501.33	579.83
501.41	562.3
501.49	564.6
501.57	556.41
501.651	539.78
501.731	525.19
501.811	520.85
501.891	518.07
501.971	521.26
502.051	516.51
502.131	532.08
502.212	535.03
502.292	522.57
502.372	513.4
502.452	509.79
502.532	498.9
502.612	492.43
502.692	496.03
502.772	480.96
502.852	479.16
502.932	470.88
503.012	468.59
503.092	461.46
503.172	457.78
503.252	457.94
503.332	454.17
503.412	452.78
503.492	450.4
503.572	451.14
503.652	461.22
503.732	469.24
503.812	466.05
503.892	468.92
503.972	457.12
504.052	430.99
504.132	415.18
504.212	411.82
504.292	403.05
504.372	412.72
504.452	417.72
504.532	412.97
504.612	401.99
504.691	398.22
504.771	386.92
504.851	387.49
504.931	377.66
505.011	380.03
505.091	376.51
505.17	385.11
505.25	370.61
505.33	382.41
505.41	373.48
505.49	368.32
505.57	348.58
505.649	355.79
505.729	345.22
505.809	344.4
505.889	346.12
505.968	357.02
506.048	348.25
506.128	346.37
506.207	344.48
506.287	334.9
506.367	328.02
506.447	326.87
506.526	322.77
506.606	319.82
506.686	316.47
506.765	313.6
506.845	314.91
506.925	315.4
507.004	319.82
507.084	331.54
507.163	323.59
507.243	321.38
507.323	318.02
507.402	322.2
507.482	317.2
507.561	323.67
507.641	328.26
507.721	319.25
507.8	307.95
507.88	293.61
507.959	291.56
508.039	276.24
508.118	287.96
508.198	281.24
508.277	283.04
508.357	276.16
508.436	292.79
508.516	285.5
508.595	283.94
508.675	279.85
508.754	287.06
508.834	270.67
508.913	273.87
508.993	276.08
509.072	281.98
509.151	275.18
509.231	272.39
509.31	270.02
509.39	269.28
509.469	261.42
509.548	250.6
509.628	246.51
509.707	251.83
509.786	253.22
509.866	258.06
509.945	267.48
510.025	272.56
510.104	258.88
510.183	261.99
510.262	266.74
510.342	262.15
510.421	259.2
510.5	256.58
510.58	235.04
510.659	224.14
510.738	224.72
510.817	221.28
510.897	220.05
510.976	228.4
511.055	223.73
511.134	209.48
511.213	209.23
511.293	219.47
511.372	213.74
511.451	217.1
511.53	232.34
511.609	239.79
511.689	232.09
511.768	235.53
511.847	233.97
511.926	227.34
512.005	216.12
512.084	209.81
512.163	206.94
512.242	196.05
512.322	190.8
512.401	187.03
512.48	190.88
512.559	193.75
512.638	197.11
512.717	198.67
512.796	203.99
512.875	188.75
512.954	180.07
513.033	182.77
513.112	174.5
513.191	168.85
513.27	185.56
513.349	191.29
513.428	185.07
513.507	186.95
513.586	179.99
513.665	181.79
513.744	169.42
513.823	166.88
513.902	167.87
513.981	163.36
514.06	148.2
514.138	158.28
514.217	168.68
514.296	161.07
514.375	170.57
514.454	175.16
514.533	170.49
514.612	164.92
514.691	172.53
514.769	171.39
514.848	159.92
514.927	163.93
515.006	155
515.085	158.77
515.163	156.31
515.242	158.85
515.321	150.5
515.4	157.13
515.479	142.88
515.557	148.53
515.636	156.64
515.715	158.53
515.794	154.02
515.872	162.46
515.951	156.64
516.03	147.96
516.108	150.25
516.187	154.84
516.266	152.14
516.344	146.89
516.423	153.12
516.502	148.61
516.58	139.77
516.659	141.32
516.738	147.22
516.816	134.93
516.895	142.39
516.974	152.14
517.052	143.37
517.131	136.82
517.209	150.25
517.288	141.73
517.367	138.95
517.445	137.8
517.524	138.13
517.602	135.51
517.681	129.77
517.759	132.56
517.838	141.24
517.916	139.28
517.995	134.2
518.073	136
518.152	136.08
518.23	126.33
518.309	131.82
518.387	140.91
518.466	138.05
518.544	135.02
518.623	138.62
518.701	135.92
518.779	126.25
518.858	127.89
518.936	120.84
519.015	124.2
519.093	115.11
519.171	115.19
519.25	121.83
519.328	118.47
519.407	116.34
519.485	128.95
519.563	123.96
519.642	121.66
519.72	112.24
519.798	105.85
519.876	102.99
519.955	113.06
520.033	113.55
520.111	113.72
520.19	110.36
520.268	99.54
520.346	92.58
520.424	84.55
520.503	91.84
520.581	93.73
520.659	99.87
520.737	101.18
520.816	105.2
520.894	112.08
520.972	107.98
521.05	103.4
521.128	101.76
521.206	100.04
521.285	103.07
521.363	113.31
521.441	128.63
521.519	127.23
521.597	121.58
521.675	112.73
521.753	109.29
521.832	85.21
521.91	90.21
521.988	96.76
522.066	92.91
522.144	95.86
522.222	100.12
522.3	84.23
522.378	75.46
522.456	78.16
522.534	73.49
522.612	82.59
522.69	91.93
522.768	90.7
522.846	100.28
522.924	92.34
523.002	84.88
523.08	81.44
523.158	87.91
523.236	77.26
523.314	79.56
523.392	78.16
523.47	68.42
523.548	65.06
523.626	72.68
523.704	78.74
523.781	77.59
523.859	85.86
523.937	89.31
524.015	78.82
524.093	79.39
524.171	87.91
524.249	93.24
524.327	95.94
524.404	103.23
524.482	91.68
524.56	93.32
524.638	96.1
524.716	84.39
524.793	82.51
524.871	92.91
524.949	82.51
525.027	73.09
525.104	75.79
525.182	67.51
525.26	60.96
525.338	66.37
525.415	64.32
525.493	61.29
525.571	61.53
525.649	49.25
525.726	40.32
525.804	34.83
525.882	43.84
525.959	47.85
526.037	69.73
526.115	79.23
526.192	92.66
526.27	90.78
526.347	91.52
526.425	82.67
526.503	77.51
526.58	79.88
526.658	74.89
526.736	74.15
526.813	75.3
526.891	71.86
526.968	58.5
527.046	58.75
527.123	61.13
527.201	61.13
527.278	68.74
527.356	69.64
527.433	69.23
527.511	66.78
527.588	73.33
527.666	80.46
527.743	78.66
527.821	83.41
527.898	81.28
527.976	76.53
528.053	57.68
528.131	63.83
528.208	74.15
528.285	74.56
528.363	72.43
528.44	72.1
528.518	72.27
528.595	59.32
528.672	59.32
528.75	40.32
528.827	42.12
528.905	43.76
528.982	42.37
529.059	40.65
529.137	59
529.214	62.85
529.291	53.51
529.369	53.18
529.446	61.86
529.523	61.13
529.6	62.19
529.678	67.19
529.755	55.55
529.832	49.08
529.909	44.41
529.987	52.11
530.064	46.63
530.141	52.77
530.218	51.21
530.296	57.36
530.373	50.07
530.45	57.27
530.527	64.73
530.604	72.68
530.681	59.24
530.759	58.71
530.836	57
