198.396	10
198.5	14.4
198.604	13.77
198.708	10.66
198.812	10
198.916	6.89
199.02	0.5
199.125	-0.98
199.229	-8.19
199.333	-6.55
199.437	-6.55
199.541	-2.86
199.645	-1.8
199.749	-3.76
199.853	6.31
199.957	0.83
200.061	-11.13
200.165	-10.56
200.269	-8.92
200.373	-29.24
200.477	-18.75
200.581	3.61
200.685	12.7
200.789	32.2
200.893	39.16
200.996	30.15
201.1	16.72
201.204	6.4
201.308	-1.47
201.412	-0.73
201.516	5.17
201.62	1.81
201.724	-1.55
201.828	-3.84
201.932	0.33
202.035	-4.74
202.139	3.2
202.243	6.72
202.347	8.12
202.451	6.72
202.555	20.49
202.659	5.25
202.762	-3.02
202.866	-5.56
202.97	-0.16
203.074	-4.17
203.178	4.68
203.281	14.1
203.385	0.74
203.489	-4.25
203.593	-2.94
203.697	-1.55
203.8	-7.78
203.904	15.57
204.008	17.46
204.112	9.02
204.215	16.47
204.319	14.18
204.423	-1.22
204.527	-6.87
204.63	-4.66
204.734	-16.13
204.838	-4.74
204.941	-7.61
205.045	-14.17
205.149	-21.37
205.252	-27.03
205.356	-29.24
205.46	-19.82
205.563	-11.79
205.667	-4.33
205.771	12.95
205.874	7.95
205.978	12.87
206.082	19.42
206.185	23.44
206.289	13.93
206.392	14.92
206.496	13.77
206.6	-0.57
206.703	-6.46
206.807	-3.76
206.91	-2.2
207.014	-6.63
207.117	-1.96
207.221	-0.65
207.324	9.92
207.428	5.09
207.531	0.91
207.635	6.64
207.739	-0.89
207.842	-2.94
207.946	3.2
208.049	6.64
208.153	0.99
208.256	8.03
208.359	-0.16
208.463	4.76
208.566	17.29
208.67	20.4
208.773	15.16
208.877	20.98
208.98	3.37
209.084	-3.84
209.187	-14.66
209.29	-13.26
209.394	-17.03
209.497	4.18
209.601	-5.07
209.704	2.71
209.807	0.09
209.911	-5.81
210.014	-16.21
210.118	-10.56
210.221	-8.27
210.324	-7.37
210.428	-7.53
210.531	-14.82
210.634	-15.56
210.738	-29.98
210.841	-24.57
210.944	-33.42
211.048	-30.79
211.151	-24.57
211.254	-13.51
211.357	-21.7
211.461	-12.61
211.564	-3.19
211.667	-6.96
211.77	-6.22
211.874	-3.68
211.977	1.48
212.08	-4.58
212.183	-3.43
212.287	-7.37
212.39	-6.3
212.493	-11.79
212.596	-17.28
212.7	-27.76
212.803	-22.03
212.906	-20.8
213.009	-8.02
213.112	-1.47
213.215	-1.22
213.319	-7.2
213.422	-1.8
213.525	-13.1
213.628	-7.28
213.731	-5.24
213.834	1.24
213.937	-6.38
214.041	-6.71
214.144	-10.64
214.247	-6.55
214.35	-12.04
214.453	-1.39
214.556	3.12
214.659	1.65
214.762	-0.4
214.865	0.58
214.968	-6.38
215.071	-9.66
215.174	-10.64
215.277	-15.07
215.38	-10.31
215.483	-17.61
215.586	-19.9
215.689	-11.38
215.792	-11.71
215.895	-11.3
215.998	-3.68
216.101	-2.94
216.204	-5.07
216.307	5.58
216.41	6.4
216.513	12.62
216.616	4.27
216.719	9.18
216.822	0.99
216.925	0.99
217.028	-0.57
217.131	7.79
217.234	4.84
217.337	12.13
217.44	11.31
217.542	2.71
217.645	15.82
217.748	4.76
217.851	-5.48
217.954	-13.18
218.057	-7.37
218.16	-14.98
218.263	-11.3
218.365	-2.78
218.468	6.56
218.571	-3.11
218.674	-8.43
218.777	-6.38
218.879	-5.81
218.982	-3.27
219.085	6.97
219.188	6.07
219.291	-1.47
219.393	-7.12
219.496	-8.43
219.599	-12.77
219.702	-9.33
219.804	0.66
219.907	6.81
220.01	17.87
220.113	25.98
220.215	20.49
220.318	14.92
220.421	5.5
220.523	-4.91
220.626	-8.02
220.729	-8.68
220.831	-4.01
220.934	3.37
221.037	4.43
221.139	4.02
221.242	5.9
221.345	2.96
221.447	2.71
221.55	-7.78
221.653	-13.35
221.755	-10.89
221.858	-8.68
221.96	-9.25
222.063	-4.42
222.166	-2.12
222.268	-8.43
222.371	-15.07
222.473	-11.22
222.576	-6.87
222.679	-0.73
222.781	11.39
222.884	10.98
222.986	9.59
223.089	2.55
223.191	-7.37
223.294	-13.26
223.396	-14
223.499	-20.31
223.601	-14.41
223.704	-14.33
223.806	-10.07
223.909	-4.66
224.011	-2.37
224.114	4.35
224.216	10.33
224.319	12.79
224.421	8.77
224.523	12.95
224.626	1.89
224.728	0.74
224.831	0.09
224.933	2.38
225.036	-6.87
225.138	-8.1
225.24	-6.14
225.343	-11.22
225.445	-6.79
225.547	1.4
225.65	6.15
225.752	3.2
225.855	0.83
225.957	-5.89
226.059	-8.76
226.162	-6.96
226.264	0.5
226.366	12.13
226.469	16.39
226.571	7.79
226.673	-2.12
226.775	-18.83
226.878	-21.46
226.98	-24.16
227.082	-11.13
227.185	-7.69
227.287	0.17
227.389	-5.15
227.491	-14.74
227.594	-18.18
227.696	-6.55
227.798	-0.98
227.9	6.23
228.002	28.1
228.105	34.25
228.207	22.78
228.309	26.88
228.411	14.18
228.513	7.79
228.616	6.89
228.718	10.9
228.82	4.02
228.922	13.36
229.024	4.92
229.126	-0.48
229.228	-4.17
229.331	-6.87
229.433	-11.46
229.535	-7.2
229.637	6.97
229.739	8.36
229.841	11.97
229.943	8.12
230.045	21.96
230.147	9.59
230.249	11.48
230.352	8.12
230.454	10.57
230.556	-5.97
230.658	-9.09
230.76	-15.8
230.862	-16.87
230.964	-8.68
231.066	-3.76
231.168	-5.56
231.27	-0.65
231.372	7.71
231.474	11.8
231.576	12.95
231.678	15.57
231.78	17.78
231.882	14.1
231.984	-2.53
232.086	-12.12
232.187	-5.07
232.289	-10.15
232.391	-10.48
232.493	-8.02
232.595	-1.8
232.697	-7.28
232.799	-1.47
232.901	-3.76
233.003	-0.08
233.105	5.74
233.207	8.36
233.308	2.63
233.41	3.86
233.512	-3.19
233.614	-10.97
233.716	-14.33
233.818	-7.12
233.919	-6.79
234.021	-7.12
234.123	-6.55
234.225	-2.7
234.327	-5.65
234.428	-0.32
234.53	11.48
234.632	16.31
234.734	9.51
234.836	9.35
234.937	0.91
235.039	-7.86
235.141	-11.95
235.243	-8.51
235.344	-8.84
235.446	0.83
235.548	5.09
235.649	9.76
235.751	15.41
235.853	11.64
235.955	6.72
236.056	9.67
236.158	3.78
236.26	0.91
236.361	0.83
236.463	4.02
236.565	-1.39
236.666	-2.45
236.768	2.87
236.87	-1.88
236.971	-6.63
237.073	-9.09
237.174	-0.81
237.276	-14.74
237.378	-4.74
237.479	-4.42
237.581	-4.33
237.682	-9.5
237.784	-5.56
237.885	-13.84
237.987	-18.59
238.089	-14.9
238.19	-18.42
238.292	-17.11
238.393	-14.82
238.495	-5.07
238.596	-1.22
238.698	3.28
238.799	6.81
238.901	10.33
239.002	1.07
239.104	-0.89
239.205	-1.8
239.307	-10.23
239.408	-14.25
239.51	-12.94
239.611	-14.66
239.713	-21.37
239.814	-18.83
239.915	-12.85
240.017	-10.64
240.118	-21.95
240.22	-13.67
240.321	-24.49
240.422	-24.81
240.524	-25.88
240.625	-18.75
240.727	-18.83
240.828	-9.91
240.929	-2.29
241.031	-0.81
241.132	1.48
241.233	-1.96
241.335	0.58
241.436	-15.8
241.537	-15.8
241.639	-17.77
241.74	-25.14
241.841	-19.16
241.943	-17.11
242.044	-11.79
242.145	-8.19
242.246	0.66
242.348	-3.68
242.449	1.48
242.55	-1.88
242.652	-13.92
242.753	-8.59
242.854	-11.46
242.955	-14.33
243.056	-12.44
243.158	4.76
243.259	5.74
243.36	6.4
243.461	10.98
243.562	0.91
243.664	-0.48
243.765	-7.86
243.866	-4.83
243.967	-15.39
244.068	-14
244.169	-14.57
244.271	-11.95
244.372	-7.78
244.473	4.27
244.574	2.71
244.675	1.56
244.776	2.05
244.877	-2.45
244.978	-2.94
245.08	-3.35
245.181	-0.89
245.282	-5.81
245.383	-13.76
245.484	-15.72
245.585	-7.86
245.686	3.12
245.787	9.76
245.888	8.85
245.989	6.56
246.09	8.36
246.191	-9.5
246.292	-13.35
246.393	-5.24
246.494	-11.46
246.595	-17.61
246.696	-15.56
246.797	-15.56
246.898	-5.24
246.999	0.5
247.1	2.22
247.201	-4.33
247.302	-0.48
247.403	-10.07
247.504	-4.42
247.605	0.33
247.705	18.77
247.806	17.46
247.907	17.78
248.008	14.26
248.109	17.87
248.21	5.33
248.311	2.14
248.412	8.28
248.513	11.31
248.613	13.2
248.714	8.12
248.815	9.51
248.916	1.32
249.017	1.32
249.118	1.4
249.218	11.64
249.319	8.36
249.42	18.52
249.521	12.7
249.622	5.33
249.722	4.1
249.823	8.36
249.924	-2.45
250.025	-5.56
250.125	-0.32
250.226	-13.43
250.327	-16.7
250.428	-14.33
250.528	-4.99
250.629	-13.26
250.73	-1.06
250.83	7.95
250.931	14.26
251.032	10.08
251.133	12.05
251.233	6.56
251.334	-9.74
251.435	-18.51
251.535	-18.67
251.636	-10.07
251.736	-5.24
251.837	9.18
251.938	6.97
252.038	9.35
252.139	8.44
252.24	10.41
252.34	19.42
252.441	29.83
252.541	24.5
252.642	12.54
252.743	20.32
252.843	14.67
252.944	2.79
253.044	2.79
253.145	9.02
253.245	0.17
253.346	-2.86
253.446	2.22
253.547	6.07
253.647	-2.29
253.748	4.51
253.848	-4.99
253.949	-10.72
254.049	-8.59
254.15	-0.24
254.25	-4.58
254.351	7.38
254.451	18.03
254.552	17.37
254.652	17.62
254.753	2.71
254.853	-3.43
254.954	-10.4
255.054	-9.25
255.154	-11.63
255.255	-4.99
255.355	-0.32
255.456	-6.06
255.556	-1.47
255.656	-1.8
255.757	9.92
255.857	5.99
255.957	11.72
256.058	-0.98
256.158	-8.1
256.258	-2.7
256.359	-3.76
256.459	-3.68
256.559	-0.98
256.66	16.64
256.76	3.12
256.86	2.38
256.961	-1.06
257.061	7.22
257.161	-2.61
257.261	-4.83
257.362	-7.61
257.462	-4.83
257.562	-6.87
257.662	-4.99
257.763	6.23
257.863	15.82
257.963	27.04
258.063	27.37
258.164	23.35
258.264	10.98
258.364	7.79
258.464	5.33
258.564	2.55
258.665	-4.09
258.765	-13.26
258.865	-19.41
258.965	-27.85
259.065	-36.77
259.165	-40.38
259.265	-26.62
259.366	-26.86
259.466	-19.41
259.566	-6.87
259.666	3.04
259.766	2.55
259.866	3.69
259.966	0.91
260.066	-4.5
260.166	-2.2
260.266	-2.86
260.366	1.24
260.467	-7.28
260.567	-7.94
260.667	-14.41
260.767	-15.97
260.867	-23.91
260.967	-19.74
261.067	-0.89
261.167	-0.32
261.267	4.68
261.367	3.45
261.467	5.41
261.567	-6.06
261.667	1.97
261.767	1.4
261.867	-5.48
261.967	-7.37
262.066	-7.78
262.166	-7.94
262.266	-15.39
262.366	-4.42
262.466	3.94
262.566	-0.73
262.666	1.65
262.766	6.48
262.866	12.95
262.966	8.36
263.066	4.02
263.165	8.61
263.265	18.6
263.365	16.14
263.465	5.41
263.565	3.12
263.665	-6.87
263.764	-14.49
263.864	-19.82
263.964	-8.27
264.064	-3.68
264.164	0.01
264.263	-2.29
264.363	0.58
264.463	-1.47
264.563	-5.15
264.663	-8.43
264.762	-7.94
264.862	-6.63
264.962	-0.08
265.062	11.39
265.161	19.42
265.261	20.16
265.361	8.2
265.46	-15.23
265.56	-13.18
265.66	-17.44
265.76	-18.02
265.859	-12.77
265.959	6.31
266.059	-6.96
266.158	-10.72
266.258	-12.12
266.358	-2.86
266.457	-2.53
266.557	-3.6
266.657	2.22
266.756	-2.7
266.856	-5.56
266.955	-15.48
267.055	-7.2
267.155	-11.3
267.254	-11.46
267.354	-12.36
267.453	-9.82
267.553	-8.27
267.652	-6.63
267.752	-1.8
267.852	-7.04
267.951	-9.82
268.051	-9.25
268.15	-10.07
268.25	-3.84
268.349	6.72
268.449	12.54
268.548	10.57
268.648	9.59
268.747	-2.53
268.847	-9.17
268.946	-13.02
269.046	-9.99
269.145	-10.56
269.244	-2.7
269.344	3.78
269.443	5.5
269.543	-5.15
269.642	2.14
269.742	4.02
269.841	-6.79
269.94	-11.46
270.04	-13.18
270.139	-24.81
270.239	-29.98
270.338	-28.09
270.437	-18.1
270.537	-11.38
270.636	-4.25
270.735	4.18
270.835	10.41
270.934	1.97
271.033	-5.32
271.133	-7.86
271.232	-16.05
271.331	-23.83
271.431	-27.68
271.53	-24.57
271.629	-13.92
271.729	-3.02
271.828	7.54
271.927	21.88
272.026	27.94
272.126	9.02
272.225	0.66
272.324	4.35
272.423	-4.09
272.523	1.56
272.622	18.77
272.721	12.46
272.82	-4.66
272.919	-1.8
273.019	-9.58
273.118	-17.69
273.217	-2.12
273.316	14.67
273.415	12.21
273.514	12.46
273.614	13.36
273.713	8.77
273.812	-4.66
273.911	-3.27
274.01	-11.71
274.109	-15.48
274.208	-26.53
274.307	-24.4
274.407	-16.95
274.506	-9.82
274.605	-11.05
274.704	-4.33
274.803	-0.48
274.902	-2.37
275.001	2.96
275.1	3.2
275.199	2.79
275.298	7.46
275.397	2.96
275.496	6.07
275.595	6.31
275.694	2.05
275.793	-4.25
275.892	-4.33
275.991	-11.13
276.09	-12.53
276.189	-14.74
276.288	-16.62
276.387	-24.49
276.486	-29.07
276.585	-29.4
276.684	-23.42
276.783	-15.07
276.882	-1.55
276.981	4.27
277.08	14.67
277.178	15.82
277.277	7.05
277.376	10.08
277.475	9.59
277.574	1.97
277.673	-3.27
277.772	-4.83
277.871	-16.46
277.969	-12.12
278.068	-17.77
278.167	-12.61
278.266	-9.41
278.365	-10.97
278.464	-14.08
278.562	-5.73
278.661	-11.71
278.76	-3.76
278.859	8.36
278.958	2.79
279.056	-3.19
279.155	1.48
279.254	-2.7
279.353	-3.27
279.451	-8.1
279.55	1.48
279.649	2.79
279.748	-1.14
279.846	-3.52
279.945	-0.48
280.044	1.07
280.142	-5.73
280.241	-3.11
280.34	-6.79
280.438	-3.68
280.537	-2.53
280.636	1.32
280.734	1.4
280.833	5.9
280.932	12.87
281.03	11.72
281.129	17.62
281.228	17.95
281.326	13.11
281.425	6.56
281.523	-0.73
281.622	-11.54
281.721	-14.98
281.819	-16.79
281.918	-10.64
282.016	-9.5
282.115	-0.16
282.213	2.38
282.312	9.84
282.41	7.22
282.509	2.46
282.607	-1.88
282.706	-3.11
282.805	-7.69
282.903	-12.94
283.002	-5.15
283.1	-3.43
283.198	5.5
283.297	13.44
283.395	22.86
283.494	26.38
283.592	16.31
283.691	12.29
283.789	7.3
283.888	0.91
283.986	-9.17
284.085	3.45
284.183	0.99
284.281	-1.39
284.38	-5.81
284.478	5.41
284.576	1.81
284.675	-11.63
284.773	-6.63
284.872	5.82
284.97	-0.98
285.068	0.17
285.167	4.51
285.265	-1.96
285.363	-11.79
285.462	-6.22
285.56	-8.92
285.658	6.89
285.757	10.33
285.855	15.9
285.953	11.8
286.051	13.44
286.15	-0.57
286.248	-6.14
286.346	-17.77
286.444	-23.34
286.543	-22.68
286.641	-16.3
286.739	-5.32
286.837	4.68
286.936	10.33
287.034	10.66
287.132	13.03
287.23	15.98
287.328	17.7
287.427	13.2
287.525	12.54
287.623	18.19
287.721	16.88
287.819	11.97
287.917	14.42
288.016	23.03
288.114	5.25
288.212	-2.2
288.31	4.68
288.408	5.5
288.506	2.63
288.604	15.98
288.702	11.97
288.8	15.65
288.899	23.44
288.997	28.27
289.095	26.79
289.193	24.66
289.291	6.07
289.389	-6.14
289.487	-12.53
289.585	-12.77
289.683	-10.23
289.781	-5.73
289.879	-2.12
289.977	-8.43
290.075	-14.25
290.173	-18.51
290.271	-15.15
290.369	-12.69
290.467	-9.58
290.565	-0.4
290.663	-6.79
290.761	-6.3
290.859	-15.23
290.957	-11.05
291.055	-15.56
291.152	-7.78
291.25	-11.71
291.348	-10.31
291.446	-12.36
291.544	-25.22
291.642	-26.45
291.74	-21.54
291.838	-18.26
291.936	-23.91
292.033	-10.72
292.131	-3.11
292.229	2.55
292.327	3.45
292.425	8.03
292.523	3.61
292.62	7.95
292.718	-3.11
292.816	-4.33
292.914	-5.97
293.012	0.83
293.109	-18.83
293.207	-18.51
293.305	-21.37
293.403	-15.48
293.5	-27.93
293.598	-12.77
293.696	-13.59
293.794	-3.52
293.891	-3.93
293.989	0.66
294.087	-5.81
294.185	-2.86
294.282	-10.64
294.38	-15.48
294.478	-13.35
294.575	-9.09
294.673	-12.69
294.771	-14.41
294.868	-12.28
294.966	-14.57
295.064	-7.78
295.161	-3.19
295.259	-3.84
295.356	6.31
295.454	7.22
295.552	0.83
295.649	-4.91
295.747	4.35
295.844	-7.94
295.942	-2.53
296.04	-0.16
296.137	13.61
296.235	24.09
296.332	17.7
296.43	15.33
296.527	18.03
296.625	20.65
296.722	-0.89
296.82	10.74
296.917	7.22
297.015	-5.48
297.112	-9.09
297.21	-0.98
297.307	-2.7
297.405	-3.68
297.502	10.74
297.6	3.69
297.697	-0.08
297.795	1.89
297.892	-1.39
297.99	-6.06
298.087	-0.16
298.184	13.69
298.282	4.84
298.379	5.66
298.477	1.32
298.574	7.22
298.671	-13.92
298.769	-7.69
298.866	-0.57
298.964	2.79
299.061	-5.56
299.158	-4.42
299.256	-7.69
299.353	-19.98
299.45	-11.13
299.548	-9.25
299.645	3.53
299.742	7.63
299.839	15.16
299.937	13.11
300.034	16.96
300.131	-2.2
300.229	1.97
300.326	1.48
300.423	-1.3
300.52	-6.38
300.618	1.65
300.715	-6.06
300.812	2.14
300.909	-7.86
301.006	-9.25
301.104	1.89
301.201	7.79
301.298	10.74
301.395	15.65
301.492	9.18
301.59	6.07
301.687	2.46
301.784	-10.31
301.881	-7.04
301.978	4.18
302.075	-1.71
302.173	3.45
302.27	11.89
302.367	12.38
302.464	6.15
302.561	4.92
302.658	-2.12
302.755	8.77
302.852	6.07
302.949	2.79
303.046	2.96
303.143	6.31
303.24	-6.14
303.338	-13.67
303.435	-12.12
303.532	-3.6
303.629	-2.94
303.726	-1.06
303.823	0.01
303.92	-8.84
304.017	-17.11
304.114	-17.28
304.211	-19.49
304.308	-9.09
304.405	2.46
304.502	4.27
304.599	2.22
304.695	-2.78
304.792	-10.07
304.889	-10.15
304.986	-13.02
305.083	-5.56
305.18	3.12
305.277	6.56
305.374	3.53
305.471	16.31
305.568	1.15
305.665	-5.97
305.761	-6.96
305.858	-4.83
305.955	-18.26
306.052	-14.25
306.149	-11.38
306.246	-8.19
306.343	6.56
306.439	16.88
306.536	20.81
306.633	25.48
306.73	22.86
306.827	12.54
306.923	14.18
307.02	11.8
307.117	8.28
307.214	0.74
307.31	-6.79
307.407	-9.74
307.504	-9
307.601	-5.73
307.697	7.79
307.794	14.1
307.891	8.28
307.988	6.64
308.084	0.33
308.181	-5.32
308.278	-20.64
308.374	-12.61
308.471	-6.55
308.568	-9.58
308.664	-8.43
308.761	-2.37
308.858	-3.93
308.954	-6.96
309.051	8.28
309.147	12.46
309.244	27.45
309.341	8.44
309.437	8.36
309.534	-8.51
309.63	-18.18
309.727	-18.34
309.824	-3.11
309.92	1.81
310.017	10.41
310.113	15.65
310.21	7.3
310.306	17.05
310.403	7.46
310.499	-0.32
310.596	3.53
310.693	0.09
310.789	-10.81
310.886	-11.63
310.982	-6.55
311.078	-13.51
311.175	-13.02
311.271	-6.38
311.368	-3.02
311.464	-1.8
311.561	0.33
311.657	3.28
311.754	4.35
311.85	12.95
311.947	19.83
312.043	21.88
312.139	14.34
312.236	11.39
312.332	0.74
312.429	-0.98
312.525	3.69
312.621	0.42
312.718	0.5
312.814	5.99
312.91	-1.14
313.007	1.24
313.103	19.34
313.199	16.14
313.296	20.24
313.392	21.55
313.488	7.63
313.585	1.4
313.681	0.58
313.777	-1.3
313.873	-3.27
313.97	0.09
314.066	2.38
314.162	11.97
314.259	-2.29
314.355	-5.48
314.451	0.09
314.547	-2.94
314.643	-12.2
314.74	-7.61
314.836	1.24
314.932	-0.65
315.028	0.17
315.124	4.59
315.221	9.1
315.317	6.15
315.413	4.68
315.509	0.33
315.605	2.87
315.701	0.66
315.798	-0.08
315.894	-5.89
315.99	-1.88
316.086	-3.52
316.182	-6.46
316.278	-8.84
316.374	4.35
316.47	-1.47
316.566	-6.96
316.662	-7.53
316.759	1.48
316.855	-10.07
316.951	-5.24
317.047	-0.08
317.143	7.05
317.239	1.48
317.335	-1.06
317.431	1.48
317.527	-6.46
317.623	-6.63
317.719	-0.81
317.815	9.02
317.911	4.68
318.007	10.08
318.103	11.72
318.199	-4.5
318.295	-16.79
318.391	-13.02
318.487	-17.61
318.582	-12.85
318.678	3.69
318.774	8.94
318.87	10.16
318.966	13.2
319.062	3.69
319.158	-2.86
319.254	5.41
319.35	-1.55
319.446	10.16
319.541	17.54
319.637	14.34
319.733	6.64
319.829	4.1
319.925	-10.81
320.021	-19.08
320.116	-18.75
320.212	-15.48
320.308	-8.59
320.404	-7.94
320.5	-5.73
320.595	7.13
320.691	9.84
320.787	17.87
320.883	20.24
320.978	19.91
321.074	18.11
321.17	21.14
321.266	12.21
321.361	20.9
321.457	26.71
321.553	20.08
321.649	-1.55
321.744	-7.61
321.84	-26.45
321.936	-28.01
322.031	-30.47
322.127	-23.18
322.223	-6.96
322.318	-1.14
322.414	-7.37
322.51	3.04
322.605	16.55
322.701	2.63
322.796	4.92
322.892	8.36
322.988	0.91
323.083	2.38
323.179	13.03
323.274	19.83
323.37	25.73
323.466	19.26
323.561	17.05
323.657	8.36
323.752	-0.24
323.848	-2.53
323.943	5.09
324.039	9.67
324.134	13.36
324.23	20.81
324.325	19.18
324.421	16.96
324.516	13.69
324.612	12.7
324.707	8.28
324.803	7.3
324.898	0.09
324.994	-9
325.089	-5.07
325.185	1.81
325.28	4.43
325.375	8.85
325.471	11.89
325.566	13.61
325.662	7.95
325.757	4.92
325.853	5.41
325.948	1.07
326.043	-7.53
326.139	-13.84
326.234	-5.65
326.329	-5.65
326.425	0.42
326.52	9.26
326.615	13.44
326.711	-1.3
326.806	1.73
326.901	-0.32
326.997	-4.25
327.092	-6.71
327.187	0.99
327.283	-1.8
327.378	6.89
327.473	3.78
327.568	8.94
327.664	8.61
327.759	5.74
327.854	-14.66
327.949	-8.27
328.045	-2.78
328.14	-2.29
328.235	2.87
328.33	13.77
328.425	7.46
328.521	5.99
328.616	-0.08
328.711	-3.02
328.806	-3.35
328.901	-11.63
328.996	-17.93
329.092	-15.89
329.187	-8.59
329.282	-5.15
329.377	-0.48
329.472	-5.97
329.567	-4.42
329.662	-11.63
329.757	-11.46
329.853	-4.25
329.948	17.13
330.043	18.19
330.138	23.76
330.233	20.81
330.328	21.47
330.423	7.63
330.518	2.3
330.613	1.97
330.708	0.66
330.803	-8.02
330.898	-14.17
330.993	-4.09
331.088	-6.3
331.183	-3.19
331.278	6.97
331.373	7.3
331.468	6.64
331.563	6.23
331.658	6.72
331.753	3.37
331.848	8.2
331.943	-4.33
332.038	9.18
332.133	6.56
332.227	9.76
332.322	18.11
332.417	27.61
332.512	9.67
332.607	26.96
332.702	28.68
332.797	20.16
332.892	15.08
332.987	24.75
333.081	2.38
333.176	-8.68
333.271	-0.98
333.366	-3.35
333.461	-13.26
333.556	2.05
333.65	14.18
333.745	10.25
333.84	17.87
333.935	24.25
334.029	14.18
334.124	4.59
334.219	-4.58
334.314	-11.13
334.409	-14.66
334.503	-17.85
334.598	-24.16
334.693	-15.07
334.787	-7.37
334.882	-5.32
334.977	2.87
335.072	7.71
335.166	9.51
335.261	6.07
335.356	0.58
335.45	0.74
335.545	5.58
335.64	2.3
335.734	5.82
335.829	10.41
335.924	5.74
336.018	-0.16
336.113	-4.25
336.207	-6.55
336.302	-6.22
336.397	-12.69
336.491	-6.87
336.586	1.56
336.68	0.42
336.775	6.23
336.869	18.6
336.964	14.75
337.059	14.42
337.153	13.36
337.248	12.05
337.342	-1.39
337.437	0.25
337.531	2.14
337.626	9.51
337.72	5.09
337.815	6.31
337.909	16.64
338.004	22.45
338.098	18.6
338.193	19.01
338.287	20.9
338.381	17.13
338.476	2.38
338.57	1.73
338.665	6.07
338.759	19.01
338.854	12.21
338.948	13.36
339.042	7.71
339.137	7.71
339.231	6.07
339.326	17.05
339.42	24.34
339.514	31.14
339.609	19.75
339.703	8.53
339.797	-2.61
339.892	-14.33
339.986	-15.72
340.08	-7.12
340.175	7.54
340.269	13.2
340.363	15.16
340.457	10.49
340.552	4.84
340.646	-6.63
340.74	-8.1
340.835	3.12
340.929	11.72
341.023	19.83
341.117	18.68
341.212	20.08
341.306	9.51
341.4	2.55
341.494	-3.76
341.588	-3.52
341.683	1.24
341.777	0.09
341.871	-5.32
341.965	-13.35
342.059	-10.97
342.153	-22.77
342.248	-13.1
342.342	-2.12
342.436	7.22
342.53	6.97
342.624	3.2
342.718	-0.48
342.812	-0.98
342.906	-0.81
343.001	-0.32
343.095	4.35
343.189	3.37
343.283	-5.4
343.377	0.17
343.471	0.66
343.565	0.5
343.659	1.4
343.753	12.46
343.847	-0.73
343.941	10
344.035	10.41
344.129	11.07
344.223	1.81
344.317	11.07
344.411	-3.52
344.505	2.79
344.599	2.63
344.693	-0.08
344.787	-10.48
344.881	-16.05
344.975	-23.01
345.069	-26.62
345.163	-17.03
345.257	-11.54
345.351	0.58
345.444	9.84
345.538	15
345.632	13.85
345.726	18.85
345.82	10.57
345.914	-3.02
346.008	-12.28
346.102	-11.79
346.195	-16.87
346.289	-9.66
346.383	11.97
346.477	16.39
346.571	15.74
346.665	14.42
346.758	11.15
346.852	-1.22
346.946	-1.39
347.04	-3.6
347.133	-2.61
347.227	-3.68
347.321	-4.33
347.415	-10.48
347.509	-15.97
347.602	-16.7
347.696	-16.7
347.79	-12.44
347.883	-0.65
347.977	1.97
348.071	9.59
348.165	14.83
348.258	2.22
348.352	-0.24
348.446	1.32
348.539	1.56
348.633	-3.6
348.727	9.84
348.82	3.04
348.914	5.41
349.007	-2.04
349.101	0.91
349.195	-11.38
349.288	0.25
349.382	-4.09
349.476	-0.32
349.569	-0.16
349.663	12.79
349.756	6.4
349.85	4.18
349.943	7.3
350.037	5.17
350.13	1.32
350.224	-1.55
350.318	-0.08
350.411	-1.22
350.505	1.15
350.598	-4.91
350.692	-9.09
350.785	-12.44
350.879	-11.71
350.972	-12.77
351.066	-14.17
351.159	-10.23
351.252	5.5
351.346	3.94
351.439	4.35
351.533	10.49
351.626	6.4
351.72	-8.27
351.813	-9.58
351.906	-9.74
352	-11.46
352.093	-3.52
352.187	0.42
352.28	-0.57
352.373	-3.84
352.467	1.73
352.56	12.7
352.653	12.79
352.747	23.11
352.84	32.94
352.933	28.19
353.027	8.85
353.12	10
353.213	5.9
353.307	4.51
353.4	15.65
353.493	24.5
353.586	35.48
353.68	30.15
353.773	24.34
353.866	9.84
353.96	11.72
354.053	10.74
354.146	18.19
354.239	23.52
354.332	29.5
354.426	21.22
354.519	7.13
354.612	3.28
354.705	1.89
354.798	-12.94
354.892	-2.7
354.985	-1.22
355.078	-5.65
355.171	-6.87
355.264	4.1
355.357	-1.06
355.45	3.61
355.544	5.33
355.637	6.07
355.73	5.17
355.823	0.25
355.916	-1.3
356.009	4.84
356.102	1.97
356.195	13.93
356.288	19.01
356.381	17.78
356.474	9.84
356.567	10.49
356.66	-9.33
356.754	-10.97
356.847	-8.1
356.94	-0.65
357.033	-7.61
357.126	-0.16
357.219	3.04
357.312	-2.12
357.405	-6.87
357.497	-6.63
357.59	-3.52
357.683	-11.79
357.776	-3.11
357.869	6.4
357.962	9.43
358.055	8.85
358.148	11.89
358.241	10.33
358.334	2.63
358.427	12.46
358.52	6.23
358.613	5.17
358.705	4.27
358.798	1.97
358.891	-2.12
358.984	6.56
359.077	9.43
359.17	8.28
359.263	18.93
359.355	17.62
359.448	14.75
359.541	15.65
359.634	14.1
359.727	-3.27
359.819	-1.14
359.912	-2.78
360.005	-1.8
360.098	-8.92
360.19	7.3
360.283	12.13
360.376	15.16
360.469	11.89
360.561	31.87
360.654	27.04
360.747	23.44
360.84	20.16
360.932	20.49
361.025	9.76
361.118	7.95
361.21	-6.22
361.303	1.73
361.396	8.94
361.488	6.64
361.581	3.2
361.674	15.57
361.766	4.59
361.859	0.09
361.951	5.9
362.044	-0.57
362.137	-7.94
362.229	-11.79
362.322	-12.61
362.414	-16.3
362.507	-12.61
362.6	-0.32
362.692	3.28
362.785	2.96
362.877	-3.19
362.97	-5.89
363.062	-14.9
363.155	-25.63
363.247	-23.83
363.34	-20.31
363.432	-10.64
363.525	-4.66
363.617	13.69
363.71	10.66
363.802	3.37
363.895	0.42
363.987	-0.89
364.08	-4.83
364.172	-10.48
364.265	6.81
364.357	1.56
364.449	-2.78
364.542	-8.1
364.634	4.68
364.727	2.55
364.819	8.69
364.911	12.54
365.004	14.67
365.096	10.25
365.188	5.25
365.281	11.72
365.373	20
365.466	22.45
365.558	19.75
365.65	15.57
365.742	-0.16
365.835	-8.92
365.927	-9.33
366.019	-5.4
366.112	-2.53
366.204	-1.88
366.296	3.37
366.389	10.98
366.481	13.69
366.573	17.13
366.665	22.12
366.758	10.9
366.85	10.57
366.942	8.36
367.034	9.84
367.126	8.61
367.219	10.16
367.311	0.42
367.403	-6.06
367.495	-16.7
367.587	-16.21
367.679	-8.76
367.772	-8.51
367.864	-5.24
367.956	3.61
368.048	6.56
368.14	8.2
368.232	13.52
368.324	7.54
368.417	2.63
368.509	-1.47
368.601	-4.91
368.693	-9.66
368.785	-5.24
368.877	-0.16
368.969	9.67
369.061	0.5
369.153	3.37
369.245	8.36
369.337	2.71
369.429	-0.24
369.521	14.01
369.613	19.59
369.705	11.15
369.797	13.2
369.889	15.16
369.981	5.99
370.073	6.72
370.165	3.61
370.257	6.89
370.349	-1.47
370.441	-7.78
370.533	-9.91
370.625	-3.27
370.717	-6.38
370.809	1.89
370.901	7.63
370.993	5.58
371.084	7.38
371.176	6.89
371.268	-2.78
371.36	2.14
371.452	-0.81
371.544	-7.04
371.636	-4.25
371.727	-1.47
371.819	-9.74
371.911	-11.3
372.003	-1.14
372.095	0.09
372.187	9.1
372.278	19.59
372.37	27.61
372.462	25.48
372.554	22.78
372.645	18.19
372.737	3.53
372.829	2.22
372.921	-2.7
373.012	-6.38
373.104	3.28
373.196	19.42
373.288	13.52
373.379	17.78
373.471	18.11
373.563	-2.86
373.654	-4.17
373.746	-6.38
373.838	-9.99
373.929	-12.61
374.021	-4.17
374.113	-9.74
374.204	0.91
374.296	-2.12
374.388	15.98
374.479	17.21
374.571	14.01
374.662	6.81
374.754	8.28
374.846	3.37
374.937	-7.45
375.029	-3.11
375.12	-1.96
375.212	-1.8
375.304	-8.68
375.395	6.64
375.487	9.35
375.578	11.8
375.67	22.37
375.761	26.38
375.853	18.6
375.944	11.97
376.036	11.64
376.127	5.58
376.219	-3.93
376.31	-7.37
376.402	-0.24
376.493	-1.22
376.584	0.25
376.676	5.33
376.767	5.82
376.859	-0.4
376.95	1.4
377.042	-2.53
377.133	0.5
377.224	3.61
377.316	-2.04
377.407	-12.53
377.499	-4.74
377.59	-8.27
377.681	-1.63
377.773	7.13
377.864	17.62
377.955	12.29
378.047	9.92
378.138	4.84
378.229	5.5
378.321	-4.42
378.412	-2.29
378.503	-1.06
378.595	-2.45
378.686	0.99
378.777	6.64
378.868	15.9
378.96	14.18
379.051	13.28
379.142	8.2
379.233	-3.43
379.325	-9.91
379.416	-8.51
379.507	-10.23
379.598	-3.76
379.689	8.77
379.781	4.51
379.872	2.05
379.963	10.08
380.054	5.82
380.145	4.1
380.236	0.91
380.328	-1.8
380.419	-3.43
380.51	-1.8
380.601	-7.94
380.692	2.22
380.783	6.97
380.874	3.2
380.965	-1.63
381.056	16.8
381.148	12.29
381.239	6.15
381.33	6.97
381.421	3.45
381.512	5.66
381.603	-0.24
381.694	8.44
381.785	7.05
381.876	-2.04
381.967	-8.92
382.058	-4.91
382.149	3.94
382.24	8.36
382.331	21.31
382.422	17.21
382.513	18.6
382.604	14.26
382.695	12.05
382.786	13.2
382.877	10.41
382.968	1.56
383.059	-2.7
383.149	-7.45
383.24	-5.32
383.331	-2.78
383.422	3.28
383.513	5.82
383.604	5.9
383.695	1.81
383.786	3.94
383.877	-4.5
383.967	-12.12
384.058	-10.07
384.149	-9.91
384.24	-15.31
384.331	-8.59
384.421	2.79
384.512	5.58
384.603	3.28
384.694	0.33
384.785	8.61
384.875	6.4
384.966	7.3
385.057	8.61
385.148	16.55
385.238	3.78
385.329	0.83
385.42	3.2
385.511	9.02
385.601	2.46
385.692	1.73
385.783	-4.33
385.873	-8.76
385.964	-10.81
386.055	-7.61
386.146	-10.72
386.236	-5.07
386.327	-0.16
386.417	-4.25
386.508	-6.3
386.599	7.63
386.689	13.61
386.78	15.16
386.871	15.24
386.961	11.56
387.052	7.87
387.142	4.84
387.233	4.92
387.324	-1.39
387.414	-0.57
387.505	-0.81
387.595	-3.6
387.686	-13.59
387.776	-8.02
387.867	-1.3
387.957	-3.68
388.048	-8.27
388.138	5.17
388.229	11.39
388.319	20
388.41	16.88
388.5	21.8
388.591	4.76
388.681	6.89
388.772	-8.59
388.862	15.74
388.953	13.77
389.043	22.78
389.134	14.83
389.224	16.8
389.314	0.25
389.405	9.92
389.495	18.44
389.586	29.09
389.676	34
389.766	36.21
389.857	24.91
389.947	11.48
390.037	9.1
390.128	10.41
390.218	9.43
390.308	10.74
390.399	24.5
390.489	18.36
390.579	13.77
390.67	4.59
390.76	2.79
390.85	-7.28
390.94	-1.88
391.031	3.2
391.121	9.67
391.211	8.12
391.301	13.44
391.392	8.03
391.482	-0.32
391.572	-6.63
391.662	1.07
391.753	-4.25
391.843	-3.19
391.933	10.16
392.023	21.31
392.113	16.88
392.204	20.49
392.294	26.14
392.384	17.87
392.474	11.89
392.564	19.91
392.654	8.36
392.744	3.28
392.835	0.83
392.925	3.94
393.015	0.01
393.105	12.54
393.195	8.03
393.285	13.61
393.375	12.7
393.465	12.29
393.555	8.61
393.645	8.77
393.735	13.11
393.825	15.33
393.915	10.33
394.005	11.23
394.095	15.41
394.185	7.13
394.275	4.27
394.365	-2.94
394.455	-3.68
394.545	-5.65
394.635	-5.81
394.725	-4.17
394.815	14.01
394.905	16.96
394.995	12.29
395.085	15.74
395.175	10.98
395.265	-4.66
395.355	0.5
395.445	11.15
395.535	7.05
395.625	20.24
395.714	32.28
395.804	32.12
395.894	31.63
395.984	39.66
396.074	25.16
396.164	15.74
396.254	1.56
396.343	6.89
396.433	2.63
396.523	1.81
396.613	-2.2
396.703	6.15
396.792	-11.54
396.882	-16.95
396.972	-10.31
397.062	1.65
397.151	-0.4
397.241	0.17
397.331	5.17
397.421	-0.48
397.51	-7.94
397.6	-7.94
397.69	1.89
397.78	-10.72
397.869	2.79
397.959	9.1
398.049	9.1
398.138	5.25
398.228	19.67
398.318	16.72
398.407	5.9
398.497	7.38
398.587	12.87
398.676	5.99
398.766	-2.45
398.856	4.02
398.945	4.92
399.035	-4.91
399.124	-1.8
399.214	-3.93
399.303	-1.63
399.393	4.59
399.483	13.03
399.572	21.8
399.662	27.29
399.751	32.86
399.841	26.55
399.93	29.01
400.02	23.93
400.109	19.91
400.199	13.36
400.288	10.98
400.378	6.81
400.467	5.58
400.557	11.31
400.646	19.67
400.736	21.96
400.825	28.02
400.915	31.71
401.004	22.78
401.094	10.16
401.183	7.38
401.272	1.89
401.362	-7.69
401.451	-8.43
401.541	0.33
401.63	-4.25
401.719	-6.06
401.809	9.35
401.898	25.73
401.987	31.63
402.077	35.89
402.166	37.61
402.255	26.79
402.345	13.77
402.434	15.49
402.523	13.36
402.613	17.7
402.702	22.12
402.791	24.83
402.881	16.55
402.97	18.68
403.059	2.71
403.148	3.45
403.238	1.56
403.327	-3.43
403.416	8.28
403.505	31.22
403.594	25.32
403.684	24.09
403.773	36.71
403.862	26.3
403.951	17.21
404.04	20.4
404.13	23.6
404.219	-2.37
404.308	-2.37
404.397	-0.73
404.486	-5.97
404.575	-8.43
404.665	14.83
404.754	10.98
404.843	-6.38
404.932	1.89
405.021	5.25
405.11	-0.65
405.199	4.35
405.288	15.74
405.377	7.95
405.466	11.31
405.555	9.59
405.644	8.28
405.733	8.2
405.823	3.69
405.912	-2.45
406.001	0.09
406.09	-2.61
406.179	-2.12
406.268	7.95
406.357	9.67
406.446	19.26
406.534	12.79
406.623	20.73
406.712	8.03
406.801	5.5
406.89	-3.35
406.979	0.01
407.068	-5.81
407.157	4.76
407.246	5.99
407.335	-0.48
407.424	10.57
407.513	13.52
407.602	10.33
407.69	11.15
407.779	14.92
407.868	8.69
407.957	16.55
408.046	19.18
408.135	34.49
408.223	32.53
408.312	37.94
408.401	22.62
408.49	28.02
408.579	15.9
408.668	23.11
408.756	19.42
408.845	14.51
408.934	14.26
409.023	14.34
409.111	8.77
409.2	13.61
409.289	17.62
409.378	7.38
409.466	-4.42
409.555	-14.49
409.644	-23.5
409.732	-10.97
409.821	-10.81
409.91	-3.11
409.998	6.23
410.087	16.39
410.176	6.23
410.264	10.25
410.353	22.04
410.442	23.52
410.53	15.74
410.619	22.04
410.708	24.01
410.796	13.36
410.885	7.79
410.973	2.38
411.062	-3.43
411.151	-5.48
411.239	-12.53
411.328	-7.28
411.416	-2.29
411.505	-8.27
411.593	-6.96
411.682	1.81
411.77	0.99
411.859	-1.22
411.947	8.03
412.036	5.58
412.124	0.5
412.213	1.97
412.301	9.67
412.39	1.73
412.478	6.4
412.567	14.75
412.655	17.29
412.744	16.88
412.832	18.52
412.92	15.24
413.009	15.49
413.097	6.89
413.186	2.38
413.274	-6.63
413.363	-5.97
413.451	-6.14
413.539	-1.88
413.628	0.5
413.716	15
413.804	24.42
413.893	20
413.981	18.6
414.069	9.92
414.158	14.83
414.246	13.2
414.334	15.08
414.423	21.63
414.511	48.42
414.599	40.39
414.687	29.74
414.776	29.25
414.864	31.87
414.952	15.24
415.04	16.06
415.129	11.72
415.217	12.46
415.305	11.15
415.393	3.78
415.482	6.31
415.57	20.4
415.658	16.88
415.746	18.52
415.834	21.96
415.922	27.04
416.011	24.09
416.099	30.64
416.187	24.25
416.275	33.27
416.363	29.42
416.451	30.64
416.539	30.48
416.628	29.66
416.716	35.56
416.804	43.59
416.892	41.21
416.98	34.9
417.068	34.66
417.156	30.07
417.244	30.64
417.332	26.71
417.42	41.21
417.508	49.24
417.596	36.13
417.684	30.23
417.772	42.52
417.86	35.89
417.948	38.84
418.036	36.71
418.124	45.55
418.212	40.56
418.3	34.82
418.388	26.71
418.476	41.7
418.564	31.3
418.652	29.74
418.74	37.12
418.828	41.95
418.916	36.13
419.004	30.56
419.091	34.09
419.179	32.2
419.267	28.35
419.355	30.07
419.443	30.32
419.531	23.76
419.619	19.83
419.706	16.88
419.794	30.15
419.882	40.88
419.97	38.84
420.058	44.32
420.146	43.92
420.233	21.14
420.321	15.74
420.409	24.75
420.497	25.07
420.584	33.84
420.672	39.16
420.76	46.95
420.848	40.56
420.935	33.27
421.023	22.04
421.111	13.11
421.199	11.64
421.286	19.09
421.374	17.37
421.462	23.93
421.549	44.98
421.637	36.38
421.725	43.34
421.812	48.83
421.9	51.21
421.988	48.34
422.075	62.18
422.163	48.5
422.25	56.2
422.338	46.05
422.426	52.76
422.513	45.31
422.601	41.54
422.688	35.15
422.776	44.16
422.864	34.33
422.951	34.74
423.039	47.6
423.126	47.52
423.214	55.06
423.301	55.47
423.389	58.41
423.476	59.07
423.564	56.78
423.651	48.91
423.739	53.99
423.826	44.65
423.914	35.31
424.001	46.05
424.089	56.2
424.176	60.22
424.264	75.7
424.351	77.34
424.438	76.03
424.526	62.76
424.613	54.56
424.701	62.1
424.788	69.56
424.876	68.65
424.963	84.63
425.05	89.38
425.138	79.55
425.225	84.14
425.312	78.65
425.4	75.21
425.487	79.39
425.574	80.12
425.662	72.1
425.749	87.5
425.836	81.35
425.924	84.79
426.011	79.88
426.098	88.15
426.185	80.45
426.273	89.3
426.36	88.07
426.447	93.8
426.534	90.28
426.622	102.81
426.709	98.72
426.796	90.85
426.883	97.57
426.971	104.7
427.058	95.61
427.145	102.9
427.232	106.99
427.319	106.17
427.406	104.78
427.494	104.86
427.581	112.56
427.668	118.22
427.755	125.42
427.842	133.37
427.929	134.68
428.016	127.96
428.104	127.64
428.191	121.25
428.278	118.38
428.365	118.46
428.452	136.07
428.539	130.75
428.626	139.76
428.713	148.2
428.8	157.95
428.887	149.1
428.974	164.01
429.061	159.67
429.148	155.65
429.235	148.2
429.322	151.56
429.409	159.09
429.496	160.32
429.583	167.78
429.67	183.01
429.757	195.38
429.844	185.8
429.931	198.17
430.018	203.57
430.105	200.87
430.192	195.06
430.279	211.44
430.366	214.55
430.453	230.69
430.539	242.9
430.626	248.63
430.713	252.15
430.8	254.94
430.887	243.96
430.974	249.94
431.061	248.71
431.147	252.32
431.234	255.59
431.321	264.11
431.408	271.24
431.495	278.37
431.582	301.47
431.668	320.31
431.755	328.17
431.842	323.67
431.929	330.79
432.015	329.65
432.102	323.83
432.189	341.53
432.276	364.71
432.362	382.73
432.449	384.21
432.536	400.51
432.623	404.6
432.709	405.42
432.796	410.09
432.883	419.76
432.969	438.52
433.056	442.7
433.143	444.99
433.229	459.41
433.316	460.23
433.403	454.57
433.489	455.07
433.576	484.39
433.662	481.61
433.749	498.15
433.836	520.6
433.922	537.07
434.009	546.49
434.095	567.21
434.182	589.9
434.268	576.88
434.355	594
434.442	590.56
434.528	605.47
434.615	609.56
434.701	644.22
434.788	657.49
434.874	683.7
434.961	702.46
435.047	714.42
435.134	726.13
435.22	723.35
435.307	727.61
435.393	738.75
435.48	750.96
435.566	775.29
435.652	804.45
435.739	825.99
435.825	832.87
435.912	864.25
435.998	868.02
436.084	892.84
436.171	921.51
436.257	942.24
436.344	946.66
436.43	969.76
436.516	977.46
436.603	994.17
436.689	1012.77
436.775	1034.48
436.862	1058.72
436.948	1086
437.034	1092.97
437.121	1125.9
437.207	1134.42
437.293	1134.83
437.38	1149.9
437.466	1188.81
437.552	1194.05
437.638	1240.42
437.725	1268.44
437.811	1304.32
437.897	1312.1
437.983	1346.59
438.07	1364.45
438.156	1406.72
438.242	1413.11
438.328	1446.45
438.414	1455.62
438.501	1478.56
438.587	1494.78
438.673	1538.93
438.759	1568.01
438.845	1605.53
438.931	1636.66
439.017	1654.27
439.104	1679.34
439.19	1699.58
439.276	1731.52
439.362	1759.29
439.448	1802.06
439.534	1827.04
439.62	1854.24
439.706	1899.37
439.792	1926.65
439.878	1949.84
439.964	1994.89
440.05	2027.09
440.137	2048.71
440.223	2095.24
440.309	2121.29
440.395	2166.84
440.481	2181.75
440.567	2220.5
440.653	2231.31
440.739	2265.47
440.825	2268.75
440.911	2332.56
440.996	2356.65
441.082	2398.67
441.168	2437.66
441.254	2497.63
441.34	2511.06
441.426	2563
441.512	2606.99
441.598	2653.6
441.684	2659.83
441.77	2705.87
441.856	2741.66
441.941	2770.34
442.027	2817.36
442.113	2852.17
442.199	2923.03
442.285	2917.71
442.371	2984.39
442.457	2988.48
442.542	3053.61
442.628	3063.6
442.714	3143.15
442.8	3171.33
442.886	3251.94
442.971	3300.68
443.057	3346.39
443.143	3390.79
443.229	3416.92
443.314	3461.89
443.4	3535.95
443.486	3607.87
443.572	3674.47
443.657	3758.36
443.743	3818.81
443.829	3854.12
443.914	3903.6
444	3960.78
444.086	4038.44
444.171	4110.36
444.257	4147.14
444.343	4226.36
444.428	4268.55
444.514	4315.24
444.6	4338.01
444.685	4394.78
444.771	4434.35
444.857	4499.23
444.942	4553.95
445.028	4627.02
445.113	4711.73
445.199	4770.3
445.285	4819.45
445.37	4871.55
445.456	4969.77
445.541	5005.24
445.627	5050.79
445.712	5114.36
445.798	5188.09
445.883	5239.28
445.969	5337.83
446.054	5464.81
446.14	5533.54
446.225	5593.09
446.311	5665.59
446.396	5733.58
446.482	5744.07
446.567	5799.53
446.653	5835.65
446.738	5906.76
446.823	5966.4
446.909	6088.45
446.994	6183.32
447.08	6287.68
447.165	6331.51
447.251	6442.1
447.336	6486.33
447.421	6501
447.507	6570.71
447.592	6638.13
447.677	6686.62
447.763	6724.23
447.848	6843.01
447.933	6906.74
448.019	7006.93
448.104	7019.13
448.189	7130.79
448.275	7225.57
448.36	7348.04
448.445	7322.72
448.53	7500.57
448.616	7544.97
448.701	7603.21
448.786	7633.2
448.872	7797.12
448.957	7809.16
449.042	7921.8
449.127	7979.63
449.212	8114.22
449.298	8144.45
449.383	8191.8
449.468	8265.69
449.553	8397.91
449.638	8381.2
449.724	8486.22
449.809	8598.44
449.894	8684.87
449.979	8700.92
450.064	8818.48
450.149	8893.11
450.234	9039.74
450.319	9086.35
450.405	9172.7
450.49	9243.72
450.575	9369.71
450.66	9376.1
450.745	9420.01
450.83	9456.38
450.915	9488.08
451	9441.06
451.085	9577.29
451.17	9643.56
451.255	9827.72
451.34	9893.42
451.425	9975.5
451.51	9961.74
451.595	10000.16
451.68	10024.9
451.765	10083.39
451.85	10265.57
451.935	10375.02
452.02	10425.07
452.105	10495.27
452.19	10563.43
452.275	10533.04
452.36	10423.68
452.445	10499.29
452.53	10581.78
452.615	10616.92
452.699	10668.78
452.784	10820.74
452.869	10929.93
452.954	10930.02
453.039	11000.14
453.124	11059.04
453.209	11159.55
453.293	11114.99
453.378	11183.23
453.463	11207.07
453.548	11332.16
453.633	11270.39
453.718	11435.86
453.802	11413.42
453.887	11615.27
453.972	11638.12
454.057	11753.87
454.141	11655.41
454.226	11820.55
454.311	11816.79
454.396	11795.82
454.48	11813.92
454.565	12013.31
454.65	11922.22
454.735	11896.33
454.819	11949.74
454.904	12014.54
454.989	11980.05
455.073	12001.68
455.158	12035.43
455.243	12046.9
455.327	12125.95
455.412	12089.82
455.497	12173.79
455.581	12112.02
455.666	12264.39
455.75	12133.07
455.835	12124.96
455.92	12181.57
456.004	12260.21
456.089	12105.22
456.173	12152.9
456.258	12163.55
456.343	11987.01
456.427	12037.56
456.512	12031.41
456.596	12063.2
456.681	12211.72
456.765	12248.74
456.85	12197.63
456.934	12235.47
457.019	12140.45
457.103	12072.54
457.188	12070.9
457.272	11998.73
457.357	11994.3
457.441	12073.93
457.526	11906.08
457.61	11999.47
457.694	12029.12
457.779	11973.25
457.863	11876.75
457.948	11901.74
458.032	11772.3
458.116	11672.61
458.201	11679.65
458.285	11639.76
458.37	11668.51
458.454	11700.13
458.538	11613.79
458.623	11672.77
458.707	11658.68
458.791	11554.73
458.876	11483.3
458.96	11618.63
459.044	11471.83
459.129	11422.18
459.213	11506.64
459.297	11462.16
459.381	11400.15
459.466	11243.44
459.55	11241.96
459.634	11149.07
459.718	11121.3
459.803	10972.7
459.887	10948.61
459.971	10909.95
460.055	10877.67
460.14	10851.21
460.224	10921.82
460.308	10954.92
460.392	10800.34
460.476	10813.94
460.56	10671.73
460.645	10597.02
460.729	10502.24
460.813	10529.27
460.897	10392.87
460.981	10339.38
461.065	10269.42
461.149	10177.43
461.233	10098.21
461.318	10043.9
461.402	9960.18
461.486	9766.77
461.57	9750.8
461.654	9703.77
461.738	9600.64
461.822	9614.97
461.906	9616.78
461.99	9531.66
462.074	9422.14
462.158	9350.46
462.242	9272.06
462.326	9191.37
462.41	9134.19
462.494	9135.42
462.578	9054.57
462.662	8916.78
462.746	8900.81
462.83	8825.77
462.914	8726.16
462.998	8703.46
463.082	8679.63
463.166	8653.9
463.25	8613.68
463.334	8532.01
463.417	8395.45
463.501	8393.24
463.585	8273.39
463.669	8235.13
463.753	8195.24
463.837	8172.55
463.921	8073.92
464.004	8070.64
464.088	7977.5
464.172	7961.69
464.256	7965.87
464.34	7901.48
464.424	7757.47
464.507	7770.98
464.591	7627.13
464.675	7561.68
464.759	7519.49
464.842	7488.86
464.926	7364.99
465.01	7316.66
465.094	7242.61
465.177	7125.71
465.261	7119.48
465.345	7034.21
465.429	6983.99
465.512	6872.66
465.596	6844.73
465.68	6745.11
465.763	6753.22
465.847	6723.65
465.931	6685.72
466.014	6634.69
466.098	6597.33
466.182	6508.29
466.265	6457.42
466.349	6391.23
466.433	6330.61
466.516	6286.94
466.6	6180.53
466.683	6152.02
466.767	6096.32
466.851	6052.16
466.934	5977.29
467.018	5960.58
467.101	5894.55
467.185	5860.72
467.268	5861.21
467.352	5774.38
467.435	5728.83
467.519	5661.08
467.602	5625.2
467.686	5553.2
467.769	5539.19
467.853	5522.72
467.936	5505.93
468.02	5442.28
468.103	5385.92
468.187	5331.85
468.27	5281.39
468.354	5263.61
468.437	5246.33
468.52	5193.49
468.604	5199.31
468.687	5184.97
468.771	5125.42
468.854	5102.56
468.937	5070.04
469.021	5009.99
469.104	4926.03
469.187	4887.85
469.271	4855.66
469.354	4863.93
469.437	4842.8
469.521	4832.72
469.604	4792.34
469.687	4741.96
469.771	4692.31
469.854	4667.66
469.937	4635.38
470.021	4611.13
470.104	4613.18
470.187	4582.95
470.27	4517.83
470.354	4489.65
470.437	4443.28
470.52	4408.38
470.603	4356.61
470.686	4350.71
470.77	4329.25
470.853	4296.07
470.936	4262.73
471.019	4256.51
471.102	4208.42
471.186	4174.67
471.269	4143.21
471.352	4112.08
471.435	4083.41
471.518	4038.19
471.601	4022.46
471.684	4013.21
471.768	3993.79
471.851	3941.12
471.934	3953.65
472.017	3911.71
472.1	3863.7
472.183	3831.59
472.266	3845.19
472.349	3798.99
472.432	3803.08
472.515	3801.86
472.598	3752.62
472.681	3724.36
472.764	3718.95
472.847	3672.83
472.93	3670.05
473.013	3661.45
473.096	3635.4
473.179	3630.48
473.262	3602.47
473.345	3568.72
473.428	3570.6
473.511	3539.63
473.594	3492.69
473.677	3486.06
473.76	3473.94
473.843	3441.5
473.926	3429.7
474.009	3431.42
474.091	3435.52
474.174	3414.71
474.257	3414.87
474.34	3393.65
474.423	3382.35
474.506	3356.55
474.589	3330.74
474.671	3304.45
474.754	3283.8
474.837	3271.6
474.92	3245.05
475.003	3253.98
475.085	3229.98
475.168	3214.01
475.251	3188.2
475.334	3176.57
475.417	3131.84
475.499	3135.37
475.582	3146.92
475.665	3120.46
475.748	3117.75
475.83	3115.62
475.913	3115.05
475.996	3090.23
476.078	3089.74
476.161	3057.46
476.244	3047.96
476.326	3013.72
476.409	3012.08
476.492	2999.87
476.574	2989.39
476.657	2980.21
476.74	2970.87
476.822	2953.51
476.905	2939.99
476.988	2928.19
477.07	2916.07
477.153	2901.08
477.235	2881.01
477.318	2876.17
477.4	2872.73
477.483	2883.3
477.566	2873.88
477.648	2865.03
477.731	2867.49
477.813	2863.31
477.896	2839.88
477.978	2839.23
478.061	2838.25
478.143	2827.1
478.226	2818.09
478.308	2825.96
478.391	2797.53
478.473	2795.57
478.556	2767.06
478.638	2767.88
478.72	2751.66
478.803	2768.21
478.885	2768.21
478.968	2768.53
479.05	2753.3
479.133	2757.06
479.215	2734.62
479.297	2718.64
479.38	2718.07
479.462	2704.8
479.544	2673.59
479.627	2677.44
479.709	2676.21
479.792	2661.47
479.874	2661.55
479.956	2658.6
480.039	2659.99
480.121	2640.25
480.203	2650.9
480.285	2655.4
480.368	2661.14
480.45	2619.77
480.532	2615.43
480.615	2606.91
480.697	2595.03
480.779	2573.24
480.861	2596.5
480.943	2587.25
481.026	2582.41
481.108	2567.75
481.19	2574.22
481.272	2563
481.354	2572.83
481.437	2556.12
481.519	2545.47
481.601	2534.82
481.683	2522.78
481.765	2491.07
481.847	2482.64
481.93	2483.95
482.012	2469.04
482.094	2476.66
482.176	2484.36
482.258	2477.89
482.34	2480.18
482.422	2473.46
482.504	2459.29
482.586	2461.34
482.668	2451.75
482.75	2444.71
482.833	2445.36
482.915	2441.76
482.997	2435.04
483.079	2455.6
483.161	2441.19
483.243	2450.69
483.325	2435.21
483.407	2424.39
483.489	2399.33
483.571	2410.22
483.653	2397.36
483.735	2384.99
483.816	2387.2
483.898	2361.89
483.98	2336.25
484.062	2318.39
484.144	2330.27
484.226	2321.42
484.308	2326.75
484.39	2333.05
484.472	2337.48
484.554	2340.59
484.636	2323.8
484.717	2330.6
484.799	2314.95
484.881	2300.45
484.963	2274.56
485.045	2272.27
485.127	2255.31
485.208	2242.94
485.29	2243.68
485.372	2232.21
485.454	2224.51
485.536	2238.76
485.617	2231.06
485.699	2225.33
485.781	2207.96
485.863	2208.54
485.944	2176.75
486.026	2168.56
486.108	2152.42
486.19	2158.73
486.271	2130.8
486.353	2123.75
486.435	2118.34
486.516	2112.28
486.598	2110.81
486.68	2103.43
486.761	2099.26
486.843	2094.18
486.925	2089.26
487.006	2074.84
487.088	2065.67
487.17	2065.51
487.251	2052.07
487.333	2035.61
487.414	2032.49
487.496	2030.77
487.578	1999.64
487.659	1988.75
487.741	1979
487.822	1961.88
487.904	1973.68
487.985	1962.7
488.067	1972.69
488.148	1969.09
488.23	1973.84
488.311	1953.11
488.393	1957.54
488.474	1921.17
488.556	1907.98
488.637	1906.91
488.719	1888.89
488.8	1887.99
488.882	1894.71
488.963	1880.04
489.045	1864.56
489.126	1867.92
489.207	1846.7
489.289	1840.97
489.37	1849.24
489.452	1833.92
489.533	1812.46
489.614	1811.23
489.696	1794.36
489.777	1784.03
489.859	1781.74
489.94	1784.52
490.021	1790.59
490.103	1782.89
490.184	1769.53
490.265	1765.27
490.347	1748.64
490.428	1735.78
490.509	1726.85
490.59	1721.28
490.672	1699.98
490.753	1695.4
490.834	1668.86
490.915	1673.44
490.997	1657.14
491.078	1648.79
491.159	1642.15
491.24	1641.49
491.322	1622
491.403	1623.31
491.484	1603.4
491.565	1599.22
491.646	1583.17
491.728	1572.27
491.809	1561.71
491.89	1568.75
491.971	1563.18
492.052	1564.65
492.133	1564.57
492.214	1542.86
492.296	1530.9
492.377	1512.39
492.458	1500.68
492.539	1490.27
492.62	1498.79
492.701	1500.02
492.782	1485.69
492.863	1473.97
492.944	1466.02
493.025	1449.15
493.106	1430.96
493.187	1433.67
493.268	1429.65
493.349	1418.84
493.43	1414.09
493.511	1413.43
493.592	1391.72
493.673	1387.3
493.754	1381.65
493.835	1377.22
493.916	1367.39
493.997	1374.11
494.078	1380.01
494.159	1377.96
494.24	1369.61
494.321	1373.7
494.402	1362.4
494.483	1351.34
494.564	1342
494.644	1331.84
494.725	1319.96
494.806	1317.67
494.887	1308.09
494.968	1312.67
495.049	1313.49
495.13	1306.69
495.21	1302.51
495.291	1291.13
495.372	1271.39
495.453	1268.19
495.534	1255.99
495.614	1254.92
495.695	1240.26
495.776	1247.88
495.857	1231.82
495.938	1233.38
496.018	1225.02
496.099	1232.56
496.18	1218.55
496.26	1214.86
496.341	1199.71
496.422	1187.01
496.503	1182.01
496.583	1168
496.664	1163.74
496.745	1154.9
496.825	1158.5
496.906	1145.31
496.987	1134.09
497.067	1139.25
497.148	1142.94
497.228	1135.07
497.309	1126.8
497.39	1126.55
497.47	1110.42
497.551	1108.78
497.632	1095.75
497.712	1097.8
497.793	1104.85
497.873	1099.6
497.954	1093.29
498.034	1094.28
498.115	1096.98
498.195	1089.94
498.276	1089.44
498.356	1087.81
498.437	1072.81
498.517	1064.87
498.598	1071.42
498.678	1083.87
498.759	1078.96
498.839	1084.69
498.92	1077.4
499	1065.69
499.081	1036.2
499.161	1017.77
499.242	1018.5
499.322	1023.83
499.402	1024.81
499.483	1034.8
499.563	1047.17
499.644	1043.98
499.724	1043
499.804	1018.91
499.885	1011.79
499.965	999.25
500.045	998.02
500.126	986.96
500.206	1003.59
500.286	998.51
500.367	1007.2
500.447	999.83
500.527	999.33
500.608	1005.97
500.688	1010.8
500.768	1006.62
500.848	1008.26
500.929	1003.59
501.009	990.24
501.089	984.51
501.169	989.75
501.25	993.44
501.33	997.37
501.41	1005.89
501.49	1001.63
501.57	1001.05
501.651	1006.71
501.731	1006.05
501.811	1000.07
501.891	1011.38
501.971	1009.9
502.051	994.66
502.131	993.76
502.212	993.93
502.292	993.03
502.372	983.85
502.452	995.24
502.532	1008.1
502.612	1005.64
502.692	999.25
502.772	1008.92
502.852	1011.54
502.932	1001.55
503.012	1018.01
503.092	1028.01
503.172	1024.4
503.252	1008.92
503.332	1003.59
503.412	986.06
503.492	984.83
503.572	995.16
503.652	1013.1
503.732	1025.14
503.812	1023.75
503.892	1023.58
503.972	1027.35
504.052	1016.78
504.132	1005.81
504.212	1017.77
504.292	1021.04
504.372	1009.66
504.452	1007.53
504.532	1015.96
504.612	1011.95
504.691	1012.36
504.771	1019.65
504.851	1032.67
504.931	1023.25
505.011	1039.23
505.091	1036.85
505.17	1042.18
505.25	1051.6
505.33	1078.22
505.41	1072.98
505.49	1096.16
505.57	1107.55
505.649	1121.47
505.729	1118.61
505.809	1128.44
505.889	1125.57
505.968	1135.24
506.048	1127.04
506.128	1145.56
506.207	1157.35
506.287	1170.71
506.367	1180.62
506.447	1196.27
506.526	1200.61
506.606	1208.64
506.686	1229.36
506.765	1228.79
506.845	1232.97
506.925	1246.81
507.004	1268.85
507.084	1270.57
507.163	1295.06
507.243	1307.59
507.323	1317.1
507.402	1323.32
507.482	1335.53
507.561	1338.97
507.641	1362.56
507.721	1377.14
507.8	1391.56
507.88	1401.8
507.959	1410.81
508.039	1421.38
508.118	1432.03
508.198	1432.68
508.277	1442.02
508.357	1453.33
508.436	1464.39
508.516	1470.61
508.595	1480.28
508.675	1486.75
508.754	1497.07
508.834	1505.67
508.913	1525.74
508.993	1538.44
509.072	1551.79
509.151	1566.7
509.231	1567.85
509.31	1569
509.39	1582.35
509.469	1596.52
509.548	1607.83
509.628	1620.2
509.707	1634.29
509.786	1651.16
509.866	1667.87
509.945	1661.4
510.025	1664.76
510.104	1657.96
510.183	1667.87
510.262	1672.54
510.342	1701.95
510.421	1717.68
510.5	1737.5
510.58	1743.89
510.659	1755.94
510.738	1762
510.817	1774.78
510.897	1786.08
510.976	1786.33
511.055	1799.93
511.134	1811.72
511.213	1831.79
511.293	1868.98
511.372	1889.22
511.451	1892.9
511.53	1909.29
511.609	1932.47
511.689	1933.86
511.768	1955.16
511.847	1978.92
511.926	1996.53
512.005	2006.03
512.084	2024.06
512.163	2049.04
512.242	2069.27
512.322	2093.36
512.401	2119.57
512.48	2146.85
512.559	2145.38
512.638	2174.7
512.717	2196.82
512.796	2207.14
512.875	2209.68
512.954	2244.91
513.033	2265.88
513.112	2283.25
513.191	2318.96
513.27	2337.64
513.349	2371.8
513.428	2388.92
513.507	2419.48
513.586	2453.23
513.665	2505.41
513.744	2523.84
513.823	2551.2
513.902	2576.19
513.981	2591.51
514.06	2613.21
514.138	2658.02
514.217	2685.96
514.296	2719.87
514.375	2748.3
514.454	2778.04
514.533	2784.43
514.612	2807.61
514.691	2821.04
514.769	2831.45
514.848	2837.67
514.927	2860.45
515.006	2878.06
515.085	2901.57
515.163	2929.18
515.242	2962.76
515.321	2973.99
515.4	2986.44
515.479	2986.68
515.557	2989.8
515.636	2980.05
515.715	2997.91
515.794	2996.92
515.872	3000.36
515.951	3006.26
516.03	3033.7
516.108	3034.2
516.187	3051.81
516.266	3069.75
516.344	3086.95
516.423	3089.65
516.502	3103.83
516.58	3107.59
516.659	3098.75
516.738	3098.67
516.816	3093.59
516.895	3085.97
516.974	3092.11
517.052	3101.2
517.131	3096.62
517.209	3116.44
517.288	3124.22
517.367	3132.91
517.445	3144.21
517.524	3161.42
517.602	3149.78
517.681	3147.08
517.759	3169.77
517.838	3182.8
517.916	3194.1
517.995	3225.64
518.073	3239.32
518.152	3228.1
518.23	3234
518.309	3220.72
518.387	3209.75
518.466	3237.27
518.544	3254.47
518.623	3257.26
518.701	3274.05
518.779	3280.61
518.858	3283.06
518.936	3286.34
519.015	3301
519.093	3301.09
519.171	3331.4
519.25	3327.14
519.328	3350.48
519.407	3370.06
519.485	3417.58
519.563	3403.73
519.642	3420.85
519.72	3415.04
519.798	3436.66
519.876	3459.11
519.955	3487.78
520.033	3523.82
520.111	3536.52
520.19	3542.42
520.268	3538.16
520.346	3558.48
520.424	3550.61
520.503	3579.77
520.581	3593.62
520.659	3605.74
520.737	3626.22
520.816	3638.51
520.894	3644.41
520.972	3640.89
521.05	3647.93
521.128	3636.71
521.206	3648.75
521.285	3639.82
521.363	3651.78
521.441	3651.54
521.519	3649.98
521.597	3642.77
521.675	3648.42
521.753	3649.41
521.832	3657.19
521.91	3655.47
521.988	3629.25
522.066	3616.39
522.144	3595.09
522.222	3552.41
522.3	3544.22
522.378	3540.29
522.456	3526.61
522.534	3493.19
522.612	3469.27
522.69	3429.13
522.768	3422.41
522.846	3399.63
522.924	3398.9
523.002	3392.43
523.08	3384.56
523.158	3360.97
523.236	3331.4
523.314	3300.68
523.392	3275.36
523.47	3238.99
523.548	3216.96
523.626	3198.69
523.704	3170.34
523.781	3136.18
523.859	3105.71
523.937	3076.06
524.015	3048.78
524.093	3027.07
524.171	3020.6
524.249	3022.97
524.327	2996.35
524.404	2987.26
524.482	2973.25
524.56	2947.61
524.638	2931.47
524.716	2934.83
524.793	2927.37
524.871	2927.54
524.949	2942.12
525.027	2933.6
525.104	2930.81
525.182	2936.79
525.26	2934.83
525.338	2913.04
525.415	2910.91
525.493	2883.38
525.571	2857.5
525.649	2848.57
525.726	2851.27
525.804	2828.25
525.882	2828.83
525.959	2821.29
526.037	2802.04
526.115	2772.87
526.192	2775.25
526.27	2746.17
526.347	2736.99
526.425	2718.73
526.503	2711.6
526.58	2689.24
526.658	2692.02
526.736	2667.04
526.813	2649.34
526.891	2654.83
526.968	2666.54
527.046	2648.6
527.123	2668.26
527.201	2663.02
527.278	2654.5
527.356	2625.01
527.433	2633.94
527.511	2606.66
527.588	2607.81
527.666	2597.16
527.743	2583.81
527.821	2567.91
527.898	2539.73
527.976	2534.74
528.053	2507.62
528.131	2491.98
528.208	2471.41
528.285	2482.55
528.363	2444.71
528.44	2429.39
528.518	2414.56
528.595	2396.05
528.672	2350.91
528.75	2338.95
528.827	2308.64
528.905	2273.33
528.982	2245.65
529.059	2220.41
529.137	2200.1
529.214	2182.24
529.291	2161.76
529.369	2138.66
529.446	2133.66
529.523	2091.8
529.6	2059.69
529.678	2027.5
529.755	1992.84
529.832	1940.25
529.909	1919.94
529.987	1901.34
530.064	1869.47
530.141	1835.31
530.218	1811.39
530.296	1790.91
530.373	1745.04
530.45	1734.23
530.527	1704.65
530.604	1679.67
530.681	1648.46
530.759	1640.08
530.836	1614.52
