198.396	6.72
198.5	2.73
198.604	3.37
198.708	2.71
198.812	0.25
198.916	-2.61
199.02	-2.61
199.125	1.15
199.229	3.86
199.333	5.5
199.437	0.74
199.541	-2.78
199.645	-1.55
199.749	-7.69
199.853	-5.07
199.957	5
200.061	12.21
200.165	6.23
200.269	10.98
200.373	10.25
200.477	11.8
200.581	11.56
200.685	13.85
200.789	10.74
200.893	2.96
200.996	-5.24
201.1	-8.92
201.204	-7.37
201.308	1.07
201.412	6.4
201.516	5.74
201.62	2.96
201.724	-6.22
201.828	-1.8
201.932	-7.37
202.035	5.17
202.139	10.66
202.243	15.9
202.347	-0.16
202.451	10.08
202.555	3.94
202.659	-7.61
202.762	-2.7
202.866	-0.57
202.97	-4.25
203.074	-9.09
203.178	4.1
203.281	-8.76
203.385	-6.06
203.489	3.86
203.593	7.54
203.697	2.79
203.8	11.39
203.904	8.2
204.008	-1.14
204.112	-11.05
204.215	-9.99
204.319	-7.04
204.423	-11.13
204.527	-15.39
204.63	-4.99
204.734	-4.74
204.838	-5.32
204.941	2.3
205.045	0.91
205.149	-2.04
205.252	0.74
205.356	-7.69
205.46	-18.51
205.563	-7.69
205.667	-10.23
205.771	-14.98
205.874	-8.51
205.978	-2.04
206.082	-6.79
206.185	-4.83
206.289	-1.14
206.392	4.43
206.496	8.69
206.6	-0.57
206.703	-0.08
206.807	1.15
206.91	-8.02
207.014	-3.35
207.117	4.27
207.221	9.59
207.324	9.59
207.428	5.5
207.531	-1.96
207.635	2.96
207.739	0.58
207.842	-1.96
207.946	9.1
208.049	9.76
208.153	0.01
208.256	-1.22
208.359	3.28
208.463	4.27
208.566	5.25
208.67	20.49
208.773	20.65
208.877	20.32
208.98	17.95
209.084	17.62
209.187	7.71
209.29	-3.76
209.394	-2.78
209.497	-5.48
209.601	-8.84
209.704	-15.07
209.807	1.24
209.911	-2.45
210.014	7.22
210.118	18.85
210.221	32.61
210.324	27.86
210.428	23.68
210.531	6.23
210.634	-5.24
210.738	-9.91
210.841	-11.54
210.944	-14.57
211.048	-3.6
211.151	6.23
211.254	-2.37
211.357	-5.4
211.461	12.46
211.564	5.5
211.667	4.35
211.77	-0.08
211.874	3.86
211.977	-10.31
212.08	-3.76
212.183	-5.89
212.287	-1.14
212.39	1.15
212.493	3.61
212.596	3.86
212.7	0.91
212.803	6.64
212.906	5.33
213.009	17.54
213.112	15.08
213.215	25.65
213.319	28.43
213.422	32.2
213.525	20.08
213.628	20.98
213.731	10.49
213.834	10.57
213.937	1.56
214.041	1.81
214.144	3.53
214.247	1.81
214.35	-0.16
214.453	8.77
214.556	9.76
214.659	11.8
214.762	8.53
214.865	4.76
214.968	2.55
215.071	-2.86
215.174	5.41
215.277	5.99
215.38	12.05
215.483	9.18
215.586	5.17
215.689	-13.26
215.792	-7.86
215.895	-9.74
215.998	-9.82
216.101	1.65
216.204	5.66
216.307	7.87
216.41	-0.08
216.513	-0.81
216.616	0.99
216.719	11.8
216.822	11.07
216.925	17.13
217.028	17.46
217.131	14.01
217.234	7.71
217.337	6.89
217.44	14.01
217.542	15.41
217.645	11.97
217.748	12.54
217.851	9.92
217.954	10.08
218.057	13.69
218.16	21.63
218.263	13.11
218.365	16.39
218.468	12.87
218.571	6.64
218.674	3.94
218.777	13.93
218.879	14.75
218.982	18.36
219.085	19.83
219.188	25.16
219.291	13.93
219.393	7.13
219.496	-9.58
219.599	-9.17
219.702	-17.44
219.804	-12.2
219.907	-5.73
220.01	11.39
220.113	14.67
220.215	9.84
220.318	5.9
220.421	13.44
220.523	6.64
220.626	-1.55
220.729	7.63
220.831	8.77
220.934	-7.94
221.037	-20.39
221.139	-20.06
221.242	-26.53
221.345	-27.68
221.447	-22.11
221.55	-17.2
221.653	-13.67
221.755	-8.02
221.858	-9.74
221.96	-15.23
222.063	-4.58
222.166	-14.57
222.268	-11.54
222.371	-9.25
222.473	-4.09
222.576	2.38
222.679	11.07
222.781	-4.5
222.884	7.46
222.986	8.44
223.089	0.74
223.191	4.02
223.294	9.02
223.396	-1.71
223.499	4.51
223.601	2.79
223.704	0.33
223.806	2.22
223.909	5.66
224.011	-0.32
224.114	-3.76
224.216	-5.15
224.319	-1.63
224.421	-0.89
224.523	-3.02
224.626	-5.15
224.728	-7.69
224.831	-9.58
224.933	-5.89
225.036	-0.98
225.138	-4.33
225.24	-2.37
225.343	-2.7
225.445	-6.38
225.547	-4.17
225.65	5.74
225.752	16.64
225.855	8.53
225.957	-1.06
226.059	-11.13
226.162	-6.87
226.264	-17.44
226.366	-11.95
226.469	-3.35
226.571	7.13
226.673	9.43
226.775	13.2
226.878	20.16
226.98	23.93
227.082	16.39
227.185	8.53
227.287	10.25
227.389	13.69
227.491	0.83
227.594	11.48
227.696	9.02
227.798	15.9
227.9	8.03
228.002	4.51
228.105	-12.36
228.207	-8.43
228.309	-28.91
228.411	-27.44
228.513	-21.7
228.616	-10.48
228.718	-17.61
228.82	-9.09
228.922	-12.77
229.024	-2.04
229.126	1.89
229.228	-0.24
229.331	4.35
229.433	17.05
229.535	10
229.637	4.76
229.739	8.12
229.841	16.47
229.943	7.63
230.045	11.39
230.147	4.35
230.249	0.58
230.352	-11.22
230.454	-2.94
230.556	1.32
230.658	4.68
230.76	17.13
230.862	24.91
230.964	19.18
231.066	18.03
231.168	14.75
231.27	2.22
231.372	-8.76
231.474	-6.06
231.576	-24.57
231.678	-12.53
231.78	-5.48
231.882	5
231.984	8.53
232.086	27.45
232.187	21.63
232.289	18.6
232.391	6.4
232.493	-10.4
232.595	-13.76
232.697	-12.69
232.799	-5.24
232.901	-2.45
233.003	4.35
233.105	-8.76
233.207	-9.58
233.308	-0.98
233.41	6.31
233.512	5.74
233.614	18.68
233.716	18.52
233.818	4.76
233.919	3.94
234.021	3.94
234.123	11.23
234.225	13.93
234.327	16.88
234.428	22.29
234.53	25.32
234.632	10.98
234.734	12.05
234.836	11.31
234.937	0.01
235.039	2.38
235.141	2.55
235.243	-9.5
235.344	-18.42
235.446	-14.25
235.548	-14.17
235.649	-2.45
235.751	0.5
235.853	22.12
235.955	21.72
236.056	13.36
236.158	7.05
236.26	19.09
236.361	11.56
236.463	4.92
236.565	12.46
236.666	23.52
236.768	8.28
236.87	4.27
236.971	11.15
237.073	2.87
237.174	-11.13
237.276	-2.7
237.378	-8.76
237.479	-1.96
237.581	-5.48
237.682	-4.58
237.784	-4.33
237.885	-0.48
237.987	-3.43
238.089	6.97
238.19	4.68
238.292	17.05
238.393	17.95
238.495	15.24
238.596	16.39
238.698	27.37
238.799	7.3
238.901	0.83
239.002	0.33
239.104	6.4
239.205	-3.35
239.307	-29.65
239.408	-27.35
239.51	-26.7
239.611	-34.24
239.713	-28.91
239.814	13.36
239.915	11.07
240.017	5.58
240.118	-0.16
240.22	-5.4
240.321	-13.76
240.422	-13.26
240.524	-11.71
240.625	-12.85
240.727	-6.87
240.828	-5.97
240.929	1.32
241.031	-5.97
241.132	-2.86
241.233	-3.76
241.335	-6.55
241.436	-6.63
241.537	-0.32
241.639	3.2
241.74	3.2
241.841	5.99
241.943	-1.88
242.044	4.84
242.145	15.49
242.246	15.82
242.348	18.11
242.449	34.17
242.55	22.86
242.652	4.84
242.753	3.04
242.854	-3.19
242.955	-13.67
243.056	-8.35
243.158	3.28
243.259	1.32
243.36	3.61
243.461	-0.32
243.562	10.66
243.664	1.15
243.765	-1.55
243.866	3.78
243.967	-5.73
244.068	-12.61
244.169	-1.14
244.271	3.61
244.372	1.15
244.473	16.23
244.574	16.06
244.675	10.08
244.776	3.69
244.877	4.76
244.978	-3.27
245.08	3.45
245.181	1.97
245.282	4.59
245.383	2.63
245.484	11.56
245.585	2.46
245.686	-6.79
245.787	1.56
245.888	-11.13
245.989	-18.34
246.09	-12.53
246.191	-1.14
246.292	-14.17
246.393	-6.22
246.494	-0.08
246.595	-7.69
246.696	-6.55
246.797	-2.78
246.898	1.48
246.999	1.73
247.1	1.32
247.201	-3.84
247.302	-2.53
247.403	-3.52
247.504	-2.04
247.605	3.69
247.705	4.18
247.806	5.41
247.907	8.28
248.008	-1.3
248.109	-20.64
248.21	-17.77
248.311	-18.26
248.412	-20.88
248.513	-16.79
248.613	4.92
248.714	13.28
248.815	13.52
248.916	12.87
249.017	15.74
249.118	12.21
249.218	-0.4
249.319	5.9
249.42	7.95
249.521	9.26
249.622	10
249.722	13.11
249.823	21.88
249.924	17.46
250.025	18.52
250.125	14.26
250.226	13.52
250.327	2.46
250.428	-4.91
250.528	-10.07
250.629	-17.2
250.73	-13.18
250.83	-19.41
250.931	-9.17
251.032	-4.66
251.133	6.31
251.233	0.42
251.334	0.83
251.435	5.33
251.535	11.72
251.636	15
251.736	19.09
251.837	16.96
251.938	9.84
252.038	4.84
252.139	-9.5
252.24	-6.14
252.34	-0.08
252.441	-4.17
252.541	-5.32
252.642	20.49
252.743	13.28
252.843	16.06
252.944	19.01
253.044	19.09
253.145	-5.07
253.245	-6.06
253.346	-8.43
253.446	-3.27
253.547	-13.02
253.647	-9.66
253.748	1.07
253.848	5.99
253.949	3.86
254.049	12.54
254.15	9.35
254.25	1.07
254.351	-0.65
254.451	0.5
254.552	1.56
254.652	6.07
254.753	5.5
254.853	-0.89
254.954	6.64
255.054	10.57
255.154	10.41
255.255	16.72
255.355	20.73
255.456	15.9
255.556	3.04
255.656	17.95
255.757	14.42
255.857	5.09
255.957	6.72
256.058	17.46
256.158	13.85
256.258	10.25
256.359	14.83
256.459	0.09
256.559	-8.51
256.66	-24
256.76	-23.42
256.86	-15.56
256.961	-2.61
257.061	-2.7
257.161	-1.55
257.261	-3.02
257.362	-14.9
257.462	-25.88
257.562	-25.31
257.662	-21.54
257.763	-18.92
257.863	-5.89
257.963	3.86
258.063	-1.3
258.164	2.46
258.264	-0.32
258.364	-8.92
258.464	-8.02
258.564	-5.4
258.665	-8.51
258.765	-7.61
258.865	-1.71
258.965	-9.25
259.065	-1.96
259.165	3.86
259.265	8.53
259.366	6.48
259.466	3.69
259.566	4.68
259.666	-7.45
259.766	-9.09
259.866	-14.08
259.966	-1.8
260.066	-0.98
260.166	8.12
260.266	1.56
260.366	6.48
260.467	3.53
260.567	2.96
260.667	8.61
260.767	10.9
260.867	1.81
260.967	2.71
261.067	5.74
261.167	-2.04
261.267	2.55
261.367	-3.02
261.467	-18.26
261.567	-21.62
261.667	-21.29
261.767	-20.64
261.867	-12.12
261.967	-5.32
262.066	-3.19
262.166	1.56
262.266	-3.43
262.366	-4.74
262.466	6.15
262.566	3.94
262.666	-2.45
262.766	-2.78
262.866	2.38
262.966	-3.68
263.066	-2.7
263.165	-7.86
263.265	-13.02
263.365	-15.56
263.465	-16.46
263.565	-26.04
263.665	-22.36
263.764	-11.79
263.864	-3.52
263.964	3.28
264.064	13.28
264.164	13.52
264.263	11.8
264.363	13.44
264.463	4.92
264.563	-6.22
264.663	2.14
264.762	1.81
264.862	-2.12
264.962	8.53
265.062	12.13
265.161	9.92
265.261	0.33
265.361	-5.4
265.46	-3.84
265.56	0.83
265.66	-0.89
265.76	7.38
265.859	9.02
265.959	1.48
266.059	3.94
266.158	7.79
266.258	3.45
266.358	5.99
266.457	7.38
266.557	-4.09
266.657	-9.17
266.756	-4.99
266.856	2.14
266.955	-5.32
267.055	10.16
267.155	9.43
267.254	9.67
267.354	0.5
267.453	0.01
267.553	-9.25
267.652	-4.5
267.752	-3.35
267.852	-0.48
267.951	15.65
268.051	14.1
268.15	10.33
268.25	12.79
268.349	10.57
268.449	-2.45
268.548	6.07
268.648	1.65
268.747	-6.87
268.847	-9.41
268.946	0.42
269.046	-3.93
269.145	-2.45
269.244	6.31
269.344	7.95
269.443	3.69
269.543	2.3
269.642	0.91
269.742	-8.02
269.841	-7.45
269.94	-9.91
270.04	-0.81
270.139	-0.16
270.239	6.23
270.338	5
270.437	11.48
270.537	10.41
270.636	20
270.735	20.4
270.835	18.03
270.934	12.05
271.033	3.2
271.133	-10.97
271.232	-7.61
271.331	-1.96
271.431	-1.55
271.53	0.91
271.629	16.64
271.729	16.06
271.828	9.18
271.927	3.61
272.026	1.89
272.126	-8.19
272.225	-21.78
272.324	-19.49
272.423	-19.57
272.523	-13.18
272.622	-1.71
272.721	9.1
272.82	16.39
272.919	20.65
273.019	13.2
273.118	5.41
273.217	4.92
273.316	5.82
273.415	-4.25
273.514	2.3
273.614	-4.25
273.713	-4.25
273.812	-6.87
273.911	-5.4
274.01	-11.63
274.109	0.5
274.208	-4.01
274.307	-12.12
274.407	-6.38
274.506	0.58
274.605	-7.2
274.704	4.35
274.803	19.42
274.902	26.96
275.001	19.83
275.1	13.2
275.199	6.48
275.298	2.55
275.397	-4.25
275.496	-4.25
275.595	-2.04
275.694	-4.25
275.793	-9
275.892	-2.94
275.991	-1.71
276.09	6.15
276.189	4.1
276.288	2.14
276.387	0.5
276.486	10.74
276.585	10.49
276.684	14.34
276.783	15
276.882	-2.94
276.981	-17.85
277.08	-19.08
277.178	-19.16
277.277	-17.28
277.376	5.82
277.475	18.77
277.574	16.72
277.673	10.16
277.772	0.99
277.871	-3.93
277.969	-19.49
278.068	-10.07
278.167	-0.65
278.266	10.74
278.365	14.26
278.464	29.83
278.562	21.72
278.661	24.75
278.76	22.37
278.859	23.27
278.958	16.39
279.056	21.55
279.155	7.3
279.254	5.17
279.353	-5.07
279.451	-0.57
279.55	-7.28
279.649	-3.52
279.748	-0.16
279.846	8.12
279.945	-7.61
280.044	-15.15
280.142	-22.52
280.241	-33.99
280.34	-31.12
280.438	-18.34
280.537	-15.89
280.636	-4.01
280.734	2.79
280.833	-1.88
280.932	-7.69
281.03	-9.41
281.129	-6.3
281.228	-6.87
281.326	-8.92
281.425	-0.16
281.523	13.11
281.622	8.61
281.721	-4.74
281.819	-17.52
281.918	-18.92
282.016	-19.41
282.115	-36.94
282.213	-23.01
282.312	-10.48
282.41	-8.51
282.509	-13.26
282.607	3.53
282.706	20.24
282.805	24.17
282.903	30.81
283.002	33.02
283.1	33.18
283.198	17.78
283.297	17.21
283.395	9.02
283.494	10.74
283.592	4.84
283.691	8.94
283.789	0.25
283.888	-10.81
283.986	-12.36
284.085	-6.63
284.183	-2.29
284.281	0.74
284.38	8.69
284.478	8.28
284.576	23.93
284.675	17.46
284.773	13.93
284.872	10.41
284.97	3.45
285.068	-11.13
285.167	-9.66
285.265	-6.22
285.363	-6.46
285.462	-2.7
285.56	-6.96
285.658	-9.58
285.757	-6.3
285.855	-3.93
285.953	-2.2
286.051	5.74
286.15	10.16
286.248	11.8
286.346	4.59
286.444	7.71
286.543	-3.02
286.641	-11.46
286.739	-17.69
286.837	-10.56
286.936	-14.41
287.034	-11.54
287.132	-7.86
287.23	-10.72
287.328	-0.89
287.427	4.18
287.525	0.09
287.623	0.42
287.721	6.07
287.819	-9
287.917	-16.87
288.016	-3.43
288.114	-4.83
288.212	-4.99
288.31	-1.55
288.408	10.41
288.506	1.07
288.604	3.45
288.702	5.58
288.8	5.82
288.899	3.2
288.997	9.76
289.095	4.1
289.193	-2.45
289.291	3.69
289.389	-4.5
289.487	-8.84
289.585	-3.68
289.683	0.25
289.781	-6.06
289.879	3.28
289.977	-0.08
290.075	1.65
290.173	1.89
290.271	13.11
290.369	7.22
290.467	15.65
290.565	6.4
290.663	-5.4
290.761	-10.07
290.859	-10.48
290.957	-10.56
291.055	2.71
291.152	8.12
291.25	2.96
291.348	0.91
291.446	-1.71
291.544	-9.33
291.642	-1.88
291.74	-7.45
291.838	-4.91
291.936	-7.69
292.033	-4.83
292.131	-9.41
292.229	-4.83
292.327	-7.37
292.425	1.4
292.523	5.33
292.62	3.45
292.718	2.22
292.816	8.03
292.914	-2.45
293.012	-10.89
293.109	-2.61
293.207	-7.04
293.305	-12.36
293.403	-9.74
293.5	-1.63
293.598	8.28
293.696	10.16
293.794	7.05
293.891	20.24
293.989	8.03
294.087	0.17
294.185	7.46
294.282	16.88
294.38	2.46
294.478	8.44
294.575	2.55
294.673	0.58
294.771	-14.33
294.868	-6.96
294.966	-6.14
295.064	-8.43
295.161	0.25
295.259	13.28
295.356	10.82
295.454	2.63
295.552	5.09
295.649	0.33
295.747	-1.55
295.844	-6.14
295.942	2.22
296.04	-1.3
296.137	-12.04
296.235	-8.84
296.332	1.56
296.43	7.95
296.527	2.87
296.625	12.29
296.722	13.93
296.82	6.56
296.917	1.32
297.015	8.03
297.112	-0.57
297.21	-5.73
297.307	-4.5
297.405	-8.68
297.502	-10.97
297.6	-4.5
297.697	0.01
297.795	1.65
297.892	8.53
297.99	17.13
298.087	11.72
298.184	10.66
298.282	2.63
298.379	0.58
298.477	4.27
298.574	16.14
298.671	19.67
298.769	24.91
298.866	18.03
298.964	10.66
299.061	0.91
299.158	-1.39
299.256	-6.22
299.353	4.27
299.45	7.13
299.548	2.63
299.645	14.59
299.742	24.09
299.839	21.31
299.937	21.31
300.034	35.97
300.131	21.8
300.229	14.59
300.326	18.93
300.423	16.8
300.52	11.23
300.618	5.9
300.715	5.33
300.812	0.91
300.909	8.28
301.006	12.79
301.104	6.48
301.201	10.82
301.298	9.51
301.395	2.46
301.492	0.99
301.59	12.05
301.687	19.42
301.784	13.28
301.881	12.13
301.978	12.29
302.075	13.03
302.173	2.3
302.27	13.61
302.367	16.88
302.464	18.27
302.561	20.73
302.658	29.5
302.755	23.52
302.852	15.65
302.949	2.71
303.046	-9.25
303.143	-16.21
303.24	-18.42
303.338	-12.12
303.435	-7.86
303.532	1.65
303.629	-0.24
303.726	2.38
303.823	-0.81
303.92	-2.29
304.017	-9.82
304.114	-4.09
304.211	3.2
304.308	8.03
304.405	7.54
304.502	5
304.599	7.3
304.695	-3.6
304.792	-7.2
304.889	2.96
304.986	14.1
305.083	11.97
305.18	23.76
305.277	26.14
305.374	22.04
305.471	13.28
305.568	12.13
305.665	5.25
305.761	5.5
305.858	9.59
305.955	8.44
306.052	12.13
306.149	13.61
306.246	14.34
306.343	6.4
306.439	1.65
306.536	-5.97
306.633	-5.73
306.73	-20.06
306.827	-7.53
306.923	-3.35
307.02	-2.94
307.117	-0.65
307.214	6.97
307.31	-2.29
307.407	-2.37
307.504	0.5
307.601	-3.76
307.697	7.05
307.794	-5.56
307.891	9.26
307.988	4.92
308.084	4.51
308.181	7.3
308.278	21.31
308.374	15
308.471	21.22
308.568	9.35
308.664	-4.01
308.761	-10.07
308.858	-19.74
308.954	-20.39
309.051	-8.68
309.147	-8.43
309.244	-9
309.341	8.61
309.437	1.81
309.534	4.43
309.63	12.46
309.727	6.72
309.824	-20.15
309.92	-11.38
310.017	-21.7
310.113	-22.36
310.21	-16.7
310.306	1.48
310.403	-4.01
310.499	5.25
310.596	-3.43
310.693	-0.73
310.789	-8.43
310.886	-8.51
310.982	-12.53
311.078	-4.99
311.175	6.72
311.271	18.19
311.368	18.68
311.464	17.78
311.561	16.23
311.657	2.71
311.754	-3.6
311.85	0.42
311.947	-1.14
312.043	1.81
312.139	13.61
312.236	14.18
312.332	11.8
312.429	15.74
312.525	21.63
312.621	14.01
312.718	10.41
312.814	16.47
312.91	15.33
313.007	2.3
313.103	-0.24
313.199	2.71
313.296	2.71
313.392	3.86
313.488	7.3
313.585	5
313.681	11.15
313.777	-0.48
313.873	-3.6
313.97	-3.68
314.066	2.71
314.162	1.81
314.259	8.36
314.355	20.4
314.451	19.26
314.547	17.13
314.643	18.19
314.74	23.44
314.836	11.31
314.932	11.39
315.028	10.74
315.124	-0.57
315.221	-8.1
315.317	4.51
315.413	7.79
315.509	7.63
315.605	8.53
315.701	1.97
315.798	-3.35
315.894	1.89
315.99	3.2
316.086	2.14
316.182	8.69
316.278	6.64
316.374	-1.71
316.47	-3.02
316.566	7.54
316.662	-1.3
316.759	-5.4
316.855	0.09
316.951	12.95
317.047	1.81
317.143	11.97
317.239	14.42
317.335	5.17
317.431	-11.3
317.527	-9.58
317.623	-7.53
317.719	-6.06
317.815	-4.5
317.911	7.46
318.007	7.3
318.103	1.48
318.199	-1.14
318.295	3.61
318.391	-0.73
318.487	-2.7
318.582	-8.1
318.678	2.46
318.774	2.79
318.87	-0.24
318.966	9.35
319.062	16.55
319.158	4.02
319.254	2.71
319.35	4.84
319.446	7.38
319.541	11.15
319.637	20.73
319.733	14.59
319.829	19.91
319.925	16.55
320.021	16.14
320.116	9.1
320.212	12.05
320.308	7.63
320.404	6.31
320.5	3.94
320.595	10.16
320.691	13.11
320.787	-1.3
320.883	1.15
320.978	-7.86
321.074	-6.87
321.17	-13.51
321.266	2.55
321.361	1.81
321.457	9.84
321.553	9.18
321.649	23.93
321.744	13.03
321.84	-1.22
321.936	7.54
322.031	3.2
322.127	-7.37
322.223	-2.37
322.318	14.51
322.414	9.1
322.51	4.51
322.605	5.41
322.701	6.31
322.796	3.04
322.892	-2.94
322.988	1.89
323.083	4.02
323.179	-2.12
323.274	-0.57
323.37	0.74
323.466	5.82
323.561	13.36
323.657	27.29
323.752	16.06
323.848	13.44
323.943	-1.55
324.039	-16.46
324.134	-27.85
324.23	-19.82
324.325	-18.02
324.421	-14.08
324.516	-7.94
324.612	0.01
324.707	-6.38
324.803	-6.96
324.898	0.25
324.994	-3.84
325.089	0.01
325.185	11.07
325.28	15.98
325.375	18.6
325.471	35.97
325.566	28.1
325.662	15.9
325.757	15.9
325.853	18.52
325.948	-3.19
326.043	-10.56
326.139	-3.43
326.234	-2.29
326.329	-10.89
326.425	0.83
326.52	19.83
326.615	19.42
326.711	25.57
326.806	33.43
326.901	35.81
326.997	14.83
327.092	15.24
327.187	0.25
327.283	-9.25
327.378	-18.42
327.473	-4.5
327.568	-2.29
327.664	3.04
327.759	7.63
327.854	8.36
327.949	12.7
328.045	8.53
328.14	13.85
328.235	12.29
328.33	6.15
328.425	3.2
328.521	2.96
328.616	0.42
328.711	-0.57
328.806	9.67
328.901	-4.83
328.996	-7.2
329.092	-11.05
329.187	-5.4
329.282	-3.76
329.377	3.53
329.472	-0.4
329.567	-4.83
329.662	-5.73
329.757	-15.39
329.853	-10.31
329.948	-5.4
330.043	3.53
330.138	0.25
330.233	15
330.328	3.78
330.423	5.66
330.518	2.79
330.613	-3.76
330.708	-11.22
330.803	-5.81
330.898	4.1
330.993	11.39
331.088	14.34
331.183	9.26
331.278	16.47
331.373	9.35
331.468	6.15
331.563	7.87
331.658	15.82
331.753	13.93
331.848	14.42
331.943	6.23
332.038	9.1
332.133	5.9
332.227	0.5
332.322	-5.32
332.417	5.09
332.512	-2.04
332.607	1.07
332.702	5
332.797	11.07
332.892	8.44
332.987	8.28
333.081	9.84
333.176	12.05
333.271	1.48
333.366	1.07
333.461	2.96
333.556	1.4
333.65	-0.16
333.745	17.13
333.84	10.66
333.935	17.95
334.029	15.65
334.124	8.77
334.219	-1.3
334.314	1.24
334.409	5
334.503	-0.4
334.598	8.12
334.693	3.78
334.787	5.33
334.882	-2.37
334.977	2.63
335.072	-0.81
335.166	2.22
335.261	1.48
335.356	-0.08
335.45	-1.96
335.545	-8.43
335.64	-3.35
335.734	-1.63
335.829	-1.8
335.924	0.42
336.018	3.28
336.113	1.89
336.207	7.22
336.302	7.95
336.397	4.92
336.491	9.18
336.586	5.17
336.68	-9.58
336.775	-8.76
336.869	-4.25
336.964	5.74
337.059	3.37
337.153	14.18
337.248	19.59
337.342	23.03
337.437	20.98
337.531	29.25
337.626	26.71
337.72	24.75
337.815	27.78
337.909	20.08
338.004	10.98
338.098	11.97
338.193	8.12
338.287	-11.54
338.381	-10.97
338.476	-2.61
338.57	-0.32
338.665	-0.24
338.759	11.23
338.854	15.24
338.948	20.73
339.042	11.23
339.137	9.84
339.231	5.17
339.326	1.89
339.42	-5.65
339.514	4.51
339.609	7.63
339.703	16.14
339.797	15.82
339.892	11.72
339.986	13.28
340.08	17.46
340.175	16.06
340.269	17.37
340.363	23.93
340.457	19.5
340.552	14.75
340.646	5.66
340.74	-1.47
340.835	-1.39
340.929	-1.47
341.023	0.33
341.117	5.82
341.212	-1.06
341.306	1.65
341.4	6.72
341.494	5.25
341.588	15.9
341.683	33.43
341.777	31.71
341.871	25.89
341.965	20.24
342.059	8.85
342.153	-1.06
342.248	-4.33
342.342	-4.42
342.436	1.97
342.53	3.78
342.624	7.71
342.718	13.69
342.812	17.21
342.906	12.38
343.001	6.81
343.095	6.4
343.189	1.32
343.283	9.26
343.377	10.82
343.471	13.44
343.565	19.34
343.659	29.17
343.753	23.44
343.847	21.8
343.941	21.06
344.035	15.57
344.129	0.33
344.223	-10.23
344.317	-8.27
344.411	-0.08
344.505	2.38
344.599	9.18
344.693	10.57
344.787	7.3
344.881	-0.98
344.975	-3.84
345.069	-6.46
345.163	-0.81
345.257	9.35
345.351	6.23
345.444	-1.88
345.538	5.41
345.632	4.68
345.726	-4.66
345.82	9.26
345.914	16.31
346.008	8.03
346.102	6.72
346.195	2.38
346.289	-9.66
346.383	-17.52
346.477	-14.17
346.571	-4.42
346.665	-5.24
346.758	-9.82
346.852	-1.71
346.946	-2.45
347.04	-15.39
347.133	-4.58
347.227	2.87
347.321	6.15
347.415	10.57
347.509	8.44
347.602	8.2
347.696	16.55
347.79	8.2
347.883	5.09
347.977	16.96
348.071	22.86
348.165	11.39
348.258	15.98
348.352	12.38
348.446	-1.3
348.539	-2.12
348.633	1.73
348.727	2.14
348.82	5
348.914	14.59
349.007	-1.47
349.101	-6.87
349.195	-3.6
349.288	-2.61
349.382	-10.81
349.476	6.4
349.569	12.87
349.663	14.67
349.756	5.5
349.85	5.41
349.943	-1.39
350.037	0.42
350.13	-2.29
350.224	0.74
350.318	9.26
350.411	9.76
350.505	0.09
350.598	4.27
350.692	6.48
350.785	6.72
350.879	4.27
350.972	11.31
351.066	7.38
351.159	5.58
351.252	-4.33
351.346	-4.66
351.439	-7.04
351.533	-10.15
351.626	-1.8
351.72	10.33
351.813	11.64
351.906	11.64
352	5.74
352.093	-0.32
352.187	-2.37
352.28	-6.63
352.373	-3.02
352.467	1.97
352.56	-2.94
352.653	0.09
352.747	1.24
352.84	7.54
352.933	12.29
353.027	9.59
353.12	5.74
353.213	11.97
353.307	-4.91
353.4	-8.76
353.493	-3.93
353.586	-3.11
353.68	-4.74
353.773	7.46
353.866	10.98
353.96	9.02
354.053	21.88
354.146	12.05
354.239	11.15
354.332	4.59
354.426	5.82
354.519	-14.57
354.612	-3.27
354.705	-0.16
354.798	6.97
354.892	5.5
354.985	15.82
355.078	8.36
355.171	2.22
355.264	0.66
355.357	8.77
355.45	-6.55
355.544	-1.88
355.637	2.38
355.73	-9.33
355.823	-5.15
355.916	10
356.009	0.42
356.102	-4.01
356.195	0.66
356.288	-3.68
356.381	-9.99
356.474	-3.6
356.567	-4.01
356.66	-14.08
356.754	-4.42
356.847	-1.88
356.94	-1.55
357.033	1.07
357.126	16.14
357.219	-3.52
357.312	-11.38
357.405	-12.04
357.497	-5.48
357.59	-10.89
357.683	-7.2
357.776	-11.22
357.869	1.65
357.962	-6.38
358.055	-8.35
358.148	-6.96
358.241	6.89
358.334	-0.73
358.427	0.58
358.52	11.15
358.613	11.31
358.705	10
358.798	0.17
358.891	-7.37
358.984	-4.74
359.077	-12.04
359.17	-17.61
359.263	-5.89
359.355	-4.33
359.448	2.14
359.541	0.01
359.634	-0.65
359.727	-13.02
359.819	-12.12
359.912	-19.49
360.005	-15.97
360.098	-6.71
360.19	6.4
360.283	14.83
360.376	3.2
360.469	8.12
360.561	0.74
360.654	-12.53
360.747	-16.3
360.84	-17.28
360.932	-20.39
361.025	-13.02
361.118	-4.91
361.21	-8.68
361.303	-4.33
361.396	4.35
361.488	-1.3
361.581	-6.46
361.674	8.94
361.766	11.64
361.859	20
361.951	19.5
362.044	30.48
362.137	24.83
362.229	22.45
362.322	3.94
362.414	6.81
362.507	-1.71
362.6	-9.5
362.692	2.3
362.785	11.07
362.877	1.15
362.97	2.14
363.062	5.66
363.155	4.18
363.247	3.04
363.34	11.23
363.432	13.44
363.525	17.05
363.617	8.94
363.71	9.84
363.802	5.9
363.895	13.28
363.987	5.66
364.08	9.18
364.172	5.17
364.265	13.44
364.357	5
364.449	6.48
364.542	8.61
364.634	13.36
364.727	5.9
364.819	12.13
364.911	14.01
365.004	11.8
365.096	2.38
365.188	2.55
365.281	0.58
365.373	-5.73
365.466	-6.55
365.558	-3.76
365.65	-12.85
365.742	-18.42
365.835	-14.33
365.927	-19.98
366.019	-13.84
366.112	-0.81
366.204	-4.99
366.296	-2.45
366.389	4.59
366.481	-4.74
366.573	-4.58
366.665	-1.63
366.758	-6.22
366.85	-15.39
366.942	-3.43
367.034	-2.94
367.126	1.4
367.219	-2.45
367.311	4.84
367.403	-0.16
367.495	-6.55
367.587	-4.42
367.679	2.46
367.772	-5.97
367.864	-3.93
367.956	-6.14
368.048	-7.69
368.14	-13.02
368.232	-6.71
368.324	3.61
368.417	5.33
368.509	3.2
368.601	3.37
368.693	7.38
368.785	-3.19
368.877	-5.07
368.969	-6.06
369.061	6.4
369.153	0.01
369.245	5.33
369.337	5.74
369.429	-1.39
369.521	-13.1
369.613	-10.97
369.705	-23.5
369.797	-17.52
369.889	-6.79
369.981	-4.17
370.073	-3.43
370.165	9.1
370.257	14.92
370.349	11.72
370.441	14.67
370.533	11.56
370.625	12.21
370.717	9.1
370.809	15.41
370.901	14.83
370.993	9.84
371.084	2.79
371.176	1.97
371.268	-4.83
371.36	-4.5
371.452	-1.96
371.544	5.66
371.636	2.71
371.727	8.36
371.819	7.71
371.911	6.89
372.003	3.04
372.095	2.96
372.187	3.86
372.278	9.35
372.37	17.54
372.462	12.13
372.554	6.56
372.645	3.86
372.737	1.56
372.829	-3.52
372.921	-5.32
373.012	-7.53
373.104	-13.92
373.196	-15.64
373.288	-9.17
373.379	-4.5
373.471	0.74
373.563	-0.98
373.654	-3.19
373.746	-2.7
373.838	-6.22
373.929	-10.31
374.021	-1.8
374.113	-4.5
374.204	-5.89
374.296	-14.98
374.388	-9.58
374.479	-22.28
374.571	-18.26
374.662	-18.75
374.754	-4.66
374.846	5.09
374.937	21.22
375.029	24.83
375.12	23.35
375.212	26.22
375.304	20.08
375.395	13.2
375.487	8.36
375.578	12.95
375.67	10.16
375.761	6.15
375.853	5.5
375.944	3.86
376.036	-2.04
376.127	6.4
376.219	9.92
376.31	17.13
376.402	16.96
376.493	20.08
376.584	15.41
376.676	16.8
376.767	10.41
376.859	24.58
376.95	20
377.042	5.09
377.133	-0.98
377.224	-2.53
377.316	-14.17
377.407	-6.22
377.499	-5.65
377.59	-5.97
377.681	-4.83
377.773	-3.93
377.864	-11.87
377.955	2.71
378.047	5.9
378.138	19.67
378.229	17.54
378.321	15.24
378.412	8.36
378.503	15.41
378.595	1.73
378.686	6.07
378.777	14.59
378.868	22.94
378.96	21.22
379.051	14.1
379.142	10.57
379.233	5.17
379.325	0.09
379.416	-5.97
379.507	1.24
379.598	1.07
379.689	0.99
379.781	0.99
379.872	4.76
379.963	5.82
380.054	13.93
380.145	12.54
380.236	11.15
380.328	12.54
380.419	17.87
380.51	4.68
380.601	8.94
380.692	4.51
380.783	3.78
380.874	-1.8
380.965	9.76
381.056	16.23
381.148	14.51
381.239	13.69
381.33	13.93
381.421	9.35
381.512	-4.99
381.603	-4.01
381.694	4.18
381.785	-1.3
381.876	4.76
381.967	18.68
382.058	26.63
382.149	18.6
382.24	25.65
382.331	18.36
382.422	11.23
382.513	0.74
382.604	2.3
382.695	0.33
382.786	4.27
382.877	7.95
382.968	8.36
383.059	0.25
383.149	-2.2
383.24	-12.28
383.331	-14.17
383.422	-3.27
383.513	4.76
383.604	9.18
383.695	12.38
383.786	11.07
383.877	6.23
383.967	8.94
384.058	6.15
384.149	15.33
384.24	18.77
384.331	13.2
384.421	8.36
384.512	7.13
384.603	3.78
384.694	-1.55
384.785	5.58
384.875	7.3
384.966	15.24
385.057	4.35
385.148	8.28
385.238	7.95
385.329	7.13
385.42	2.71
385.511	14.67
385.601	13.28
385.692	20.57
385.783	18.11
385.873	19.26
385.964	19.83
386.055	23.03
386.146	11.48
386.236	8.44
386.327	4.27
386.417	1.07
386.508	-6.79
386.599	-3.6
386.689	-2.29
386.78	-0.48
386.871	1.07
386.961	7.13
387.052	-0.24
387.142	4.92
387.233	-3.68
387.324	0.66
387.414	-1.39
387.505	9.26
387.595	5.17
387.686	13.85
387.776	8.44
387.867	15.33
387.957	19.34
388.048	20.4
388.138	19.18
388.229	9.35
388.319	8.44
388.41	-1.14
388.5	-0.57
388.591	0.5
388.681	9.26
388.772	9.02
388.862	8.61
388.953	5.25
389.043	-3.68
389.134	-2.04
389.224	-10.31
389.314	-4.5
389.405	-5.32
389.495	5.33
389.586	7.87
389.676	9.1
389.766	8.44
389.857	7.46
389.947	3.86
390.037	0.42
390.128	-6.63
390.218	-14.17
390.308	-20.31
390.399	-14.17
390.489	-16.13
390.579	-10.4
390.67	-8.84
390.76	-1.3
390.85	-3.84
390.94	-0.08
391.031	1.4
391.121	3.12
391.211	12.7
391.301	10.9
391.392	8.2
391.482	7.46
391.572	9.43
391.662	4.1
391.753	2.14
391.843	-6.71
391.933	-0.16
392.023	-3.35
392.113	-1.96
392.204	2.22
392.294	-5.65
392.384	-4.17
392.474	-1.22
392.564	0.5
392.654	-6.79
392.744	14.1
392.835	4.92
392.925	2.55
393.015	-0.57
393.105	7.87
393.195	-0.89
393.285	6.56
393.375	7.79
393.465	10
393.555	4.76
393.645	12.95
393.735	4.1
393.825	0.17
393.915	-5.89
394.005	0.09
394.095	-13.02
394.185	-12.04
394.275	-18.51
394.365	-9.58
394.455	-12.85
394.545	-3.27
394.635	-7.2
394.725	9.59
394.815	1.81
394.905	0.5
394.995	10.9
395.085	12.79
395.175	18.03
395.265	20.9
395.355	24.17
395.445	21.55
395.535	22.45
395.625	9.76
395.714	10.66
395.804	5.5
395.894	-7.04
395.984	-0.57
396.074	-0.16
396.164	-8.1
396.254	-2.7
396.343	5.74
396.433	8.61
396.523	6.81
396.613	13.61
396.703	9.35
396.792	8.2
396.882	8.85
396.972	17.29
397.062	6.48
397.151	10.41
397.241	2.22
397.331	-14.33
397.421	-10.89
397.51	6.31
397.6	2.05
397.69	-4.33
397.78	6.89
397.869	-6.63
397.959	-8.59
398.049	-9.82
398.138	6.89
398.228	11.72
398.318	17.54
398.407	21.31
398.497	20.57
398.587	8.03
398.676	1.56
398.766	7.05
398.856	-5.56
398.945	-0.57
399.035	3.94
399.124	10.74
399.214	6.4
399.303	8.69
399.393	2.05
399.483	4.68
399.572	-3.19
399.662	-0.98
399.751	1.32
399.841	13.11
399.93	6.31
400.02	13.85
400.109	11.72
400.199	6.81
400.288	-6.22
400.378	-2.61
400.467	-11.13
400.557	-17.44
400.646	-12.12
400.736	2.05
400.825	9.35
400.915	7.22
401.004	8.69
401.094	1.56
401.183	-7.69
401.272	-9.82
401.362	-1.14
401.451	7.38
401.541	8.69
401.63	19.67
401.719	25.4
401.809	26.47
401.898	26.71
401.987	34.17
402.077	18.19
402.166	14.75
402.255	13.52
402.345	8.28
402.434	11.23
402.523	7.87
402.613	-6.55
402.702	-5.07
402.791	-12.85
402.881	-18.59
402.97	-14.41
403.059	-0.48
403.148	2.79
403.238	18.44
403.327	15.16
403.416	21.22
403.505	16.8
403.594	12.79
403.684	8.03
403.773	9.43
403.862	3.86
403.951	4.59
404.04	6.56
404.13	-3.11
404.219	-6.96
404.308	1.56
404.397	0.58
404.486	-2.7
404.575	8.61
404.665	17.54
404.754	24.25
404.843	24.99
404.932	21.06
405.021	16.06
405.11	13.11
405.199	3.94
405.288	3.78
405.377	3.12
405.466	-1.14
405.555	-4.17
405.644	-3.27
405.733	-6.14
405.823	-7.28
405.912	0.58
406.001	1.97
406.09	12.38
406.179	4.1
406.268	3.45
406.357	0.42
406.446	-3.35
406.534	-12.61
406.623	1.48
406.712	-3.02
406.801	-14.49
406.89	-7.94
406.979	-15.64
407.068	-20.64
407.157	-16.3
407.246	-5.65
407.335	-1.96
407.424	3.86
407.513	-0.24
407.602	1.4
407.69	6.31
407.779	-2.7
407.868	-3.76
407.957	3.45
408.046	15.98
408.135	17.62
408.223	24.34
408.312	32.04
408.401	30.89
408.49	19.01
408.579	10.08
408.668	18.85
408.756	4.59
408.845	0.33
408.934	3.69
409.023	5.82
409.111	-5.97
409.2	0.74
409.289	15.49
409.378	8.44
409.466	5.25
409.555	13.36
409.644	15.74
409.732	-1.06
409.821	2.63
409.91	10
409.998	-11.63
410.087	-17.52
410.176	-20.8
410.264	-14.74
410.353	-12.69
410.442	2.38
410.53	7.46
410.619	17.95
410.708	16.96
410.796	17.21
410.885	15.9
410.973	21.06
411.062	16.8
411.151	13.36
411.239	8.03
411.328	11.15
411.416	1.48
411.505	-0.81
411.593	-3.52
411.682	-5.15
411.77	4.43
411.859	1.15
411.947	-0.65
412.036	4.76
412.124	2.96
412.213	-18.18
412.301	-5.81
412.39	4.1
412.478	0.58
412.567	1.48
412.655	16.31
412.744	16.14
412.832	21.72
412.92	17.87
413.009	17.13
413.097	11.15
413.186	8.53
413.274	-0.98
413.363	6.4
413.451	10.08
413.539	7.3
413.628	3.04
413.716	3.86
413.804	5.41
413.893	1.07
413.981	-6.96
414.069	-4.99
414.158	2.05
414.246	-2.12
414.334	2.05
414.423	18.27
414.511	17.37
414.599	15.41
414.687	19.26
414.776	15.74
414.864	13.2
414.952	6.07
415.04	6.23
415.129	6.72
415.217	12.95
415.305	10
415.393	25.32
415.482	20.32
415.57	22.37
415.658	18.03
415.746	20.81
415.834	12.7
415.922	21.96
416.011	12.79
416.099	10.33
416.187	8.61
416.275	4.27
416.363	-12.94
416.451	-14.33
416.539	-12.2
416.628	-12.2
416.716	-3.35
416.804	7.46
416.892	15.33
416.98	5.5
417.068	12.13
417.156	5.9
417.244	-3.02
417.332	-5.24
417.42	-0.89
417.508	-6.79
417.596	-8.1
417.684	-0.73
417.772	-1.3
417.86	15
417.948	11.97
418.036	25.65
418.124	22.86
418.212	32.45
418.3	24.25
418.388	19.26
418.476	4.35
418.564	13.28
418.652	10.74
418.74	2.79
418.828	9.1
418.916	10.25
419.004	6.56
419.091	3.69
419.179	15.24
419.267	10
419.355	24.42
419.443	19.75
419.531	7.22
419.619	1.48
419.706	13.36
419.794	4.35
419.882	10.66
419.97	25.98
420.058	24.34
420.146	21.55
420.233	26.71
420.321	24.01
420.409	20.16
420.497	15
420.584	15.65
420.672	9.18
420.76	10.41
420.848	4.76
420.935	4.43
421.023	2.96
421.111	-4.91
421.199	-10.56
421.286	-4.5
421.374	1.56
421.462	-0.48
421.549	12.62
421.637	19.83
421.725	16.72
421.812	16.55
421.9	12.87
421.988	9.18
422.075	2.46
422.163	6.15
422.25	3.69
422.338	8.12
422.426	9.92
422.513	16.8
422.601	16.47
422.688	16.64
422.776	16.39
422.864	5.99
422.951	3.37
423.039	-3.68
423.126	8.77
423.214	12.87
423.301	25.07
423.389	24.75
423.476	25.24
423.564	17.29
423.651	7.05
423.739	1.73
423.826	-1.55
423.914	8.03
424.001	17.29
424.089	26.14
424.176	23.11
424.264	31.63
424.351	33.68
424.438	10.9
424.526	7.54
424.613	5.74
424.701	-1.88
424.788	-16.54
424.876	-6.55
424.963	-14.25
425.05	-9.91
425.138	-11.3
425.225	-4.09
425.312	-2.45
425.4	-2.7
425.487	-7.86
425.574	3.86
425.662	6.81
425.749	12.87
425.836	24.99
425.924	30.64
426.011	24.01
426.098	25.32
426.185	23.35
426.273	9.67
426.36	16.64
426.447	19.42
426.534	10.49
426.622	8.36
426.709	17.62
426.796	12.13
426.883	5.58
426.971	17.62
427.058	20.4
427.145	27.12
427.232	26.71
427.319	33.27
427.406	22.12
427.494	19.42
427.581	13.44
427.668	13.69
427.755	5.25
427.842	9.18
427.929	5.09
428.016	-3.68
428.104	-12.28
428.191	-11.3
428.278	-10.89
428.365	-3.68
428.452	8.85
428.539	16.47
428.626	21.22
428.713	17.46
428.8	3.37
428.887	0.83
428.974	-5.4
429.061	-2.7
429.148	-7.69
429.235	-2.7
429.322	-8.27
429.409	-8.35
429.496	-20.31
429.583	-12.36
429.67	-10.07
429.757	-11.87
429.844	-0.32
429.931	1.32
430.018	-1.8
430.105	-0.89
430.192	-3.11
430.279	-0.57
430.366	9.59
430.453	5.58
430.539	17.95
430.626	27.86
430.713	22.7
430.8	15.98
430.887	11.23
430.974	-0.08
431.061	5.25
431.147	8.03
431.234	10.9
431.321	24.34
431.408	30.97
431.495	24.99
431.582	12.79
431.668	8.12
431.755	1.32
431.842	-4.99
431.929	-4.74
432.015	5.17
432.102	13.36
432.189	25.32
432.276	29.58
432.362	20.08
432.449	14.18
432.536	13.03
432.623	9.1
432.709	5.17
432.796	6.4
432.883	1.07
432.969	5.82
433.056	5.9
433.143	11.48
433.229	9.76
433.316	19.5
433.403	14.67
433.489	2.96
433.576	-2.29
433.662	5.41
433.749	5.58
433.836	4.59
433.922	13.61
434.009	20
434.095	19.83
434.182	16.14
434.268	15.57
434.355	12.79
434.442	13.77
434.528	9.76
434.615	15.82
434.701	16.8
434.788	26.47
434.874	25.07
434.961	33.59
435.047	29.33
435.134	32.45
435.22	39
435.307	39.82
435.393	34.17
435.48	44.32
435.566	42.19
435.652	31.55
435.739	37.77
435.825	32.28
435.912	18.44
435.998	10.41
436.084	1.48
436.171	-14.66
436.257	-5.89
436.344	-3.02
436.43	5.41
436.516	12.62
436.603	23.76
436.689	21.06
436.775	23.35
436.862	16.47
436.948	20.4
437.034	16.23
437.121	20.57
437.207	33.35
437.293	39.82
437.38	31.79
437.466	24.42
437.552	19.67
437.638	3.94
437.725	6.31
437.811	8.94
437.897	22.62
437.983	31.55
438.07	38.75
438.156	31.3
438.242	35.23
438.328	27.12
438.414	29.66
438.501	27.12
438.587	31.14
438.673	25.81
438.759	31.96
438.845	25.4
438.931	25.81
439.017	22.04
439.104	28.92
439.19	21.31
439.276	29.09
439.362	26.63
439.448	43.01
439.534	34.99
439.62	34.25
439.706	26.22
439.792	41.13
439.878	40.23
439.964	53.01
440.05	65.38
440.137	66.36
440.223	58.74
440.309	52.84
440.395	48.91
440.481	42.6
440.567	49.4
440.653	45.39
440.739	43.75
440.825	43.18
440.911	46.95
440.996	40.72
441.082	40.64
441.168	43.1
441.254	42.28
441.34	45.06
441.426	42.28
441.512	51.29
441.598	52.19
441.684	63.25
441.77	56.86
441.856	60.3
441.941	50.39
442.027	48.58
442.113	39.74
442.199	50.06
442.285	38.59
442.371	48.75
442.457	44.16
442.542	48.01
442.628	43.92
442.714	62.1
442.8	63.82
442.886	65.79
442.971	69.39
443.057	63.74
443.143	60.3
443.229	52.93
443.314	62.51
443.4	65.05
443.486	75.86
443.572	79.88
443.657	88.64
443.743	95.85
443.829	96.83
443.914	89.13
444	90.36
444.086	76.11
444.171	68.9
444.257	58.74
444.343	53.75
444.428	41.62
444.514	51.53
444.6	47.11
444.685	52.43
444.771	64.89
444.857	78.16
444.942	74.72
445.028	86.43
445.113	90.28
445.199	90.04
445.285	88.89
445.37	93.39
445.456	83.65
445.541	78.08
445.627	78.48
445.712	83.65
445.798	91.76
445.883	94.7
445.969	102.08
446.054	93.07
446.14	91.43
446.225	83.81
446.311	92.74
446.396	96.92
446.482	102.08
446.567	100.28
446.653	104.04
446.738	101.18
446.823	91.1
446.909	93.31
446.994	95.36
447.08	98.8
447.165	100.19
447.251	103.8
447.336	101.67
447.421	98.8
447.507	109.86
447.592	103.88
447.677	114.12
447.763	125.59
447.848	121.74
447.933	106.91
448.019	119.69
448.104	115.92
448.189	111.74
448.275	136.57
448.36	148.36
448.445	144.59
448.53	141.07
448.616	147.05
448.701	140.74
448.786	140.25
448.872	143.69
448.957	146.4
449.042	153.19
449.127	145.49
449.212	140.91
449.298	136.81
449.383	140.33
449.468	124.44
449.553	129.85
449.638	128.87
449.724	130.67
449.809	118.63
449.894	125.51
449.979	130.67
450.064	143.94
450.149	149.34
450.234	169.5
450.319	166.55
450.405	153.28
450.49	157.54
450.575	156.96
450.66	151.47
450.745	152.79
450.83	158.85
450.915	145
451	145.9
451.085	144.59
451.17	152.54
451.255	153.77
451.34	159.99
451.425	160.24
451.51	159.09
451.595	161.14
451.68	154.18
451.765	147.46
451.85	137.96
451.935	141.15
452.02	136.97
452.105	150.74
452.19	152.21
452.275	160.08
452.36	164.34
452.445	166.96
452.53	168.51
452.615	171.63
452.699	162.12
452.784	162.94
452.869	165.81
452.954	168.51
453.039	172.69
453.124	184.9
453.209	188.75
453.293	192.43
453.378	189.81
453.463	192.11
453.548	189.81
453.633	178.75
453.718	179.41
453.802	182.69
453.887	187.27
453.972	189.4
454.057	199.64
454.141	192.84
454.226	191.94
454.311	187.03
454.396	190.39
454.48	193.74
454.565	189.89
454.65	179.49
454.735	172.69
454.819	167.69
454.904	154.34
454.989	162.45
455.073	167.69
455.158	173.67
455.243	174.82
455.327	185.88
455.412	184.9
455.497	197.68
455.581	191.12
455.666	195.3
455.75	195.87
455.835	200.13
455.92	185.14
456.004	188.01
456.089	183.75
456.173	184.65
456.258	183.67
456.343	184.82
456.427	191.04
456.512	191.45
456.596	189.57
456.681	189.08
456.765	199.07
456.85	196.61
456.934	206.2
457.019	207.26
457.103	208.49
457.188	199.4
457.272	204.64
457.357	194.56
457.441	184.32
457.526	174.82
457.61	184.82
457.694	178.34
457.779	175.72
457.863	177.85
457.948	186.04
458.032	174.66
458.116	176.3
458.201	176.38
458.285	179.98
458.37	185.63
458.454	187.93
458.538	185.47
458.623	189.98
458.707	192.76
458.791	183.01
458.876	180.39
458.96	175.89
459.044	174.58
459.129	175.07
459.213	170.97
459.297	181.21
459.381	190.63
459.466	191.86
459.55	171.95
459.634	170.48
459.718	167.04
459.803	163.19
459.887	152.62
459.971	153.77
460.055	159.01
460.14	152.38
460.224	144.27
460.308	149.02
460.392	160.32
460.476	158.44
460.56	154.1
460.645	158.6
460.729	159.01
460.813	164.58
460.897	156.39
460.981	160.32
461.065	157.86
461.149	160.24
461.233	159.5
461.318	167.94
461.402	162.86
461.486	163.19
461.57	162.94
461.654	160.73
461.738	155.57
461.822	158.77
461.906	155.32
461.99	142.14
462.074	136.16
462.158	134.76
462.242	126.57
462.326	120.35
462.41	124.44
462.494	134.03
462.578	129.44
462.662	137.3
462.746	133.29
462.83	144.59
462.914	123.29
462.998	131.08
463.082	124.11
463.166	144.76
463.25	146.64
463.334	165.24
463.417	161.14
463.501	165.07
463.585	152.62
463.669	145.41
463.753	131.9
463.837	129.68
463.921	127.23
464.004	126.24
464.088	121.33
464.172	120.26
464.256	119.77
464.34	124.44
464.424	126.82
464.507	132.39
464.591	136.32
464.675	130.34
464.759	121.16
464.842	112.32
464.926	103.06
465.01	93.89
465.094	102.32
465.177	105.35
465.261	115.27
465.345	111.74
465.429	108.55
465.512	97.16
465.596	97.9
465.68	86.1
465.763	93.07
465.847	108.79
465.931	117.4
466.014	118.95
466.098	125.34
466.182	129.44
466.265	119.03
466.349	117.15
466.433	120.18
466.516	112.48
466.6	95.77
466.683	107.48
466.767	108.79
466.851	97.41
466.934	100.52
467.018	108.63
467.101	94.38
467.185	95.52
467.268	101.09
467.352	97.33
467.435	105.27
467.519	113.05
467.602	116.17
467.686	108.79
467.769	114.77
467.853	105.19
467.936	97.33
468.02	89.87
468.103	91.43
468.187	91.26
468.27	89.13
468.354	92.66
468.437	94.3
468.52	80.21
468.604	75.86
468.687	74.31
468.771	72.75
468.854	75.37
468.937	93.31
469.021	97.41
469.104	95.93
469.187	90.61
469.271	89.79
469.354	87.58
469.437	86.76
469.521	89.95
469.604	88.72
469.687	82.25
469.771	87.82
469.854	78.98
469.937	71.03
470.021	72.42
470.104	74.55
470.187	59.32
470.27	64.8
470.354	73.16
470.437	70.46
470.52	69.06
470.603	75.78
470.686	70.95
470.77	63.66
470.853	58.74
470.936	58.82
471.019	56.37
471.102	62.67
471.186	67.02
471.269	74.23
471.352	71.03
471.435	72.75
471.518	72.42
471.601	70.05
471.684	85.12
471.768	91.26
471.851	92.82
471.934	92.82
472.017	97.49
472.1	85.2
472.183	87.66
472.266	86.35
472.349	83.65
472.432	78.4
472.515	72.34
472.598	57.84
472.681	56.04
472.764	55.14
472.847	50.63
472.93	50.14
473.013	52.11
473.096	54.81
473.179	60.46
473.262	73.73
473.345	75.86
473.428	85.94
473.511	83.65
473.594	81.6
473.677	75.7
473.76	81.76
473.843	75.37
473.926	77.01
474.009	78.81
474.091	81.11
474.174	75.54
474.257	72.91
474.34	64.8
474.423	58.41
474.506	62.59
474.589	65.46
474.671	65.54
474.754	82.01
474.837	73.73
474.92	67.59
475.003	69.23
475.085	71.03
475.168	57.43
475.251	67.59
475.334	56.69
475.417	55.38
475.499	62.1
475.582	70.54
475.665	67.75
475.748	83.81
475.83	81.76
475.913	84.55
475.996	77.42
476.078	82.09
476.161	73.49
476.244	71.36
476.326	61.28
476.409	61.94
476.492	52.93
476.574	51.94
476.657	48.34
476.74	49.24
476.822	45.64
476.905	43.92
476.988	42.36
477.07	55.63
477.153	57.76
477.235	56.53
477.318	67.92
477.4	77.58
477.483	73.32
477.566	70.54
477.648	72.91
477.731	68.82
477.813	64.8
477.896	63.41
477.978	60.46
478.061	66.93
478.143	73.41
478.226	71.85
478.308	77.09
478.391	80.37
478.473	83.48
478.556	69.31
478.638	72.1
478.72	65.13
478.803	70.38
478.885	64.97
478.968	76.85
479.05	74.88
479.133	79.47
479.215	77.75
479.297	79.3
479.38	69.88
479.462	69.88
479.544	63.66
479.627	58.01
479.709	55.06
479.792	53.09
479.874	51.78
479.956	51.04
480.039	53.42
480.121	46.21
480.203	48.01
480.285	51.29
480.368	56.12
480.45	54.65
480.532	63.17
480.615	73.98
480.697	70.13
480.779	64.72
480.861	67.67
480.943	65.13
481.026	71.36
481.108	81.84
481.19	85.78
481.272	88.48
481.354	97.49
481.437	87
481.519	73.82
481.601	72.26
481.683	79.14
481.765	70.38
481.847	75.21
481.93	86.59
482.012	97.08
482.094	91.67
482.176	96.26
482.258	96.92
482.34	81.43
482.422	69.88
482.504	71.19
482.586	74.14
482.668	69.23
482.75	91.92
482.833	92.66
482.915	85.12
482.997	81.43
483.079	83.97
483.161	64.31
483.243	66.69
483.325	73.98
483.407	67.84
483.489	71.52
483.571	84.79
483.653	85.28
483.735	80.45
483.816	85.45
483.898	82.25
483.98	80.04
484.062	81.02
484.144	84.63
484.226	89.13
484.308	97.9
484.39	101.59
484.472	108.47
484.554	117.15
484.636	126.16
484.717	117.64
484.799	109.04
484.881	118.22
484.963	109.12
485.045	95.28
485.127	98.31
485.208	110.43
485.29	97.98
485.372	99.62
485.454	102.98
485.536	100.36
485.617	102
485.699	95.61
485.781	97
485.863	98.8
485.944	117.89
486.026	104.54
486.108	120.51
486.19	130.09
486.271	130.67
486.353	108.55
486.435	115.76
486.516	111.5
486.598	98.06
486.68	107.89
486.761	113.79
486.843	119.94
486.925	109.37
487.006	116.33
487.088	105.76
487.17	101.09
487.251	102.32
487.333	106.17
487.414	108.79
487.496	120.43
487.578	115.43
487.659	106.26
487.741	109.2
487.822	111.33
487.904	114.37
487.985	125.67
488.067	121.57
488.148	132.72
488.23	127.96
488.311	119.36
488.393	125.34
488.474	125.51
488.556	118.79
488.637	120.92
488.719	128.95
488.8	120.51
488.882	136.24
488.963	134.27
489.045	134.6
489.126	129.77
489.207	137.71
489.289	131.4
489.37	134.93
489.452	136.32
489.533	138.61
489.614	131.9
489.696	133.62
489.777	135.01
489.859	138.53
489.94	137.96
490.021	137.96
490.103	137.3
490.184	133.37
490.265	134.35
490.347	128.21
490.428	136.57
490.509	144.68
490.59	145.33
490.672	135.25
490.753	133.37
490.834	138.2
490.915	132.14
490.997	130.91
491.078	130.34
491.159	135.01
491.24	127.39
491.322	129.52
491.403	126.98
491.484	136.81
491.565	138.37
491.646	138.04
491.728	131.16
491.809	146.4
491.89	149.92
491.971	156.64
492.052	168.92
492.133	183.75
492.214	181.95
492.296	175.31
492.377	173.26
492.458	169.99
492.539	163.68
492.62	169.91
492.701	178.59
492.782	186.78
492.863	181.13
492.944	184.16
493.025	182.03
493.106	189.81
493.187	188.34
493.268	193.01
493.349	202.51
493.43	191.53
493.511	185.55
493.592	184.98
493.673	179.33
493.754	175.56
493.835	189.73
493.916	193.34
493.997	194.89
494.078	202.84
494.159	199.4
494.24	190.06
494.321	187.44
494.402	190.14
494.483	190.88
494.564	189.57
494.644	203
494.725	193.17
494.806	186.62
494.887	193.66
494.968	199.56
495.049	206.44
495.13	222.17
495.21	225.53
495.291	213.49
495.372	203
495.453	205.3
495.534	207.02
495.614	204.89
495.695	221.19
495.776	234.62
495.857	224.63
495.938	224.14
496.018	233.64
496.099	223.56
496.18	221.84
496.26	215.54
496.341	211.52
496.422	213.65
496.503	226.1
496.583	228.15
496.664	242.49
496.745	239.62
496.825	241.01
496.906	232.33
496.987	240.11
497.067	232.33
497.148	251.58
497.228	265.67
497.309	277.55
497.39	277.55
497.47	284.1
497.551	289.59
497.632	273.45
497.712	274.35
497.793	267.39
497.873	270.17
497.954	261.57
498.034	266.57
498.115	267.06
498.195	267.14
498.276	272.06
498.356	270.17
498.437	277.96
498.517	284.02
498.598	284.26
498.678	285.9
498.759	295.9
498.839	305.24
498.92	304.17
499	318.67
499.081	319.49
499.161	317.69
499.242	309.09
499.322	313.26
499.402	313.92
499.483	327.52
499.563	333.33
499.644	333.01
499.724	348.65
499.804	359.55
499.885	363.64
499.965	358.24
500.045	370.69
500.126	370.2
500.206	368.64
500.286	361.6
500.367	381.34
500.447	379.86
500.527	369.13
500.608	376.42
500.688	379.21
500.768	374.21
500.848	391.99
500.929	400.02
501.009	395.84
501.089	399.85
501.169	411.65
501.25	402.72
501.33	402.64
501.41	409.44
501.49	412.8
501.57	414.35
501.651	415.74
501.731	429.67
501.811	436.06
501.891	436.47
501.971	439.58
502.051	435.4
502.131	440.32
502.212	444.42
502.292	448.59
502.372	457.03
502.452	463.18
502.532	457.52
502.612	456.13
502.692	460.8
502.772	447.86
502.852	462.6
502.932	476.2
503.012	478.66
503.092	483.57
503.172	492.67
503.252	501.51
503.332	496.68
503.412	510.2
503.492	521.75
503.572	528.38
503.652	524.86
503.732	526.42
503.812	529.61
503.892	525.52
503.972	533.63
504.052	538.21
504.132	553.86
504.212	555.33
504.292	572.05
504.372	573.6
504.452	583.43
504.532	584.74
504.612	580.73
504.691	585.56
504.771	592.69
504.851	596.87
504.931	612.35
505.011	636.68
505.091	648.64
505.17	666.25
505.25	675.02
505.33	681.65
505.41	690.99
505.49	701.72
505.57	703.28
505.649	701.89
505.729	714.83
505.809	718.35
505.889	719.74
505.968	734
506.048	757.92
506.128	772.34
506.207	791.59
506.287	790.03
506.367	797.65
506.447	812.72
506.526	806.17
506.606	817.15
506.686	842.05
506.765	861.14
506.845	867.44
506.925	880.55
507.004	893.99
507.084	907.34
507.163	910.78
507.243	927.08
507.323	946
507.402	940.35
507.482	955.51
507.561	969.35
507.641	978.61
507.721	982.05
507.8	1023.42
507.88	1023.42
507.959	1033.99
508.039	1039.8
508.118	1055.86
508.198	1043.08
508.277	1057.58
508.357	1066.26
508.436	1076.58
508.516	1081.66
508.595	1092.15
508.675	1095.92
508.754	1106.48
508.834	1134.66
508.913	1146.54
508.993	1151.37
509.072	1163.58
509.151	1171.28
509.231	1172.43
509.31	1179.64
509.39	1191.76
509.469	1209.62
509.548	1226.82
509.628	1223.05
509.707	1239.36
509.786	1250.25
509.866	1264.01
509.945	1268.44
510.025	1289.16
510.104	1298.99
510.183	1322.34
510.262	1331.76
510.342	1338.72
510.421	1357.65
510.5	1363.3
510.58	1383.2
510.659	1402.78
510.738	1418.84
510.817	1423.43
510.897	1456.28
510.976	1473.64
511.055	1495.35
511.134	1516.57
511.213	1532.79
511.293	1540.33
511.372	1533.12
511.451	1535.66
511.53	1554.82
511.609	1581.69
511.689	1595.29
511.768	1626.83
511.847	1641.9
511.926	1658.21
512.005	1677.78
512.084	1711.45
512.163	1718.83
512.242	1752
512.322	1781.58
512.401	1798.53
512.48	1814.59
512.559	1854.48
512.638	1865.87
512.717	1884.71
512.796	1907.81
512.875	1937.63
512.954	1950.9
513.033	1976.62
513.112	1995.63
513.191	2029.05
513.27	2046.01
513.349	2076.48
513.428	2094.75
513.507	2126.21
513.586	2136.69
513.665	2161.02
513.744	2184.29
513.823	2212.71
513.902	2239.99
513.981	2274.07
514.06	2292.42
514.138	2307.33
514.217	2325.19
514.296	2343.13
514.375	2355.33
514.454	2382.53
514.533	2395.8
514.612	2412.51
514.691	2406.62
514.769	2417.67
514.848	2406.86
514.927	2420.13
515.006	2437.66
515.085	2461.5
515.163	2473.05
515.242	2508.36
515.321	2522.94
515.4	2532.85
515.479	2539.24
515.557	2550.38
515.636	2541.21
515.715	2567.42
515.794	2570.7
515.872	2582.25
515.951	2598.72
516.03	2621.73
516.108	2609.12
516.187	2624.19
516.266	2637.63
516.344	2644.59
516.423	2647.46
516.502	2662.2
516.58	2659.91
516.659	2665.72
516.738	2663.27
516.816	2662.04
516.895	2665.32
516.974	2669.82
517.052	2675.56
517.131	2673.1
517.209	2699.88
517.288	2710.12
517.367	2728.15
517.445	2744.86
517.524	2764.93
517.602	2756.49
517.681	2762.8
517.759	2770.74
517.838	2780.41
517.916	2792.29
517.995	2802.28
518.073	2821.94
518.152	2838.57
518.23	2839.47
518.309	2858.56
518.387	2879.78
518.466	2880.84
518.544	2900.83
518.623	2919.92
518.701	2921.97
518.779	2931.72
518.858	2954.9
518.936	2964.48
519.015	2987.34
519.093	3016.34
519.171	3058.2
519.25	3069.75
519.328	3079.91
519.407	3094.73
519.485	3122.18
519.563	3111.2
519.642	3139.46
519.72	3153.31
519.798	3163.71
519.876	3151.5
519.955	3169.77
520.033	3168.62
520.111	3176.73
520.19	3170.43
520.268	3200
520.346	3213.93
520.424	3226.79
520.503	3240.38
520.581	3245.05
520.659	3234
520.737	3234.98
520.816	3236.45
520.894	3235.96
520.972	3245.05
521.05	3252.59
521.128	3252.92
521.206	3262.18
521.285	3254.64
521.363	3254.8
521.441	3251.2
521.519	3245.96
521.597	3229.16
521.675	3231.95
521.753	3231.37
521.832	3210.32
521.91	3182.14
521.988	3171.49
522.066	3154.37
522.144	3113.33
522.222	3098.91
522.3	3093.91
522.378	3069.5
522.456	3055.9
522.534	3055.33
522.612	3028.05
522.69	3002.49
522.768	2988.16
522.846	2964.89
522.924	2941.3
523.002	2948.26
523.08	2947.36
523.158	2917.95
523.236	2893.87
523.314	2881.42
523.392	2835.87
523.47	2806.13
523.548	2791.8
523.626	2769.84
523.704	2762.8
523.781	2756.41
523.859	2741.42
523.937	2717.58
524.015	2719.46
524.093	2682.35
524.171	2677.28
524.249	2655.32
524.327	2654.99
524.404	2637.14
524.482	2638.28
524.56	2615.02
524.638	2621.49
524.716	2606.17
524.793	2587.9
524.871	2578.97
524.949	2582
525.027	2570.13
525.104	2577.66
525.182	2587.74
525.26	2586.18
525.338	2582.74
525.415	2570.04
525.493	2560.62
525.571	2548.99
525.649	2557.1
525.726	2551.61
525.804	2569.31
525.882	2567.75
525.959	2564.47
526.037	2548.09
526.115	2534.25
526.192	2529.49
526.27	2518.03
526.347	2496.89
526.425	2486.24
526.503	2479.93
526.58	2443.89
526.658	2436.27
526.736	2440.53
526.813	2430.78
526.891	2426.77
526.968	2416.77
527.046	2395.39
527.123	2388.92
527.201	2377.04
527.278	2377.62
527.356	2371.96
527.433	2390.23
527.511	2371.47
527.588	2375.16
527.666	2342.39
527.743	2324.45
527.821	2295.45
527.898	2279.89
527.976	2243.02
528.053	2230
528.131	2217.96
528.208	2185.52
528.285	2162.83
528.363	2151.44
528.44	2126.7
528.518	2113.26
528.595	2093.28
528.672	2074.68
528.75	2054.77
528.827	2021.68
528.905	1986.86
528.982	1971.3
529.059	1939.27
529.137	1902.73
529.214	1900.19
529.291	1887.74
529.369	1871.6
529.446	1864.07
529.523	1856.61
529.6	1824.09
529.678	1784.36
529.755	1758.23
529.832	1715.71
529.909	1675.82
529.987	1662.3
530.064	1651.32
530.141	1623.14
530.218	1615.53
530.296	1609.05
530.373	1570.64
530.45	1548.35
530.527	1536.07
530.604	1510.59
530.681	1476.35
530.759	1474.61
530.836	1465.29
