198.396	26.76
198.5	15.7
198.604	13.33
198.708	-0.44
198.812	-1.26
198.916	-0.6
199.02	7.1
199.125	6.85
199.229	12.92
199.333	14.55
199.437	8.74
199.541	-0.35
199.645	-4.86
199.749	0.05
199.853	-10.68
199.957	-14.12
200.061	-9.12
200.165	-13.87
200.269	-5.43
200.373	2.76
200.477	13.33
200.581	16.68
200.685	25.45
200.789	16.19
200.893	16.36
200.996	4.23
201.1	1.53
201.204	10.7
201.308	12.26
201.412	8
201.516	17.99
201.62	17.59
201.724	11.85
201.828	11.44
201.932	16.11
202.035	9.88
202.139	1.86
202.243	-0.76
202.347	-2.89
202.451	-3.96
202.555	2.59
202.659	20.53
202.762	12.18
202.866	13.9
202.97	7.92
203.074	4.81
203.178	-5.27
203.281	0.63
203.385	-3.8
203.489	-0.85
203.593	-4.04
203.697	-0.85
203.8	4.56
203.904	4.31
204.008	-0.6
204.112	4.56
204.215	-2.89
204.319	-5.76
204.423	2.84
204.527	10.13
204.63	3.74
204.734	5.54
204.838	8.66
204.941	-0.85
205.045	-6.91
205.149	-6.09
205.252	-6.25
205.356	-14.36
205.46	-16.74
205.563	-13.54
205.667	-14.36
205.771	-14.04
205.874	-1.17
205.978	8.74
206.082	6.94
206.185	16.03
206.289	15.95
206.392	7.51
206.496	5.54
206.6	3.9
206.703	-6.17
206.807	-6.66
206.91	-8.3
207.014	-4.45
207.117	5.13
207.221	4.72
207.324	4.31
207.428	12.83
207.531	11.69
207.635	9.23
207.739	6.53
207.842	8.66
207.946	-3.22
208.049	-11.5
208.153	-11.58
208.256	-5.27
208.359	-2.48
208.463	7.59
208.566	14.23
208.67	15.29
208.773	17.75
208.877	20.29
208.98	16.93
209.084	13.24
209.187	8.49
209.29	4.48
209.394	2.68
209.497	3.9
209.601	-0.68
209.704	5.95
209.807	-6.34
209.911	-18.79
210.014	-21.24
210.118	-14.53
210.221	-20.34
210.324	-0.85
210.428	8.74
210.531	15.62
210.634	9.56
210.738	0.87
210.841	-5.52
210.944	-1.26
211.048	-11.91
211.151	-0.93
211.254	9.88
211.357	10.38
211.461	6.44
211.564	13.65
211.667	9.48
211.77	16.27
211.874	13.82
211.977	13.98
212.08	11.69
212.183	6.28
212.287	-12.32
212.39	-6.17
212.493	-6.66
212.596	-5.93
212.7	1.61
212.803	7.51
212.906	3.9
213.009	8.57
213.112	0.05
213.215	-6.99
213.319	-5.02
213.422	-10.51
213.525	-7.32
213.628	-6.09
213.731	-5.68
213.834	-11.99
213.937	0.3
214.041	-7.81
214.144	0.71
214.247	2.02
214.35	12.92
214.453	7.84
214.556	10.79
214.659	6.44
214.762	3.58
214.865	-0.27
214.968	-2.4
215.071	5.79
215.174	5.79
215.277	3.58
215.38	4.56
215.483	11.28
215.586	7.59
215.689	1.28
215.792	7.59
215.895	4.15
215.998	-6.58
216.101	-15.43
216.204	-7.65
216.307	-2.73
216.41	3.25
216.513	12.42
216.616	12.42
216.719	12.01
216.822	4.23
216.925	-3.06
217.028	-1.75
217.131	-11.66
217.234	-10.1
217.337	-5.93
217.44	6.61
217.542	3.17
217.645	18.9
217.748	14.64
217.851	4.15
217.954	-6.74
218.057	1.61
218.16	2.51
218.263	5.71
218.365	25.61
218.468	30.69
218.571	22.09
218.674	17.26
218.777	14.88
218.879	3.41
218.982	10.29
219.085	8.66
219.188	12.34
219.291	19.06
219.393	27.25
219.496	16.93
219.599	0.79
219.702	-1.34
219.804	-6.91
219.907	-13.95
220.01	-11.58
220.113	5.87
220.215	7.84
220.318	4.72
220.421	0.3
220.523	4.4
220.626	-1.5
220.729	-3.22
220.831	9.15
220.934	11.11
221.037	11.93
221.139	11.36
221.242	4.97
221.345	6.44
221.447	9.31
221.55	4.48
221.653	11.28
221.755	18.73
221.858	10.13
221.96	13.98
222.063	15.86
222.166	16.52
222.268	7.02
222.371	13.08
222.473	7.35
222.576	9.88
222.679	8.08
222.781	17.34
222.884	3.25
222.986	14.64
223.089	9.56
223.191	6.69
223.294	-1.75
223.396	6.69
223.499	1.2
223.601	8.16
223.704	5.22
223.806	14.14
223.909	18.4
224.011	7.18
224.114	-4.37
224.216	10.79
224.319	12.83
224.421	3.66
224.523	6.36
224.626	18.16
224.728	3.58
224.831	-1.34
224.933	-2.57
225.036	-0.68
225.138	-11.58
225.24	-13.54
225.343	-10.59
225.445	1.2
225.547	6.36
225.65	8.25
225.752	13.08
225.855	8.82
225.957	3
226.059	-3.22
226.162	-5.76
226.264	-11.99
226.366	-9.86
226.469	-9.53
226.571	-7.32
226.673	2.59
226.775	10.29
226.878	10.87
226.98	13.24
227.082	15.78
227.185	-2.16
227.287	5.3
227.389	5.79
227.491	3.74
227.594	1.53
227.696	17.26
227.798	9.56
227.9	11.2
228.002	11.77
228.105	17.18
228.207	18.9
228.309	12.51
228.411	10.13
228.513	2.92
228.616	-4.04
228.718	-17.23
228.82	-7.07
228.922	2.51
229.024	5.05
229.126	13.41
229.228	21.76
229.331	18.24
229.433	10.54
229.535	10.38
229.637	-1.34
229.739	-4.94
229.841	-9.45
229.943	-6.25
230.045	-12.64
230.147	-7.73
230.249	4.15
230.352	19.8
230.454	18.81
230.556	28.15
230.658	25.2
230.76	15.37
230.862	4.48
230.964	-7.48
231.066	-13.79
231.168	-6.17
231.27	-6.74
231.372	-1.5
231.474	5.22
231.576	10.95
231.678	6.77
231.78	3.58
231.882	-5.43
231.984	-1.42
232.086	-4.21
232.187	-9.86
232.289	-8.38
232.391	-10.02
232.493	-18.38
232.595	-10.59
232.697	-1.09
232.799	2.59
232.901	5.63
233.003	18.08
233.105	16.03
233.207	14.14
233.308	18.81
233.41	34.05
233.512	21.6
233.614	19.96
233.716	14.47
233.818	4.15
233.919	-12.4
234.021	-12.15
234.123	-13.22
234.225	-15.43
234.327	-10.19
234.428	-13.22
234.53	-1.26
234.632	-7.65
234.734	-13.87
234.836	-15.1
234.937	-11.91
235.039	-19.03
235.141	-12.56
235.243	-4.04
235.344	-0.35
235.446	-2.65
235.548	-10.27
235.649	-12.32
235.751	-18.46
235.853	-22.39
235.955	-18.79
236.056	-19.85
236.158	-22.8
236.26	-9.94
236.361	-7.07
236.463	-4.53
236.565	6.28
236.666	12.92
236.768	3.58
236.87	-0.52
236.971	-1.34
237.073	-3.47
237.174	-5.27
237.276	4.56
237.378	11.77
237.479	4.56
237.581	4.89
237.682	9.56
237.784	14.64
237.885	18.81
237.987	27.42
238.089	34.21
238.19	26.6
238.292	14.64
238.393	14.23
238.495	17.01
238.596	13.33
238.698	15.86
238.799	8.82
238.901	-0.11
239.002	-2.32
239.104	-0.52
239.205	6.2
239.307	-16.66
239.408	-20.18
239.51	-19.11
239.611	-27.14
239.713	-36.81
239.814	-3.3
239.915	-0.03
240.017	-2.98
240.118	3.41
240.22	-0.6
240.321	0.22
240.422	-1.26
240.524	8.74
240.625	3.09
240.727	12.92
240.828	6.2
240.929	12.75
241.031	5.63
241.132	8.25
241.233	11.69
241.335	14.96
241.436	14.88
241.537	15.46
241.639	9.15
241.74	3.58
241.841	3
241.943	-2.08
242.044	-8.71
242.145	-1.67
242.246	-3.14
242.348	2.84
242.449	-1.83
242.55	2.27
242.652	-0.03
242.753	4.56
242.854	6.94
242.955	14.88
243.056	10.7
243.158	11.11
243.259	10.21
243.36	-2.48
243.461	-11.5
243.562	-9.94
243.664	-12.56
243.765	-19.69
243.866	-18.13
243.967	-4.21
244.068	-6.99
244.169	-5.76
244.271	8.82
244.372	12.26
244.473	7.51
244.574	17.34
244.675	14.06
244.776	9.15
244.877	13.41
244.978	22.01
245.08	21.27
245.181	21.19
245.282	29.87
245.383	24.06
245.484	16.19
245.585	8.98
245.686	21.27
245.787	7.59
245.888	-4.37
245.989	-12.07
246.09	-14.61
246.191	-28.45
246.292	-26.08
246.393	-1.5
246.494	-4.37
246.595	-0.11
246.696	3.5
246.797	-3.22
246.898	-10.59
246.999	2.51
247.1	6.61
247.201	22.42
247.302	32.17
247.403	29.95
247.504	24.88
247.605	21.93
247.705	15.37
247.806	10.95
247.907	16.03
248.008	17.59
248.109	17.91
248.21	19.22
248.311	18.73
248.412	19.72
248.513	19.31
248.613	23.16
248.714	23.16
248.815	21.44
248.916	15.13
249.017	16.11
249.118	14.96
249.218	19.31
249.319	17.59
249.42	15.95
249.521	16.27
249.622	15.21
249.722	-0.19
249.823	13.74
249.924	17.26
250.025	14.96
250.125	19.88
250.226	22.83
250.327	11.69
250.428	7.51
250.528	1.28
250.629	-2.24
250.73	-1.67
250.83	-14.85
250.931	-12.64
251.032	-7.73
251.133	-7.97
251.233	-3.55
251.334	4.15
251.435	4.31
251.535	9.64
251.636	5.63
251.736	5.05
251.837	16.68
251.938	10.38
252.038	2.92
252.139	8.25
252.24	10.54
252.34	10.87
252.441	17.18
252.541	15.29
252.642	9.23
252.743	0.71
252.843	-3.71
252.944	-3.71
253.044	-4.45
253.145	-6.01
253.245	-2.4
253.346	-7.15
253.446	-3.88
253.547	0.96
253.647	9.07
253.748	1.45
253.848	-1.99
253.949	-6.01
254.049	-8.06
254.15	-21.49
254.25	-13.63
254.351	-8.3
254.451	0.05
254.552	4.31
254.652	16.19
254.753	20.04
254.853	18.4
254.954	23.89
255.054	19.47
255.154	15.78
255.255	9.31
255.355	13.74
255.456	-2.24
255.556	-5.11
255.656	-13.87
255.757	-11.5
255.857	-9.04
255.957	-9.45
256.058	4.48
256.158	13.16
256.258	5.95
256.359	-0.52
256.459	-0.27
256.559	-10.92
256.66	-13.95
256.76	-5.27
256.86	-13.95
256.961	-11.58
257.061	-16.66
257.161	-4.04
257.261	-9.53
257.362	-1.75
257.462	-9.28
257.562	-0.6
257.662	-4.78
257.763	-6.99
257.863	-18.13
257.963	-6.91
258.063	-9.86
258.164	-13.46
258.264	-8.55
258.364	6.53
258.464	5.38
258.564	20.29
258.665	17.34
258.765	23.81
258.865	17.42
258.965	22.01
259.065	6.77
259.165	3.41
259.265	-11.66
259.366	-11.25
259.466	-19.85
259.566	-17.8
259.666	-15.43
259.766	-10.84
259.866	-14.61
259.966	-18.62
260.066	-23.21
260.166	-23.78
260.266	-24.6
260.366	-16.08
260.467	-8.55
260.567	-9.12
260.667	-7.32
260.767	-3.8
260.867	-1.26
260.967	-4.37
261.067	1.45
261.167	7.1
261.267	4.15
261.367	-0.85
261.467	5.38
261.567	5.79
261.667	4.81
261.767	11.85
261.867	18.81
261.967	20.12
262.066	25.12
262.166	29.46
262.266	16.6
262.366	14.8
262.466	11.77
262.566	4.48
262.666	-1.83
262.766	13.65
262.866	6.69
262.966	12.92
263.066	15.78
263.165	9.97
263.265	8.33
263.365	8.16
263.465	-1.42
263.565	1.94
263.665	10.46
263.764	17.01
263.864	30.36
263.964	27.99
264.064	19.72
264.164	27.99
264.263	21.19
264.363	19.31
264.463	29.46
264.563	22.83
264.663	11.11
264.762	13.33
264.862	6.36
264.962	-2.4
265.062	13.41
265.161	14.06
265.261	7.51
265.361	1.53
265.46	2.02
265.56	4.81
265.66	9.23
265.76	8.41
265.859	12.67
265.959	11.28
266.059	6.94
266.158	3.09
266.258	-0.03
266.358	-3.63
266.457	-4.94
266.557	-0.93
266.657	0.87
266.756	2.59
266.856	16.36
266.955	19.47
267.055	17.18
267.155	13.82
267.254	19.47
267.354	15.13
267.453	18.98
267.553	20.94
267.652	22.83
267.752	18.49
267.852	12.75
267.951	6.28
268.051	-0.03
268.15	5.79
268.25	4.72
268.349	6.36
268.449	3.82
268.548	1.53
268.648	-12.64
268.747	-13.87
268.847	-14.04
268.946	-12.72
269.046	-16.17
269.145	-15.26
269.244	-2.16
269.344	5.22
269.443	5.13
269.543	16.27
269.642	25.12
269.742	21.76
269.841	30.04
269.94	40.77
270.04	37.41
270.139	39.05
270.239	29.46
270.338	22.66
270.437	15.46
270.537	10.95
270.636	11.93
270.735	16.93
270.835	21.76
270.934	24.38
271.033	33.4
271.133	30.61
271.232	24.06
271.331	2.76
271.431	-1.17
271.53	-11.82
271.629	-6.01
271.729	2.27
271.828	4.48
271.927	5.3
272.026	4.81
272.126	-12.32
272.225	-22.8
272.324	-18.7
272.423	-22.55
272.523	-26.81
272.622	-10.92
272.721	7.92
272.82	7.26
272.919	10.54
273.019	7.51
273.118	-2.89
273.217	-5.43
273.316	-6.42
273.415	-9.94
273.514	5.38
273.614	15.37
273.713	5.38
273.812	15.86
273.911	19.96
274.01	11.77
274.109	10.38
274.208	15.78
274.307	3.5
274.407	4.15
274.506	2.43
274.605	-4.29
274.704	-11.91
274.803	-5.02
274.902	-3.14
275.001	1.04
275.1	3.33
275.199	13.08
275.298	8.08
275.397	-1.58
275.496	2.1
275.595	-3.8
275.694	-16.33
275.793	-10.84
275.892	-8.38
275.991	-18.13
276.09	-16.25
276.189	-5.93
276.288	-9.12
276.387	-4.21
276.486	1.2
276.585	2.92
276.684	-6.01
276.783	-8.38
276.882	-12.23
276.981	-8.87
277.08	-4.37
277.178	-5.76
277.277	-4.29
277.376	1.61
277.475	3.74
277.574	3.5
277.673	11.03
277.772	7.67
277.871	6.94
277.969	-3.88
278.068	4.72
278.167	-5.11
278.266	-4.29
278.365	0.38
278.464	18.65
278.562	1.2
278.661	7.67
278.76	10.46
278.859	7.26
278.958	-3.8
279.056	10.29
279.155	16.03
279.254	22.25
279.353	23.07
279.451	24.55
279.55	17.26
279.649	23.32
279.748	20.7
279.846	20.53
279.945	17.34
280.044	16.11
280.142	8.08
280.241	11.52
280.34	12.42
280.438	12.26
280.537	20.21
280.636	14.64
280.734	4.4
280.833	0.05
280.932	13.41
281.03	-1.58
281.129	-1.75
281.228	-1.91
281.326	-0.19
281.425	-15.26
281.523	-6.99
281.622	-9.69
281.721	-8.14
281.819	-8.71
281.918	-7.65
282.016	-6.09
282.115	-10.35
282.213	-6.66
282.312	-1.26
282.41	1.69
282.509	-5.84
282.607	7.02
282.706	3.41
282.805	-1.58
282.903	5.3
283.002	3.5
283.1	6.12
283.198	6.28
283.297	6.85
283.395	7.43
283.494	25.61
283.592	18.08
283.691	21.85
283.789	28.07
283.888	18.16
283.986	0.3
284.085	2.92
284.183	-2.57
284.281	-7.24
284.38	-3.22
284.478	2.27
284.576	2.59
284.675	9.88
284.773	7.92
284.872	-0.27
284.97	4.56
285.068	10.38
285.167	16.6
285.265	30.2
285.363	43.06
285.462	45.11
285.56	30.77
285.658	26.51
285.757	11.69
285.855	11.52
285.953	-0.93
286.051	19.39
286.15	14.47
286.248	10.46
286.346	12.26
286.444	15.7
286.543	8.82
286.641	16.19
286.739	12.1
286.837	-1.91
286.936	-0.03
287.034	-8.14
287.132	-12.48
287.23	3.74
287.328	4.48
287.427	-4.21
287.525	0.55
287.623	-7.15
287.721	-8.96
287.819	-11.5
287.917	1.94
288.016	-7.24
288.114	-1.34
288.212	-7.97
288.31	-3.22
288.408	-4.86
288.506	1.94
288.604	-1.99
288.702	3.66
288.8	6.61
288.899	-1.58
288.997	1.69
289.095	8.98
289.193	12.51
289.291	10.95
289.389	22.58
289.487	24.14
289.585	15.95
289.683	4.15
289.781	1.94
289.879	-1.09
289.977	-4.29
290.075	-3.71
290.173	-1.67
290.271	-2.24
290.369	-5.35
290.467	-1.99
290.565	9.56
290.663	5.05
290.761	12.67
290.859	12.75
290.957	13.65
291.055	10.13
291.152	23.4
291.25	28.07
291.348	23.57
291.446	20.45
291.544	17.83
291.642	9.39
291.74	7.75
291.838	11.36
291.936	4.56
292.033	3.74
292.131	2.02
292.229	-3.47
292.327	-7.4
292.425	2.35
292.523	-7.24
292.62	1.2
292.718	7.43
292.816	3.66
292.914	-5.93
293.012	-4.78
293.109	-4.12
293.207	-8.79
293.305	-8.3
293.403	-8.96
293.5	7.75
293.598	-3.88
293.696	-5.52
293.794	2.92
293.891	7.43
293.989	-5.02
294.087	0.05
294.185	1.45
294.282	-3.8
294.38	-8.55
294.478	5.46
294.575	-1.83
294.673	-10.76
294.771	-6.17
294.868	2.18
294.966	-9.28
295.064	2.27
295.161	11.36
295.259	11.36
295.356	6.53
295.454	0.46
295.552	-5.76
295.649	-13.46
295.747	-18.46
295.844	-17.89
295.942	-6.58
296.04	-8.3
296.137	3.09
296.235	14.39
296.332	14.14
296.43	4.15
296.527	10.7
296.625	-3.55
296.722	-3.39
296.82	1.77
296.917	8.25
297.015	10.46
297.112	18.81
297.21	20.04
297.307	17.99
297.405	15.21
297.502	21.6
297.6	17.75
297.697	4.31
297.795	4.4
297.892	15.37
297.99	7.18
298.087	7.43
298.184	15.7
298.282	17.01
298.379	5.3
298.477	7.92
298.574	24.55
298.671	18.49
298.769	19.55
298.866	23.24
298.964	15.37
299.061	7.26
299.158	15.54
299.256	17.83
299.353	23.48
299.45	25.61
299.548	25.04
299.645	7.43
299.742	6.53
299.839	7.02
299.937	13
300.034	3.41
300.131	18.65
300.229	6.61
300.326	-2.48
300.423	-4.78
300.52	-2.57
300.618	0.14
300.715	14.23
300.812	8.66
300.909	6.12
301.006	10.38
301.104	-3.47
301.201	-7.65
301.298	-5.27
301.395	-4.94
301.492	-5.43
301.59	8.66
301.687	9.56
301.784	15.86
301.881	18.9
301.978	14.64
302.075	9.56
302.173	6.69
302.27	4.31
302.367	-3.55
302.464	3.33
302.561	-0.35
302.658	-0.6
302.755	1.2
302.852	0.55
302.949	-6.5
303.046	2.02
303.143	-1.5
303.24	0.87
303.338	12.51
303.435	15.13
303.532	9.23
303.629	23.24
303.726	21.52
303.823	14.55
303.92	21.68
304.017	22.66
304.114	12.92
304.211	6.85
304.308	8.41
304.405	11.2
304.502	10.7
304.599	3.5
304.695	10.54
304.792	8.82
304.889	2.51
304.986	13.57
305.083	29.05
305.18	38.15
305.277	35.69
305.374	34.13
305.471	27.5
305.568	25.37
305.665	20.37
305.761	28.89
305.858	20.37
305.955	21.19
306.052	11.69
306.149	1.28
306.246	-12.81
306.343	-5.11
306.439	-9.94
306.536	-8.55
306.633	-4.12
306.73	7.84
306.827	9.88
306.923	11.61
307.02	11.69
307.117	10.29
307.214	1.12
307.31	-13.95
307.407	-16.66
307.504	-15.35
307.601	-6.42
307.697	3.25
307.794	18.81
307.891	25.12
307.988	19.72
308.084	3.9
308.181	0.22
308.278	-9.86
308.374	-12.32
308.471	-7.81
308.568	3.74
308.664	0.71
308.761	10.05
308.858	4.64
308.954	-1.5
309.051	-2.08
309.147	-6.25
309.244	-18.87
309.341	-21.74
309.437	-14.45
309.534	-27.72
309.63	-16.57
309.727	-5.6
309.824	-2.65
309.92	-0.03
310.017	10.95
310.113	7.84
310.21	7.51
310.306	5.79
310.403	7.18
310.499	2.59
310.596	-2.16
310.693	-2.98
310.789	7.26
310.886	0.55
310.982	-0.68
311.078	4.56
311.175	3.9
311.271	4.64
311.368	4.81
311.464	3.09
311.561	-3.3
311.657	0.96
311.754	-3.63
311.85	-2.73
311.947	-9.69
312.043	-1.83
312.139	-3.96
312.236	-4.78
312.332	0.14
312.429	10.87
312.525	8.25
312.621	11.77
312.718	9.88
312.814	-14.94
312.91	-14.94
313.007	-2.81
313.103	-8.63
313.199	-4.94
313.296	10.79
313.392	24.63
313.488	9.39
313.585	3.66
313.681	-2.81
313.777	0.55
313.873	-3.8
313.97	-6.17
314.066	3.17
314.162	6.44
314.259	10.7
314.355	8.98
314.451	17.34
314.547	17.83
314.643	7.43
314.74	-1.26
314.836	-6.58
314.932	-14.04
315.028	-13.87
315.124	-3.47
315.221	1.12
315.317	4.31
315.413	11.69
315.509	3.74
315.605	3.9
315.701	1.77
315.798	-7.97
315.894	-5.84
315.99	5.71
316.086	1.69
316.182	4.89
316.278	10.62
316.374	14.96
316.47	12.26
316.566	16.6
316.662	8
316.759	9.64
316.855	0.55
316.951	-4.61
317.047	-4.94
317.143	3.82
317.239	0.71
317.335	9.23
317.431	6.61
317.527	4.81
317.623	1.28
317.719	5.05
317.815	-4.53
317.911	-12.15
318.007	-14.45
318.103	-7.56
318.199	-7.4
318.295	-4.61
318.391	0.05
318.487	7.18
318.582	2.51
318.678	-1.17
318.774	-2.81
318.87	5.38
318.966	-3.96
319.062	-1.91
319.158	-2.08
319.254	-2.08
319.35	-0.35
319.446	15.37
319.541	10.13
319.637	14.23
319.733	18.81
319.829	12.67
319.925	3.66
320.021	5.63
320.116	7.67
320.212	1.86
320.308	0.05
320.404	0.3
320.5	-4.61
320.595	-7.32
320.691	-4.94
320.787	0.22
320.883	0.71
320.978	6.03
321.074	6.61
321.17	13.98
321.266	8.49
321.361	5.87
321.457	9.31
321.553	6.85
321.649	2.76
321.744	4.81
321.84	8.98
321.936	11.03
322.031	21.11
322.127	13.65
322.223	20.94
322.318	21.03
322.414	23.89
322.51	13.82
322.605	14.8
322.701	3
322.796	0.46
322.892	-16.98
322.988	-17.48
323.083	-18.3
323.179	-4.37
323.274	-6.34
323.37	3.41
323.466	1.94
323.561	3.9
323.657	-3.3
323.752	-2.73
323.848	-8.22
323.943	-7.81
324.039	-14.85
324.134	-14.77
324.23	-8.96
324.325	-8.38
324.421	-11.91
324.516	-15.84
324.612	-13.87
324.707	-11.09
324.803	-5.93
324.898	-4.78
324.994	-4.37
325.089	-2.16
325.185	-6.66
325.28	-3.8
325.375	-0.11
325.471	10.87
325.566	2.18
325.662	-1.01
325.757	-3.06
325.853	-0.6
325.948	-4.53
326.043	-0.35
326.139	1.61
326.234	-1.17
326.329	-4.53
326.425	-3.06
326.52	-0.85
326.615	0.3
326.711	4.89
326.806	7.51
326.901	6.69
326.997	8.74
327.092	-0.85
327.187	-12.23
327.283	-17.97
327.378	-12.56
327.473	-19.77
327.568	-6.74
327.664	7.84
327.759	22.83
327.854	24.63
327.949	23.65
328.045	22.34
328.14	23.73
328.235	11.2
328.33	0.96
328.425	8.49
328.521	5.3
328.616	2.59
328.711	4.07
328.806	12.34
328.901	6.94
328.996	7.51
329.092	15.05
329.187	20.78
329.282	20.62
329.377	31.1
329.472	35.77
329.567	22.66
329.662	14.39
329.757	4.89
329.853	-11.17
329.948	-9.78
330.043	-5.19
330.138	-5.02
330.233	-1.75
330.328	9.64
330.423	5.38
330.518	-0.35
330.613	12.34
330.708	27.42
330.803	27.66
330.898	20.21
330.993	25.78
331.088	20.62
331.183	13.41
331.278	17.91
331.373	27.42
331.468	27.99
331.563	27.01
331.658	32.82
331.753	25.86
331.848	23.81
331.943	19.55
332.038	31.84
332.133	14.31
332.227	16.93
332.322	16.77
332.417	21.85
332.512	-6.99
332.607	-2.32
332.702	2.1
332.797	-3.96
332.892	2.02
332.987	9.07
333.081	10.95
333.176	-7.4
333.271	-0.03
333.366	-11.17
333.461	-1.83
333.556	2.27
333.65	18.32
333.745	18.4
333.84	31.02
333.935	27.5
334.029	26.19
334.124	15.78
334.219	12.26
334.314	0.38
334.409	-2.32
334.503	11.2
334.598	11.93
334.693	13.41
334.787	13.9
334.882	21.6
334.977	10.95
335.072	15.7
335.166	14.96
335.261	14.06
335.356	5.13
335.45	-2.98
335.545	4.07
335.64	7.1
335.734	1.12
335.829	15.95
335.924	7.26
336.018	-5.11
336.113	-9.69
336.207	2.1
336.302	-6.09
336.397	12.83
336.491	15.29
336.586	16.6
336.68	20.04
336.775	13.98
336.869	3.82
336.964	4.07
337.059	3.99
337.153	-4.29
337.248	5.71
337.342	4.07
337.437	6.12
337.531	-3.14
337.626	-2.98
337.72	-14.53
337.815	-14.85
337.909	-17.89
338.004	-13.79
338.098	-10.1
338.193	-9.28
338.287	7.92
338.381	10.13
338.476	19.47
338.57	9.72
338.665	17.42
338.759	11.69
338.854	11.77
338.948	5.71
339.042	16.52
339.137	14.06
339.231	11.11
339.326	14.39
339.42	14.31
339.514	26.35
339.609	27.33
339.703	20.37
339.797	19.47
339.892	11.28
339.986	-6.91
340.08	-11.74
340.175	-2.48
340.269	-8.71
340.363	-0.85
340.457	4.15
340.552	6.03
340.646	-1.26
340.74	-2.08
340.835	3.74
340.929	0.87
341.023	3.66
341.117	16.68
341.212	23.24
341.306	25.2
341.4	29.05
341.494	27.25
341.588	20.12
341.683	9.15
341.777	-0.03
341.871	-3.06
341.965	-8.79
342.059	-13.87
342.153	0.63
342.248	7.18
342.342	1.28
342.436	3.9
342.53	8.57
342.624	5.46
342.718	0.55
342.812	0.55
342.906	4.48
343.001	-7.4
343.095	-12.23
343.189	-18.62
343.283	-14.45
343.377	-18.46
343.471	-12.81
343.565	-11.74
343.659	-11.58
343.753	-13.05
343.847	-8.71
343.941	-2.16
344.035	-1.75
344.129	6.53
344.223	9.97
344.317	13.49
344.411	14.47
344.505	18.08
344.599	17.75
344.693	11.36
344.787	7.1
344.881	-1.09
344.975	2.92
345.069	-0.93
345.163	8
345.257	2.68
345.351	10.13
345.444	10.21
345.538	17.83
345.632	17.5
345.726	28.89
345.82	29.63
345.914	30.45
346.008	39.54
346.102	34.62
346.195	27.09
346.289	25.45
346.383	14.23
346.477	-3.96
346.571	4.23
346.665	-6.74
346.758	-20.02
346.852	-0.6
346.946	-5.93
347.04	-11.09
347.133	2.59
347.227	17.01
347.321	1.86
347.415	1.2
347.509	-4.53
347.602	-9.94
347.696	-10.92
347.79	-10.68
347.883	0.46
347.977	4.89
348.071	5.63
348.165	7.26
348.258	15.62
348.352	24.79
348.446	32.41
348.539	37.82
348.633	36.18
348.727	36.18
348.82	30.04
348.914	13.98
349.007	17.09
349.101	7.75
349.195	9.64
349.288	14.31
349.382	29.14
349.476	24.63
349.569	32.82
349.663	17.26
349.756	7.75
349.85	5.79
349.943	3.5
350.037	-0.35
350.13	3.74
350.224	4.72
350.318	-6.5
350.411	-7.97
350.505	-3.71
350.598	-1.34
350.692	2.84
350.785	9.56
350.879	10.79
350.972	5.22
351.066	-2.32
351.159	-8.14
351.252	-3.88
351.346	2.43
351.439	3.74
351.533	13.9
351.626	19.31
351.72	22.42
351.813	19.31
351.906	22.25
352	21.68
352.093	17.26
352.187	5.54
352.28	0.14
352.373	-1.5
352.467	0.71
352.56	8.9
352.653	16.6
352.747	18.4
352.84	12.26
352.933	10.62
353.027	2.02
353.12	3.41
353.213	5.05
353.307	7.02
353.4	1.2
353.493	12.1
353.586	16.93
353.68	17.5
353.773	10.95
353.866	10.05
353.96	5.46
354.053	-4.61
354.146	-15.84
354.239	-6.58
354.332	-13.79
354.426	-20.34
354.519	-22.39
354.612	-14.45
354.705	-10.19
354.798	0.79
354.892	6.53
354.985	9.8
355.078	9.88
355.171	21.19
355.264	22.01
355.357	20.21
355.45	13.74
355.544	14.23
355.637	2.59
355.73	-10.76
355.823	-14.77
355.916	-4.78
356.009	-3.47
356.102	-15.59
356.195	10.13
356.288	13.82
356.381	9.56
356.474	15.13
356.567	29.05
356.66	4.81
356.754	-1.5
356.847	5.13
356.94	-3.63
357.033	1.69
357.126	18.16
357.219	27.33
357.312	14.14
357.405	23.81
357.497	8.33
357.59	2.59
357.683	-3.39
357.776	10.46
357.869	5.13
357.962	7.02
358.055	4.56
358.148	4.48
358.241	-1.83
358.334	-7.48
358.427	-0.52
358.52	0.38
358.613	2.35
358.705	-0.19
358.798	3.74
358.891	6.44
358.984	9.97
359.077	13.82
359.17	24.55
359.263	31.35
359.355	25.04
359.448	21.85
359.541	16.93
359.634	1.69
359.727	1.37
359.819	1.37
359.912	5.79
360.005	6.53
360.098	9.15
360.19	2.18
360.283	-2.32
360.376	2.84
360.469	0.87
360.561	2.92
360.654	6.69
360.747	9.48
360.84	-1.75
360.932	7.43
361.025	13.24
361.118	14.06
361.21	13.49
361.303	22.01
361.396	15.29
361.488	17.5
361.581	17.99
361.674	19.22
361.766	13.82
361.859	22.42
361.951	16.27
362.044	15.13
362.137	19.55
362.229	23.65
362.322	14.47
362.414	15.05
362.507	15.7
362.6	13.16
362.692	9.15
362.785	1.94
362.877	2.68
362.97	-6.34
363.062	3.41
363.155	-6.83
363.247	9.64
363.34	9.56
363.432	12.42
363.525	6.2
363.617	17.99
363.71	7.18
363.802	-0.85
363.895	2.92
363.987	-6.5
364.08	-13.3
364.172	-13.87
364.265	-0.93
364.357	2.02
364.449	17.18
364.542	28.56
364.634	33.07
364.727	31.92
364.819	35.77
364.911	43.88
365.004	37.25
365.096	33.31
365.188	23.16
365.281	17.34
365.373	-1.67
365.466	-1.83
365.558	12.18
365.65	15.21
365.742	15.7
365.835	17.75
365.927	23.73
366.019	14.64
366.112	6.28
366.204	12.83
366.296	19.47
366.389	16.36
366.481	7.26
366.573	20.62
366.665	16.6
366.758	13.41
366.85	-1.42
366.942	-4.37
367.034	-9.94
367.126	-4.94
367.219	-6.34
367.311	11.03
367.403	27.33
367.495	30.77
367.587	33.23
367.679	29.14
367.772	24.38
367.864	18.49
367.956	15.13
368.048	4.97
368.14	6.36
368.232	2.43
368.324	6.77
368.417	4.48
368.509	-0.52
368.601	-2.24
368.693	0.71
368.785	-2.48
368.877	3.74
368.969	18.24
369.061	20.12
369.153	13.08
369.245	15.05
369.337	12.34
369.429	-3.22
369.521	6.03
369.613	16.36
369.705	16.11
369.797	16.27
369.889	17.5
369.981	11.52
370.073	13.98
370.165	2.84
370.257	15.13
370.349	23.4
370.441	16.85
370.533	4.15
370.625	17.59
370.717	2.02
370.809	-7.4
370.901	5.3
370.993	7.75
371.084	3.17
371.176	1.69
371.268	8.9
371.36	7.43
371.452	20.12
371.544	19.88
371.636	37.74
371.727	41.59
371.819	30.45
371.911	27.83
372.003	18.81
372.095	14.72
372.187	14.64
372.278	19.31
372.37	5.22
372.462	16.19
372.554	8.98
372.645	6.44
372.737	11.28
372.829	17.42
372.921	3.82
373.012	2.43
373.104	-1.09
373.196	-12.23
373.288	-8.63
373.379	3.5
373.471	10.13
373.563	13.65
373.654	23.73
373.746	26.51
373.838	19.8
373.929	12.01
374.021	-3.47
374.113	-6.17
374.204	-2.98
374.296	-3.96
374.388	0.46
374.479	10.46
374.571	12.75
374.662	11.93
374.754	6.69
374.846	-6.09
374.937	-2.98
375.029	-4.94
375.12	-9.45
375.212	7.18
375.304	20.62
375.395	18.81
375.487	21.19
375.578	14.23
375.67	6.44
375.761	4.56
375.853	1.94
375.944	-14.69
376.036	-9.2
376.127	-5.52
376.219	-3.71
376.31	3.74
376.402	13.65
376.493	3.74
376.584	13.65
376.676	12.01
376.767	10.13
376.859	13.08
376.95	21.52
377.042	4.48
377.133	2.1
377.224	0.3
377.316	-1.01
377.407	0.22
377.499	8.33
377.59	14.64
377.681	16.93
377.773	20.21
377.864	21.27
377.955	13.24
378.047	-0.68
378.138	-0.93
378.229	-5.43
378.321	-8.55
378.412	-2.89
378.503	-6.74
378.595	-8.79
378.686	-3.96
378.777	-1.99
378.868	1.94
378.96	11.36
379.051	11.2
379.142	11.52
379.233	7.59
379.325	1.12
379.416	-0.6
379.507	2.76
379.598	4.15
379.689	0.05
379.781	-4.37
379.872	-7.73
379.963	-5.02
380.054	-8.63
380.145	0.22
380.236	8.82
380.328	18.65
380.419	20.45
380.51	21.93
380.601	19.22
380.692	17.42
380.783	7.1
380.874	-0.11
380.965	-10.68
381.056	-10.76
381.148	-11.41
381.239	-2.48
381.33	-2.08
381.421	6.2
381.512	11.93
381.603	15.46
381.694	20.53
381.785	22.66
381.876	28.81
381.967	29.79
382.058	12.42
382.149	3.25
382.24	2.43
382.331	-2.81
382.422	-4.12
382.513	-5.27
382.604	-7.07
382.695	-4.94
382.786	-13.13
382.877	-17.97
382.968	-3.96
383.059	2.68
383.149	-1.42
383.24	0.55
383.331	2.51
383.422	3.99
383.513	0.46
383.604	-4.61
383.695	6.44
383.786	2.02
383.877	6.44
383.967	11.93
384.058	27.99
384.149	19.72
384.24	30.69
384.331	19.47
384.421	12.1
384.512	8.57
384.603	6.85
384.694	-2.4
384.785	-4.21
384.875	-5.52
384.966	-11.25
385.057	3.99
385.148	9.97
385.238	16.68
385.329	32.08
385.42	32.33
385.511	24.38
385.601	19.8
385.692	19.8
385.783	7.18
385.873	7.92
385.964	13.41
386.055	15.54
386.146	15.7
386.236	17.99
386.327	14.55
386.417	4.81
386.508	-1.42
386.599	-0.68
386.689	-3.55
386.78	-6.58
386.871	-1.58
386.961	2.27
387.052	9.97
387.142	13
387.233	15.86
387.324	15.62
387.414	16.03
387.505	12.67
387.595	9.07
387.686	13.9
387.776	11.11
387.867	23.65
387.957	19.88
388.048	26.51
388.138	18.98
388.229	19.47
388.319	2.51
388.41	12.18
388.5	7.18
388.591	12.67
388.681	14.47
388.772	21.44
388.862	11.2
388.953	14.55
389.043	21.03
389.134	17.34
389.224	11.52
389.314	10.38
389.405	9.97
389.495	5.87
389.586	7.67
389.676	8.57
389.766	6.61
389.857	10.54
389.947	-2.48
390.037	-6.01
390.128	-1.26
390.218	1.94
390.308	-3.39
390.399	9.72
390.489	16.36
390.579	18.73
390.67	16.6
390.76	15.7
390.85	6.77
390.94	0.46
391.031	-8.71
391.121	-11.5
391.211	-8.87
391.301	-2.48
391.392	3.41
391.482	6.12
391.572	10.13
391.662	8.41
391.753	14.88
391.843	12.51
391.933	5.38
392.023	7.02
392.113	10.79
392.204	0.71
392.294	2.59
392.384	10.05
392.474	9.56
392.564	3.82
392.654	7.67
392.744	-2.4
392.835	-3.39
392.925	-12.81
393.015	-10.76
393.105	-11.41
393.195	1.2
393.285	8.66
393.375	19.14
393.465	15.78
393.555	9.88
393.645	7.02
393.735	5.3
393.825	7.67
393.915	7.75
394.005	15.46
394.095	11.11
394.185	3
394.275	1.45
394.365	5.46
394.455	8.66
394.545	10.05
394.635	14.39
394.725	9.56
394.815	10.29
394.905	-0.68
394.995	2.27
395.085	-1.91
395.175	-7.65
395.265	-16.66
395.355	-7.97
395.445	-8.96
395.535	-15.1
395.625	-4.12
395.714	8.57
395.804	4.81
395.894	3.17
395.984	16.93
396.074	19.55
396.164	21.19
396.254	14.39
396.343	8
396.433	9.64
396.523	7.67
396.613	-5.35
396.703	-5.43
396.792	12.34
396.882	9.39
396.972	9.31
397.062	17.34
397.151	28.07
397.241	17.91
397.331	17.91
397.421	14.8
397.51	18.08
397.6	11.77
397.69	6.44
397.78	9.64
397.869	3.33
397.959	-1.91
398.049	8.08
398.138	15.13
398.228	0.63
398.318	5.38
398.407	0.3
398.497	-11
398.587	-21.24
398.676	-13.22
398.766	-14.12
398.856	-11.74
398.945	-4.61
399.035	6.94
399.124	10.05
399.214	-0.19
399.303	5.63
399.393	3.99
399.483	3.17
399.572	13.57
399.662	26.92
399.751	27.58
399.841	30.45
399.93	37.82
400.02	27.66
400.109	19.55
400.199	21.68
400.288	17.83
400.378	16.03
400.467	13.24
400.557	17.26
400.646	11.52
400.736	14.14
400.825	-0.85
400.915	-9.45
401.004	-6.17
401.094	-7.89
401.183	-8.38
401.272	-2.81
401.362	14.55
401.451	9.15
401.541	15.7
401.63	11.11
401.719	16.11
401.809	16.6
401.898	20.78
401.987	20.12
402.077	18.9
402.166	14.31
402.255	1.2
402.345	5.46
402.434	3.25
402.523	5.3
402.613	7.26
402.702	14.72
402.791	4.31
402.881	2.02
402.97	2.1
403.059	-7.07
403.148	-5.19
403.238	2.92
403.327	-2.08
403.416	-8.06
403.505	-0.68
403.594	-1.01
403.684	2.27
403.773	0.96
403.862	3.9
403.951	5.79
404.04	-1.42
404.13	-7.24
404.219	-9.04
404.308	-5.52
404.397	-13.13
404.486	-10.02
404.575	-10.1
404.665	-5.02
404.754	-6.09
404.843	4.64
404.932	6.36
405.021	9.88
405.11	13.57
405.199	12.51
405.288	16.52
405.377	4.64
405.466	6.44
405.555	4.97
405.644	15.7
405.733	5.46
405.823	12.75
405.912	14.96
406.001	15.54
406.09	8.25
406.179	13.9
406.268	18.24
406.357	17.5
406.446	16.85
406.534	17.01
406.623	15.05
406.712	16.85
406.801	11.36
406.89	9.48
406.979	13
407.068	8.9
407.157	11.85
407.246	16.52
407.335	31.68
407.424	32.58
407.513	32.08
407.602	25.2
407.69	24.88
407.779	15.29
407.868	6.69
407.957	11.61
408.046	17.59
408.135	19.06
408.223	20.45
408.312	16.68
408.401	9.88
408.49	-0.19
408.579	-3.88
408.668	1.53
408.756	5.22
408.845	6.36
408.934	17.42
409.023	23.32
409.111	8.41
409.2	9.31
409.289	10.13
409.378	6.36
409.466	-1.75
409.555	-1.09
409.644	-0.19
409.732	2.27
409.821	-0.27
409.91	-1.91
409.998	8.08
410.087	10.7
410.176	18.57
410.264	20.45
410.353	23.16
410.442	20.86
410.53	9.64
410.619	0.96
410.708	-0.27
410.796	-1.5
410.885	3.66
410.973	4.72
411.062	-3.8
411.151	-6.25
411.239	-2.98
411.328	-10.51
411.416	0.63
411.505	8.41
411.593	11.2
411.682	10.29
411.77	13.65
411.859	14.06
411.947	23.48
412.036	11.69
412.124	4.56
412.213	-3.8
412.301	1.2
412.39	-16
412.478	-5.27
412.567	8.74
412.655	7.02
412.744	7.84
412.832	17.34
412.92	17.59
413.009	10.62
413.097	14.31
413.186	3.66
413.274	6.69
413.363	19.22
413.451	15.46
413.539	22.83
413.628	28.81
413.716	18.08
413.804	1.53
413.893	8.16
413.981	10.95
414.069	0.96
414.158	9.8
414.246	16.77
414.334	7.26
414.423	-6.42
414.511	-1.01
414.599	2.92
414.687	0.38
414.776	-2.4
414.864	3.09
414.952	4.15
415.04	-6.25
415.129	-10.68
415.217	-14.53
415.305	-6.01
415.393	-4.78
415.482	2.84
415.57	3
415.658	12.42
415.746	9.88
415.834	3.5
415.922	-0.35
416.011	3.99
416.099	1.45
416.187	3.09
416.275	12.59
416.363	18.65
416.451	24.47
416.539	24.63
416.628	23.32
416.716	13.65
416.804	4.31
416.892	-1.42
416.98	6.77
417.068	5.13
417.156	11.2
417.244	18.57
417.332	10.21
417.42	-4.94
417.508	-8.96
417.596	-9.86
417.684	-10.51
417.772	-3.8
417.86	16.36
417.948	24.06
418.036	30.61
418.124	24.47
418.212	36.75
418.3	30.2
418.388	17.09
418.476	7.26
418.564	16.93
418.652	4.23
418.74	3.66
418.828	2.76
418.916	0.05
419.004	-8.38
419.091	2.27
419.179	-3.06
419.267	3.82
419.355	7.43
419.443	7.67
419.531	-5.93
419.619	-7.4
419.706	-1.75
419.794	7.43
419.882	7.02
419.97	13.41
420.058	16.52
420.146	5.54
420.233	-1.09
420.321	8.74
420.409	6.53
420.497	5.3
420.584	14.88
420.672	12.1
420.76	4.07
420.848	4.07
420.935	1.37
421.023	0.79
421.111	3.82
421.199	6.28
421.286	15.37
421.374	23.57
421.462	24.96
421.549	23.32
421.637	23.73
421.725	11.77
421.812	3.17
421.9	-3.47
421.988	1.77
422.075	4.64
422.163	12.67
422.25	14.88
422.338	16.52
422.426	8.57
422.513	2.92
422.601	4.4
422.688	15.95
422.776	10.54
422.864	19.63
422.951	21.35
423.039	14.64
423.126	11.03
423.214	15.29
423.301	18.24
423.389	20.94
423.476	24.55
423.564	10.13
423.651	12.18
423.739	8.16
423.826	1.94
423.914	-7.15
424.001	-1.26
424.089	1.77
424.176	-0.52
424.264	2.1
424.351	13.98
424.438	13.49
424.526	7.1
424.613	9.8
424.701	10.29
424.788	7.92
424.876	7.92
424.963	19.96
425.05	22.91
425.138	27.09
425.225	27.74
425.312	37.41
425.4	32.41
425.487	30.36
425.574	28.97
425.662	24.88
425.749	31.18
425.836	22.83
425.924	16.36
426.011	12.75
426.098	21.03
426.185	19.14
426.273	28.15
426.36	33.4
426.447	45.36
426.534	36.59
426.622	41.83
426.709	43.88
426.796	45.68
426.883	30.61
426.971	36.26
427.058	24.71
427.145	16.6
427.232	19.47
427.319	18.24
427.406	25.45
427.494	32.99
427.581	39.46
427.668	44.29
427.755	60.59
427.842	54.45
427.929	49.37
428.016	52.48
428.104	49.12
428.191	42.32
428.278	49.04
428.365	43.31
428.452	28.64
428.539	29.22
428.626	30.04
428.713	24.47
428.8	31.18
428.887	43.31
428.974	45.36
429.061	45.36
429.148	48.96
429.235	43.8
429.322	50.68
429.409	46.42
429.496	49.86
429.583	43.06
429.67	56.66
429.757	61.41
429.844	66.24
429.931	62.48
430.018	61.58
430.105	51.01
430.192	41.92
430.279	42.57
430.366	39.95
430.453	53.63
430.539	61.99
430.626	62.15
430.713	59.69
430.8	67.56
430.887	60.18
430.974	61.9
431.061	63.71
431.147	63.3
431.234	54.61
431.321	63.3
431.408	64.61
431.495	71.98
431.582	72.72
431.668	75.67
431.755	68.78
431.842	68.62
431.929	68.46
432.015	76.32
432.102	90.74
432.189	88.69
432.276	96.15
432.362	100.98
432.449	101.14
432.536	96.88
432.623	104.91
432.709	99.83
432.796	100
432.883	98.6
432.969	102.13
433.056	109.5
433.143	111.3
433.229	112.45
433.316	104.75
433.403	112.04
433.489	103.44
433.576	106.88
433.662	108.84
433.749	114.58
433.836	118.51
433.922	124.73
434.009	140.79
434.095	141.04
434.182	151.44
434.268	147.84
434.355	159.06
434.442	146.85
434.528	152.92
434.615	160.21
434.701	158.9
434.788	159.14
434.874	165.2
434.961	171.67
435.047	168.81
435.134	175.52
435.22	174.3
435.307	179.54
435.393	174.21
435.48	182.24
435.566	180.6
435.652	185.93
435.739	184.54
435.825	190.76
435.912	202.72
435.998	222.22
436.084	228.28
436.171	239.01
436.257	246.63
436.344	242.12
436.43	231.07
436.516	238.27
436.603	244.25
436.689	246.71
436.775	261.05
436.862	274.4
436.948	272.84
437.034	271.53
437.121	271.04
437.207	267.11
437.293	276.86
437.38	295.29
437.466	299.06
437.552	310.61
437.638	320.03
437.725	323.8
437.811	329.61
437.897	350.01
437.983	353.29
438.07	357.71
438.156	357.47
438.242	358.2
438.328	362.22
438.414	371.64
438.501	365.41
438.587	375
438.673	379.83
438.759	379.42
438.845	375.65
438.931	392.2
439.017	405.8
439.104	418.91
439.19	424.15
439.276	442.99
439.362	442.17
439.448	448.64
439.534	450.12
439.62	455.36
439.706	453.88
439.792	465.68
439.878	467.65
439.964	482.39
440.05	502.63
440.137	515.65
440.223	536.46
440.309	533.59
440.395	543.67
440.481	540.55
440.567	548.25
440.653	537.93
440.739	558.99
440.825	552.02
440.911	566.44
440.996	581.76
441.082	605.84
441.168	622.06
441.254	643.85
441.34	643.94
441.426	662.86
441.512	677.11
441.598	681.45
441.684	690.38
441.77	697.43
441.856	694.56
441.941	682.52
442.027	695.05
442.113	695.79
442.199	712.99
442.285	719.3
442.371	759.77
442.457	758.38
442.542	779.43
442.628	790.24
442.714	811.3
442.8	804.33
442.886	817.44
442.971	819
443.057	830.22
443.143	835.05
443.229	853.57
443.314	863.97
443.4	882.24
443.486	896.33
443.572	908.21
443.657	911.89
443.743	937.7
443.829	958.18
443.914	972.92
444	992.91
444.086	1012.98
444.171	1029.28
444.257	1028.13
444.343	1044.27
444.428	1048.29
444.514	1066.47
444.6	1070.32
444.685	1082.2
444.771	1096.7
444.857	1127.09
444.942	1141.43
445.028	1158.8
445.113	1188.78
445.199	1202.87
445.285	1207.29
445.37	1220.97
445.456	1239.89
445.541	1236.7
445.627	1254.15
445.712	1268.16
445.798	1275.28
445.883	1293.06
445.969	1330.33
446.054	1358.76
446.14	1378.42
446.225	1398.57
446.311	1425.85
446.396	1441.91
446.482	1439.78
446.567	1460.42
446.653	1475.66
446.738	1497.28
446.823	1517.35
446.909	1550.2
446.994	1556.43
447.08	1575.68
447.165	1573.55
447.251	1599.52
447.336	1614.84
447.421	1619.26
447.507	1650.14
447.592	1664.97
447.677	1668.9
447.763	1673.65
447.848	1703.23
447.933	1708.88
448.019	1725.51
448.104	1740.75
448.189	1770.48
448.275	1796.45
448.36	1835.28
448.445	1837
448.53	1870.01
448.616	1876.49
448.701	1910.56
448.786	1912.2
448.872	1966.27
448.957	1974.13
449.042	2016.32
449.127	2021.48
449.212	2064.08
449.298	2060.64
449.383	2079.23
449.468	2093.57
449.553	2125.76
449.638	2113.31
449.724	2147.23
449.809	2173.2
449.894	2204.57
449.979	2202.11
450.064	2232.09
450.149	2245.45
450.234	2274.86
450.319	2251.26
450.405	2277.07
450.49	2294.84
450.575	2331.63
450.66	2345.39
450.745	2373.24
450.83	2401.01
450.915	2421.16
451	2412.32
451.085	2429.11
451.17	2456.06
451.255	2497.02
451.34	2506.44
451.425	2524.05
451.51	2531.43
451.595	2542.48
451.68	2549.94
451.765	2559.52
451.85	2604.74
451.935	2630.71
452.02	2637.59
452.105	2647.26
452.19	2665.61
452.275	2654.55
452.36	2628.58
452.445	2650.95
452.53	2669.05
452.615	2683.47
452.699	2717.63
452.784	2762.03
452.869	2775.13
452.954	2770.3
453.039	2784.96
453.124	2801.76
453.209	2818.22
453.293	2823.38
453.378	2836.49
453.463	2843.45
453.548	2857.95
453.633	2856.23
453.718	2897.77
453.802	2900.55
453.887	2955.77
453.972	2947.16
454.057	2952.57
454.141	2915.13
454.226	2948.47
454.311	2950.03
454.396	2952.57
454.48	2963.3
454.565	3014.26
454.65	3000.16
454.735	2989.68
454.819	2996.4
454.904	3008.11
454.989	3003.85
455.073	3022.61
455.158	3023.35
455.243	3021.96
455.327	3037.93
455.412	3025.56
455.497	3012.86
455.581	2991.89
455.666	3037.03
455.75	3021.55
455.835	3015.65
455.92	3039.57
456.004	3057.34
456.089	3032.6
456.173	3042.11
456.258	3049.32
456.343	3013.68
456.427	3023.35
456.512	3003.44
456.596	3004.83
456.681	3048.82
456.765	3055.54
456.85	3039.9
456.934	3058.25
457.019	3025.4
457.103	3017.45
457.188	3021.38
457.272	3002.38
457.357	3007.37
457.441	3024.33
457.526	2958.39
457.61	2968.79
457.694	2988.7
457.779	2958.55
457.863	2939.63
457.948	2960.6
458.032	2927.67
458.116	2896.95
458.201	2903.42
458.285	2888.26
458.37	2890.56
458.454	2900.06
458.538	2881.63
458.623	2889
458.707	2894
458.791	2861.72
458.876	2843.86
458.96	2867.13
459.044	2838.05
459.129	2825.1
459.213	2850.75
459.297	2838.21
459.381	2832.56
459.466	2785.7
459.55	2784.23
459.634	2736.06
459.718	2734.34
459.803	2684.04
459.887	2689.12
459.971	2678.72
460.055	2679.04
460.14	2662.74
460.224	2675.11
460.308	2671.83
460.392	2637.18
460.476	2640.79
460.56	2601.55
460.645	2595.73
460.729	2569.93
460.813	2562.15
460.897	2527.08
460.981	2527.33
461.065	2507.59
461.149	2488.83
461.233	2471.3
461.318	2477.77
461.402	2449.75
461.486	2397.98
461.57	2385.94
461.654	2386.84
461.738	2343.83
461.822	2344.16
461.906	2338.26
461.99	2330.23
462.074	2304.35
462.158	2291.49
462.242	2276.25
462.326	2275.43
462.41	2266.99
462.494	2252.66
462.578	2233.98
462.662	2206.29
462.746	2192.12
462.83	2164.35
462.914	2126.67
462.998	2122.57
463.082	2129.12
463.166	2117.16
463.25	2103.24
463.334	2103.07
463.417	2064.16
463.501	2037.21
463.585	2009.69
463.669	2005.26
463.753	1989.37
463.837	1992.56
463.921	1980.28
464.004	1992.4
464.088	1962.42
464.172	1946.36
464.256	1937.43
464.34	1907.94
464.424	1859.94
464.507	1870.59
464.591	1849.86
464.675	1842.65
464.759	1831.59
464.842	1827.25
464.926	1795.3
465.01	1773.43
465.094	1742.88
465.177	1720.18
465.261	1726.08
465.345	1688.65
465.429	1690.53
465.512	1665.3
465.596	1663.5
465.68	1635.97
465.763	1653.42
465.847	1644.98
465.931	1641.62
466.014	1625.16
466.098	1603.78
466.182	1582.81
466.265	1562.49
466.349	1541.03
466.433	1533.33
466.516	1525.38
466.6	1504.82
466.683	1482.13
466.767	1472.79
466.851	1453.54
466.934	1445.35
467.018	1418.4
467.101	1416.68
467.185	1408.32
467.268	1397.34
467.352	1370.8
467.435	1367.69
467.519	1368.67
467.602	1354.66
467.686	1358.1
467.769	1352.94
467.853	1360.81
467.936	1340
468.02	1332.63
468.103	1316.57
468.187	1301.42
468.27	1277.91
468.354	1277.41
468.437	1276.18
468.52	1259.88
468.604	1261.03
468.687	1260.7
468.771	1238.17
468.854	1225.15
468.937	1221.38
469.021	1211.47
469.104	1206.31
469.187	1201.8
469.271	1196.97
469.354	1184.68
469.437	1175.42
469.521	1165.43
469.604	1164.45
469.687	1156.83
469.771	1153.31
469.854	1152.24
469.937	1147.98
470.021	1139.87
470.104	1123.57
470.187	1117.51
470.27	1093.51
470.354	1076.79
470.437	1064.51
470.52	1074.34
470.603	1065.57
470.686	1072.78
470.77	1078.51
470.853	1067.21
470.936	1047.55
471.019	1045.58
471.102	1021.58
471.186	1014.45
471.269	1010.77
471.352	1012.24
471.435	999.14
471.518	996.27
471.601	987.5
471.684	977.43
471.768	974.64
471.851	959.9
471.934	961.78
472.017	956.87
472.1	960.47
472.183	945.64
472.266	951.13
472.349	933.19
472.432	921.23
472.515	918.45
472.598	908.7
472.681	904.03
472.764	912.55
472.847	906.9
472.93	904.11
473.013	903.54
473.096	895.18
473.179	890.59
473.262	882.16
473.345	873.96
473.428	872.33
473.511	872.57
473.594	862.09
473.677	863.97
473.76	856.43
473.843	847.59
473.926	850.54
474.009	848.98
474.091	846.36
474.174	839.64
474.257	837.1
474.34	821.13
474.423	825.8
474.506	819
474.589	812.85
474.671	815.39
474.754	812.85
474.837	813.67
474.92	807.77
475.003	804.74
475.085	789.1
475.168	788.19
475.251	766.32
475.334	757.97
475.417	761.33
475.499	764.19
475.582	764.03
475.665	769.85
475.748	769.11
475.83	761.24
475.913	759.85
475.996	753.38
476.078	754.36
476.161	755.1
476.244	741.91
476.326	743.96
476.409	735.19
476.492	726.26
476.574	723.64
476.657	744.2
476.74	731.1
476.822	728.48
476.905	729.21
476.988	730.03
477.07	716.68
477.153	711.52
477.235	717.17
477.318	715.12
477.4	706.93
477.483	711.11
477.566	713.81
477.648	710.86
477.731	700.79
477.813	702.34
477.896	696.2
477.978	686.45
478.061	687.76
478.143	704.8
478.226	691.37
478.308	692.1
478.391	700.38
478.473	699.31
478.556	691.61
478.638	694.56
478.72	695.14
478.803	685.3
478.885	680.06
478.968	679.65
479.05	684.65
479.133	678.18
479.215	684.24
479.297	671.95
479.38	662.7
479.462	661.22
479.544	661.55
479.627	662.2
479.709	674.98
479.792	669.66
479.874	667.28
479.956	657.62
480.039	655.65
480.121	643.94
480.203	664.01
480.285	672.36
480.368	678.34
480.45	664.58
480.532	668.02
480.615	650.16
480.697	631.57
480.779	622.64
480.861	638.86
480.943	632.55
481.026	631.16
481.108	639.43
481.19	644.67
481.272	638.94
481.354	645.98
481.437	645.33
481.519	643.03
481.601	637.71
481.683	637.79
481.765	622.64
481.847	610.02
481.93	609.37
482.012	607.97
482.094	602.24
482.176	613.13
482.258	622.15
482.34	620.92
482.422	613.54
482.504	621.82
482.586	614.53
482.668	614.12
482.75	611.33
482.833	626.73
482.915	624.44
482.997	626.24
483.079	620.43
483.161	613.13
483.243	603.14
483.325	594.29
483.407	589.79
483.489	596.34
483.571	595.44
483.653	585.69
483.735	584.3
483.816	585.12
483.898	577.25
483.98	572.09
484.062	580.78
484.144	571.93
484.226	574.63
484.308	570.05
484.39	578.73
484.472	571.68
484.554	582.58
484.636	562.92
484.717	560.3
484.799	548.42
484.881	541.21
484.963	537.61
485.045	551.86
485.127	550.79
485.208	554.07
485.29	563.82
485.372	557.1
485.454	554.97
485.536	563.08
485.617	558.17
485.699	550.47
485.781	543.5
485.863	530.15
485.944	512.62
486.026	510.98
486.108	503.45
486.19	500.25
486.271	501.23
486.353	499.51
486.435	502.87
486.516	499.68
486.598	501.07
486.68	506.8
486.761	508.03
486.843	496.89
486.925	491.16
487.006	492.88
487.088	482.64
487.17	484.36
487.251	478.62
487.333	488.86
487.414	481.41
487.496	485.59
487.578	470.84
487.659	479.2
487.741	473.95
487.822	474.69
487.904	465.03
487.985	482.31
488.067	477.97
488.148	470.35
488.23	467.73
488.311	471.09
488.393	460.03
488.474	461.42
488.556	467.56
488.637	457.16
488.719	449.71
488.8	455.93
488.882	439.96
488.963	430.21
489.045	436.44
489.126	423.57
489.207	421.04
489.289	426.2
489.37	427.18
489.452	422.18
489.533	428.16
489.614	423.82
489.696	430.05
489.777	437.5
489.859	430.95
489.94	433.98
490.021	430.62
490.103	425.7
490.184	421.61
490.265	420.3
490.347	412.76
490.428	398.1
490.509	392.77
490.59	388.84
490.672	392.12
490.753	394.33
490.834	411.04
490.915	405.55
490.997	397.52
491.078	394.66
491.159	395.07
491.24	375.73
491.322	373.77
491.403	364.1
491.484	362.3
491.565	360.09
491.646	366.72
491.728	370.16
491.809	361.56
491.89	343.95
491.971	334.69
492.052	331.33
492.133	331.42
492.214	337.07
492.296	347.64
492.377	353.86
492.458	351.57
492.539	331.17
492.62	330.11
492.701	328.06
492.782	323.96
492.863	320.11
492.944	328.3
493.025	325.52
493.106	320.52
493.187	314.21
493.268	317.82
493.349	311.84
493.43	318.15
493.511	316.51
493.592	319.29
493.673	307.33
493.754	303.4
493.835	296.93
493.916	299.55
493.997	298.32
494.078	299.39
494.159	303.97
494.24	310.69
494.321	297.67
494.402	291.77
494.483	288.08
494.564	279.4
494.644	260.23
494.725	262.69
494.806	253.27
494.887	245.89
494.968	258.02
495.049	266.13
495.13	270.8
495.21	272.52
495.291	277.76
495.372	270.39
495.453	262.93
495.534	253.43
495.614	262.36
495.695	250.15
495.776	245.24
495.857	243.11
495.938	239.99
496.018	234.18
496.099	245.48
496.18	237.78
496.26	230.25
496.341	226.89
496.422	216.81
496.503	215.26
496.583	211.57
496.664	221.73
496.745	227.13
496.825	226.07
496.906	216.48
496.987	222.79
497.067	225.5
497.148	217.22
497.228	224.35
497.309	218.94
497.39	222.38
497.47	216.24
497.551	226.72
497.632	219.84
497.712	227.22
497.793	216.81
497.873	216.24
497.954	203.79
498.034	200.1
498.115	197.48
498.195	199.12
498.276	200.92
498.356	203.3
498.437	198.63
498.517	203.79
498.598	213.7
498.678	194.45
498.759	191.17
498.839	192.81
498.92	184.21
499	165.78
499.081	174.87
499.161	178.39
499.242	176.51
499.322	182.16
499.402	181.91
499.483	182.41
499.563	180.6
499.644	182.98
499.724	175.85
499.804	175.52
499.885	170.61
499.965	175.93
500.045	180.11
500.126	168.23
500.206	162.09
500.286	162.99
500.367	138.42
500.447	126.37
500.527	132.27
500.608	147.18
500.688	150.13
500.768	154.14
500.848	153.9
500.929	147.75
501.009	135.22
501.089	130.14
501.169	133.25
501.25	140.14
501.33	151.19
501.41	148.25
501.49	140.46
501.57	142.51
501.651	142.84
501.731	143.82
501.811	147.02
501.891	154.06
501.971	142.35
502.051	133.66
502.131	126.29
502.212	127.03
502.292	124.65
502.372	138.25
502.452	153.32
502.532	157.17
502.612	149.31
502.692	149.97
502.772	146.03
502.852	128.91
502.932	129.57
503.012	136.04
503.092	137.6
503.172	141.61
503.252	142.92
503.332	131.45
503.412	125.72
503.492	129.98
503.572	131.78
503.652	120.15
503.732	123.01
503.812	132.19
503.892	116.05
503.972	112.2
504.052	122.03
504.132	119.41
504.212	113.84
504.292	103.27
504.372	99.42
504.452	102.94
504.532	102.94
504.612	100.57
504.691	115.15
504.771	116.13
504.851	109.74
504.931	108.02
505.011	111.14
505.091	109.01
505.17	107.12
505.25	111.96
505.33	112.94
505.41	101.63
505.49	93.85
505.57	90.49
505.649	83.69
505.729	82.63
505.809	90.57
505.889	95.57
505.968	92.05
506.048	91.39
506.128	90.74
506.207	83.61
506.287	87.3
506.367	95.08
506.447	94.43
506.526	93.93
506.606	90.66
506.686	93.03
506.765	85.66
506.845	92.3
506.925	89.51
507.004	92.87
507.084	83.61
507.163	80.83
507.243	74.6
507.323	74.76
507.402	72.96
507.482	79.19
507.561	90.08
507.641	89.1
507.721	97.95
507.8	116.79
507.88	107.7
507.959	101.39
508.039	114
508.118	96.64
508.198	77.14
508.277	88.12
508.357	88.77
508.436	72.8
508.516	84.59
508.595	76.24
508.675	59.69
508.754	54.28
508.834	54.53
508.913	45.68
508.993	50.35
509.072	55.76
509.151	49.94
509.231	54.61
509.31	55.43
509.39	52.07
509.469	56.74
509.548	64.85
509.628	69.19
509.707	69.19
509.786	83.28
509.866	80.66
509.945	77.8
510.025	65.84
510.104	74.76
510.183	61.9
510.262	64.44
510.342	70.01
510.421	72.47
510.5	55.68
510.58	59.69
510.659	50.76
510.738	48.96
510.817	52.24
510.897	59.69
510.976	49.78
511.055	52.24
511.134	49.37
511.213	47.24
511.293	42.82
511.372	52.15
511.451	55.92
511.53	59.45
511.609	48.39
511.689	44.37
511.768	45.03
511.847	41.51
511.926	42.16
512.005	44.04
512.084	58.3
512.163	57.56
512.242	73.95
512.322	64.28
512.401	73.78
512.48	72.14
512.559	75.09
512.638	58.22
512.717	65.51
512.796	68.7
512.875	68.78
512.954	70.34
513.033	75.09
513.112	79.27
513.191	78.86
513.27	77.3
513.349	78.53
513.428	75.01
513.507	70.1
513.586	57.07
513.665	58.79
513.744	57.23
513.823	57.4
513.902	63.54
513.981	74.35
514.06	69.44
514.138	69.93
514.217	79.19
514.296	69.69
514.375	70.42
514.454	74.03
514.533	72.55
514.612	65.43
514.691	58.38
514.769	54.45
514.848	46.42
514.927	49.21
515.006	48.39
515.085	54.37
515.163	48.63
515.242	48.63
515.321	43.47
515.4	41.75
515.479	34.05
515.557	38.47
515.636	40.28
515.715	38.23
515.794	33.07
515.872	40.11
515.951	42.9
516.03	48.14
516.108	48.39
516.187	50.19
516.266	50.84
516.344	39.38
516.423	39.54
516.502	48.22
516.58	53.79
516.659	48.47
516.738	49.29
516.816	42.08
516.895	32.17
516.974	31.76
517.052	26.35
517.131	24.71
517.209	24.47
517.288	30.2
517.367	23.32
517.445	36.02
517.524	39.87
517.602	41.75
517.681	37.66
517.759	40.36
517.838	41.1
517.916	38.06
517.995	46.91
518.073	45.27
518.152	43.47
518.23	29.38
518.309	42.65
518.387	35.44
518.466	34.62
518.544	44.13
518.623	52.89
518.701	34.38
518.779	34.21
518.858	36.43
518.936	27.83
519.015	26.43
519.093	42.41
519.171	44.62
519.25	37.33
519.328	42.32
519.407	43.14
519.485	37.41
519.563	41.1
519.642	44.7
519.72	39.87
519.798	34.46
519.876	35.53
519.955	20.04
520.033	24.71
520.111	28.32
520.19	35.85
520.268	34.87
520.346	43.14
520.424	47.73
520.503	46.34
520.581	52.73
520.659	46.58
520.737	45.68
520.816	38.88
520.894	35.53
520.972	27.33
521.05	21.68
521.128	29.14
521.206	19.39
521.285	26.35
521.363	27.91
521.441	40.77
521.519	33.4
521.597	34.62
521.675	32
521.753	17.5
521.832	15.86
521.91	10.7
521.988	10.87
522.066	10.7
522.144	22.17
522.222	27.5
522.3	29.05
522.378	26.6
522.456	15.78
522.534	7.51
522.612	10.05
522.69	10.13
522.768	14.14
522.846	19.47
522.924	28.89
523.002	13.49
523.08	21.76
523.158	29.3
523.236	39.38
523.314	31.76
523.392	35.61
523.47	34.79
523.548	22.83
523.626	15.62
523.704	15.78
523.781	15.62
523.859	10.87
523.937	16.03
524.015	22.34
524.093	23.57
524.171	19.63
524.249	18.73
524.327	20.21
524.404	20.12
524.482	21.6
524.56	36.02
524.638	36.02
524.716	42.57
524.793	36.92
524.871	39.54
524.949	41.42
525.027	41.75
525.104	34.95
525.182	38.31
525.26	45.36
525.338	38.31
525.415	35.28
525.493	39.54
525.571	32.58
525.649	30.2
525.726	31.1
525.804	22.83
525.882	14.14
525.959	4.4
526.037	-4.12
526.115	0.55
526.192	13.82
526.27	18.65
526.347	31.59
526.425	43.64
526.503	33.07
526.58	28.15
526.658	18.98
526.736	17.26
526.813	15.54
526.891	14.39
526.968	12.51
527.046	18.16
527.123	18.24
527.201	17.34
527.278	22.66
527.356	32.41
527.433	38.88
527.511	39.95
527.588	31.92
527.666	37.49
527.743	45.11
527.821	45.11
527.898	46.26
527.976	46.42
528.053	28.81
528.131	17.59
528.208	14.31
528.285	13
528.363	12.92
528.44	19.14
528.518	20.7
528.595	16.85
528.672	11.69
528.75	17.99
528.827	15.05
528.905	12.42
528.982	19.06
529.059	20.29
529.137	12.34
529.214	20.12
529.291	21.35
529.369	22.58
529.446	16.77
529.523	24.71
529.6	20.37
529.678	10.38
529.755	2.68
529.832	12.18
529.909	9.48
529.987	11.03
530.064	18.65
530.141	16.52
530.218	19.22
530.296	10.13
530.373	7.75
530.45	5.38
530.527	4.56
530.604	-1.01
530.681	4.15
530.759	3.82
530.836	1.5
