198.396	-11.13
198.5	0.44
198.604	1.49
198.708	-3.26
198.812	-0.89
198.916	5.17
199.02	-4.98
199.125	-1.87
199.229	7.14
199.333	11.4
199.437	7.39
199.541	3.45
199.645	-0.89
199.749	-5.31
199.853	-4.57
199.957	-5.64
200.061	-0.97
200.165	-4.08
200.269	-6.95
200.373	-14.49
200.477	-17.76
200.581	-20.47
200.685	-20.38
200.789	-12.11
200.893	-13.5
200.996	-19.97
201.1	-17.27
201.204	-22.43
201.308	-20.47
201.412	-33.98
201.516	-24.23
201.62	-23.74
201.724	-13.75
201.828	-17.6
201.932	-0.64
202.035	-0.64
202.139	1.57
202.243	-7.52
202.347	-14.49
202.451	-8.26
202.555	-6.62
202.659	-0.48
202.762	5.26
202.866	7.39
202.97	-5.15
203.074	-6.21
203.178	-9.24
203.281	-19.32
203.385	-13.99
203.489	-9.08
203.593	-13.75
203.697	-25.38
203.8	-13.09
203.904	-10.8
204.008	-6.95
204.112	4.68
204.215	9.19
204.319	10.42
204.423	0.26
204.527	-3.26
204.63	-11.29
204.734	-12.36
204.838	-9.73
204.941	-11.21
205.045	-12.68
205.149	-13.5
205.252	-3.26
205.356	-9.82
205.46	0.42
205.563	-4.57
205.667	3.37
205.771	-9.41
205.874	-5.97
205.978	-7.77
206.082	3.13
206.185	-10.72
206.289	-2.44
206.392	-11.45
206.496	-23.99
206.6	-19.73
206.703	-11.86
206.807	-12.85
206.91	-7.03
207.014	8.78
207.117	-1.05
207.221	-10.23
207.324	-7.28
207.428	-5.23
207.531	-10.06
207.635	-20.63
207.739	-24.32
207.842	-18.42
207.946	-16.7
208.049	-23.5
208.153	-8.01
208.256	12.55
208.359	10.91
208.463	11.73
208.566	15.58
208.67	19.43
208.773	15.74
208.877	15.25
208.98	9.11
209.084	10.58
209.187	2.55
209.29	-1.38
209.394	-13.34
209.497	-0.72
209.601	-1.3
209.704	7.39
209.807	11.81
209.911	24.75
210.014	11.73
210.118	10.34
210.221	-2.12
210.324	-8.67
210.428	-4.25
210.531	-2.12
210.634	2.06
210.738	6.81
210.841	-3.43
210.944	-14.49
211.048	-11.45
211.151	-19.65
211.254	-24.73
211.357	-14.65
211.461	-16.86
211.564	-15.31
211.667	3.45
211.77	7.55
211.874	9.43
211.977	2.72
212.08	0.34
212.183	-12.36
212.287	-9.65
212.39	-14.65
212.493	-2.44
212.596	-7.52
212.7	6.73
212.803	-8.26
212.906	1.73
213.009	8.7
213.112	11.4
213.215	0.59
213.319	18.2
213.422	14.84
213.525	2.8
213.628	1.32
213.731	2.64
213.834	-8.92
213.937	-2.69
214.041	-4.16
214.144	-2.69
214.247	-8.51
214.35	6.08
214.453	-2.12
214.556	2.96
214.659	1.73
214.762	0.59
214.865	-8.18
214.968	-17.19
215.071	-21.94
215.174	-24.64
215.277	-26.53
215.38	-22.51
215.483	-19.81
215.586	-10.96
215.689	0.01
215.792	11.24
215.895	10.58
215.998	12.79
216.101	6.32
216.204	5.75
216.307	5.34
216.41	7.06
216.513	17.13
216.616	15.5
216.719	13.61
216.822	9.52
216.925	7.14
217.028	1.82
217.131	-1.62
217.234	-0.56
217.337	1.57
217.44	0.67
217.542	-2.03
217.645	1.57
217.748	-0.07
217.851	-5.56
217.954	1.65
218.057	3.7
218.16	10.01
218.263	16.56
218.365	18.12
218.468	4.03
218.571	0.83
218.674	-8.18
218.777	-17.6
218.879	-16.86
218.982	-15.31
219.085	-5.39
219.188	-6.62
219.291	-6.54
219.393	-13.67
219.496	-7.77
219.599	-14.73
219.702	-12.11
219.804	-0.15
219.907	12.3
220.01	7.14
220.113	11.15
220.215	14.1
220.318	-6.21
220.421	-9.82
220.523	-0.4
220.626	-3.43
220.729	-3.67
220.831	1.9
220.934	-0.64
221.037	-1.13
221.139	-4.82
221.242	-7.52
221.345	-9.33
221.447	-8.67
221.55	-19.16
221.653	-15.63
221.755	-18.5
221.858	-22.51
221.96	-15.31
222.063	-14.24
222.166	-15.47
222.268	-6.13
222.371	-4.49
222.473	-25.22
222.576	-19.89
222.679	-8.83
222.781	-2.77
222.884	2.47
222.986	20.41
223.089	10.99
223.191	-3.51
223.294	-13.75
223.396	-13.91
223.499	-8.51
223.601	6.65
223.704	11.48
223.806	13.69
223.909	6.81
224.011	-6.62
224.114	-9.57
224.216	-8.34
224.319	-12.85
224.421	-5.23
224.523	-0.81
224.626	-12.52
224.728	-13.42
224.831	-4.82
224.933	-6.46
225.036	-3.26
225.138	-1.38
225.24	-1.62
225.343	-4.74
225.445	4.27
225.547	3.13
225.65	12.79
225.752	14.02
225.855	10.75
225.957	4.85
226.059	8.37
226.162	12.96
226.264	10.09
226.366	9.11
226.469	2.47
226.571	-0.07
226.673	-8.26
226.775	-7.52
226.878	-5.31
226.98	4.68
227.082	7.55
227.185	14.76
227.287	22.54
227.389	18.45
227.491	18.36
227.594	11.07
227.696	0.59
227.798	-3.75
227.9	-2.36
228.002	-2.12
228.105	-5.23
228.207	3.29
228.309	-0.56
228.411	4.93
228.513	4.6
228.616	10.99
228.718	-4.74
228.82	1
228.922	-4.57
229.024	-4.41
229.126	-11.21
229.228	1.49
229.331	-3.51
229.433	-8.67
229.535	-6.46
229.637	-0.56
229.739	-0.72
229.841	2.47
229.943	11.15
230.045	11.48
230.147	9.11
230.249	7.8
230.352	8.37
230.454	11.81
230.556	0.42
230.658	1.24
230.76	-1.87
230.862	-2.94
230.964	-5.47
231.066	4.27
231.168	1.73
231.27	9.43
231.372	10.09
231.474	5.09
231.576	6.57
231.678	6.81
231.78	-4.74
231.882	-2.85
231.984	-7.6
232.086	-11.78
232.187	-11.86
232.289	-5.47
232.391	-6.95
232.493	-3.26
232.595	-7.85
232.697	-9.73
232.799	-7.11
232.901	-9.73
233.003	-8.75
233.105	-5.31
233.207	-0.56
233.308	4.52
233.41	0.51
233.512	4.44
233.614	8.29
233.716	4.03
233.818	-4.49
233.919	-3.51
234.021	-6.95
234.123	-15.63
234.225	-9.49
234.327	1.24
234.428	0.83
234.53	2.31
234.632	12.14
234.734	12.96
234.836	1.9
234.937	-2.12
235.039	-9.41
235.141	-25.14
235.243	-25.95
235.344	-29.48
235.446	-18.99
235.548	-14.16
235.649	-1.13
235.751	-16.12
235.853	-10.23
235.955	-6.13
236.056	-1.54
236.158	3.04
236.26	24.34
236.361	14.02
236.463	5.17
236.565	-3.26
236.666	-11.86
236.768	-18.58
236.87	-18.91
236.971	-19.81
237.073	-10.06
237.174	-15.96
237.276	-19.24
237.378	-3.43
237.479	-4.08
237.581	-10.55
237.682	-0.97
237.784	16.15
237.885	6.65
237.987	7.8
238.089	15.5
238.19	9.02
238.292	-7.52
238.393	-4.08
238.495	-8.67
238.596	-14.73
238.698	-12.03
238.799	-12.27
238.901	-5.47
239.002	0.18
239.104	6.98
239.205	10.34
239.307	19.84
239.408	10.99
239.51	17.87
239.611	12.63
239.713	14.02
239.814	7.3
239.915	10.34
240.017	-4.9
240.118	-0.72
240.22	-2.36
240.321	-4.41
240.422	-6.13
240.524	10.01
240.625	15.25
240.727	17.13
240.828	19.76
240.929	20.49
241.031	8.78
241.132	-3.35
241.233	-20.3
241.335	-22.84
241.436	-30.62
241.537	-26.69
241.639	-29.31
241.74	-10.72
241.841	-11.13
241.943	-2.44
242.044	-6.62
242.145	0.26
242.246	-5.39
242.348	-0.56
242.449	5.09
242.55	1.9
242.652	4.44
242.753	3.13
242.854	-5.23
242.955	-10.23
243.056	2.47
243.158	7.39
243.259	12.38
243.36	25.49
243.461	24.18
243.562	16.73
243.664	13.2
243.765	0.91
243.866	-13.34
243.967	-16.94
244.068	-11.95
244.169	-12.11
244.271	-9.9
244.372	-6.62
244.473	-2.61
244.574	-7.85
244.675	-20.63
244.776	-12.11
244.877	-6.29
244.978	4.11
245.08	11.56
245.181	19.92
245.282	29.67
245.383	28.28
245.484	13.37
245.585	3.29
245.686	5.34
245.787	-3.67
245.888	5.67
245.989	16.15
246.09	18.2
246.191	10.17
246.292	7.8
246.393	-2.03
246.494	-10.8
246.595	-13.58
246.696	-0.07
246.797	2.8
246.898	-3.92
246.999	-4.33
247.1	1.98
247.201	-16.29
247.302	-24.32
247.403	-19.24
247.504	-17.52
247.605	-18.25
247.705	-11.95
247.806	-5.31
247.907	-2.44
248.008	-9.16
248.109	-7.93
248.21	-3.26
248.311	-1.46
248.412	-0.48
248.513	4.85
248.613	8.53
248.714	12.55
248.815	7.47
248.916	2.39
249.017	6.89
249.118	-0.31
249.218	-12.6
249.319	-9.08
249.42	-3.75
249.521	-2.69
249.622	-2.44
249.722	4.36
249.823	-1.05
249.924	0.91
250.025	-1.95
250.125	3.13
250.226	0.42
250.327	4.6
250.428	-5.15
250.528	-2.03
250.629	-6.38
250.73	1.9
250.83	0.67
250.931	0.67
251.032	-8.34
251.133	-0.15
251.233	-8.26
251.334	-4.66
251.435	-3.43
251.535	3.7
251.636	-6.29
251.736	-0.89
251.837	-6.29
251.938	0.1
252.038	8.37
252.139	13.61
252.24	10.34
252.34	14.51
252.441	10.09
252.541	2.47
252.642	-0.56
252.743	3.04
252.843	-1.13
252.944	7.22
253.044	9.11
253.145	11.81
253.245	6.08
253.346	0.59
253.446	-4.98
253.547	-18.25
253.647	-14.98
253.748	-5.88
253.848	-2.12
253.949	-11.45
254.049	7.22
254.15	9.19
254.25	1.98
254.351	3.62
254.451	2.96
254.552	-5.97
254.652	-16.53
254.753	-15.71
254.853	-14.9
254.954	-1.71
255.054	-5.07
255.154	-4.33
255.255	-11.54
255.355	-9.82
255.456	-9.73
255.556	-5.31
255.656	0.59
255.757	10.99
255.857	11.24
255.957	7.63
256.058	5.42
256.158	9.02
256.258	3.37
256.359	-0.81
256.459	-11.37
256.559	-10.55
256.66	-3.1
256.76	6.89
256.86	4.76
256.961	18.94
257.061	25.08
257.161	14.51
257.261	3.37
257.362	5.99
257.462	-3.67
257.562	-15.06
257.662	-19.81
257.763	-19.89
257.863	-14.49
257.963	-13.18
258.063	-8.51
258.164	-7.03
258.264	-3.02
258.364	-9.9
258.464	-7.28
258.564	-5.64
258.665	-2.03
258.765	2.72
258.865	5.01
258.965	0.18
259.065	-4.16
259.165	-4.98
259.265	-9
259.366	-0.23
259.466	9.43
259.566	13.12
259.666	8.29
259.766	4.52
259.866	-7.44
259.966	-18.83
260.066	-18.34
260.166	-20.96
260.266	-13.83
260.366	-3.43
260.467	2.23
260.567	-1.38
260.667	9.43
260.767	7.71
260.867	5.91
260.967	10.58
261.067	10.75
261.167	2.8
261.267	-1.54
261.367	-2.53
261.467	-7.28
261.567	-1.79
261.667	1.57
261.767	3.86
261.867	-16.04
261.967	-10.47
262.066	-13.26
262.166	-6.05
262.266	-10.55
262.366	4.6
262.466	1.57
262.566	-1.95
262.666	-10.47
262.766	-7.52
262.866	-9.65
262.966	-14.98
263.066	-7.11
263.165	-3.1
263.265	-0.48
263.365	4.76
263.465	6.98
263.565	12.14
263.665	6.73
263.764	-2.28
263.864	-4.08
263.964	4.19
264.064	-10.47
264.164	-6.95
264.263	1.73
264.363	1.16
264.463	-6.95
264.563	-2.03
264.663	-6.38
264.762	-8.01
264.862	-11.95
264.962	-10.88
265.062	-9.73
265.161	-12.11
265.261	-11.37
265.361	-5.15
265.46	-6.13
265.56	-4.98
265.66	0.51
265.76	4.6
265.859	-2.28
265.959	-3.59
266.059	-13.18
266.158	-15.8
266.258	-30.87
266.358	-17.84
266.457	-18.25
266.557	-11.29
266.657	-13.42
266.756	-13.09
266.856	-12.85
266.955	-0.89
267.055	-1.95
267.155	-2.03
267.254	15.58
267.354	11.4
267.453	-5.07
267.553	-5.97
267.652	-1.54
267.752	-7.03
267.852	-4.57
267.951	2.31
268.051	5.5
268.15	-0.15
268.25	-2.2
268.349	-10.31
268.449	-4.57
268.548	2.72
268.648	15.09
268.747	10.25
268.847	18.69
268.946	7.55
269.046	-1.87
269.145	-3.43
269.244	-0.81
269.344	-8.51
269.443	-3.02
269.543	0.51
269.642	-14.08
269.742	-19.4
269.841	-20.96
269.94	-19.97
270.04	-31.44
270.139	-28.66
270.239	-24.48
270.338	-18.01
270.437	-15.55
270.537	-3.84
270.636	-0.81
270.735	1.49
270.835	-5.56
270.934	-12.27
271.033	-5.15
271.133	-0.64
271.232	-2.03
271.331	-2.12
271.431	-8.34
271.53	-25.54
271.629	-30.71
271.729	-25.38
271.828	-22.35
271.927	-14.81
272.026	-5.47
272.126	-5.56
272.225	-17.11
272.324	-9.98
272.423	-6.05
272.523	-16.94
272.622	-15.71
272.721	-14.4
272.82	-16.78
272.919	-18.17
273.019	-5.88
273.118	2.64
273.217	7.88
273.316	7.06
273.415	13.61
273.514	7.3
273.614	3.04
273.713	8.7
273.812	5.42
273.911	7.47
274.01	9.27
274.109	6.08
274.208	5.17
274.307	10.01
274.407	-1.22
274.506	2.72
274.605	6.24
274.704	7.47
274.803	1.32
274.902	3.13
275.001	3.29
275.1	-4.25
275.199	5.34
275.298	14.19
275.397	11.07
275.496	17.05
275.595	17.87
275.694	-4.74
275.793	-7.85
275.892	-14.24
275.991	-18.91
276.09	-15.06
276.189	1.82
276.288	1.32
276.387	16.4
276.486	15
276.585	13.53
276.684	5.34
276.783	4.11
276.882	-10.64
276.981	-13.58
277.08	-8.34
277.178	-7.36
277.277	-8.92
277.376	0.83
277.475	-0.07
277.574	-8.51
277.673	-10.96
277.772	-11.21
277.871	-17.19
277.969	-22.19
278.068	-17.44
278.167	-15.55
278.266	-20.96
278.365	-18.66
278.464	-11.54
278.562	-10.55
278.661	-10.72
278.76	-8.01
278.859	-4.57
278.958	-11.29
279.056	-18.91
279.155	-20.14
279.254	-12.03
279.353	-2.94
279.451	8.62
279.55	20.98
279.649	20.33
279.748	16.89
279.846	4.52
279.945	-8.92
280.044	-16.53
280.142	-16.21
280.241	-13.09
280.34	-5.47
280.438	16.32
280.537	20.58
280.636	24.84
280.734	25.98
280.833	28.93
280.932	20.82
281.03	18.85
281.129	18.94
281.228	25.16
281.326	15.91
281.425	12.87
281.523	17.3
281.622	15.91
281.721	9.02
281.819	9.76
281.918	2.96
282.016	-8.18
282.115	-23.66
282.213	-35.46
282.312	-34.72
282.41	-36.85
282.509	-42.67
282.607	-31.61
282.706	-23.82
282.805	-22.02
282.903	-15.8
283.002	-6.38
283.1	-7.93
283.198	-14.4
283.297	-14.32
283.395	-18.58
283.494	-5.8
283.592	-1.95
283.691	6.81
283.789	-6.05
283.888	1.08
283.986	-4.98
284.085	3.13
284.183	-3.75
284.281	5.01
284.38	-5.39
284.478	-7.93
284.576	-15.06
284.675	-14.57
284.773	-9.24
284.872	-7.69
284.97	-0.72
285.068	-8.67
285.167	-11.7
285.265	-9.57
285.363	2.88
285.462	1.49
285.56	12.06
285.658	20.49
285.757	16.07
285.855	13.69
285.953	22.87
286.051	26.47
286.15	20.33
286.248	15.74
286.346	10.66
286.444	9.43
286.543	-5.72
286.641	-0.15
286.739	9.52
286.837	7.8
286.936	-7.11
287.034	2.55
287.132	-3.92
287.23	-14.57
287.328	-22.1
287.427	-27.92
287.525	-23.91
287.623	-17.03
287.721	-0.64
287.819	4.6
287.917	13.45
288.016	4.68
288.114	9.6
288.212	4.19
288.31	8.12
288.408	10.25
288.506	19.76
288.604	7.14
288.702	1.9
288.8	-5.15
288.899	-15.47
288.997	-17.19
289.095	-15.63
289.193	-17.6
289.291	-7.03
289.389	1.98
289.487	-5.15
289.585	-2.2
289.683	1
289.781	5.42
289.879	3.45
289.977	3.86
290.075	4.76
290.173	6.98
290.271	-11.78
290.369	-22.35
290.467	-21.53
290.565	-26.77
290.663	-31.28
290.761	-17.35
290.859	-14.32
290.957	-16.7
291.055	-12.68
291.152	-23.91
291.25	-22.68
291.348	-15.63
291.446	-10.96
291.544	-1.3
291.642	17.95
291.74	23.61
291.838	22.87
291.936	24.59
292.033	16.48
292.131	-1.95
292.229	-9.41
292.327	-5.56
292.425	-2.44
292.523	0.51
292.62	14.76
292.718	10.09
292.816	8.94
292.914	9.52
293.012	13.37
293.109	13.12
293.207	23.93
293.305	22.05
293.403	13.78
293.5	15.41
293.598	10.91
293.696	5.09
293.794	5.42
293.891	11.15
293.989	1.57
294.087	5.83
294.185	0.01
294.282	-0.15
294.38	-2.44
294.478	-2.12
294.575	-4.25
294.673	-4.74
294.771	-4.82
294.868	-2.12
294.966	-8.42
295.064	-17.11
295.161	-12.36
295.259	-16.21
295.356	-27.35
295.454	-23.17
295.552	-15.96
295.649	-7.69
295.747	-2.85
295.844	4.11
295.942	19.92
296.04	17.79
296.137	14.02
296.235	8.94
296.332	13.86
296.43	-2.12
296.527	-0.48
296.625	-6.95
296.722	-7.77
296.82	-12.03
296.917	6.08
297.015	10.75
297.112	0.75
297.21	6.08
297.307	3.78
297.405	-8.18
297.502	-7.36
297.6	2.47
297.697	3.45
297.795	4.6
297.892	2.55
297.99	-0.97
298.087	0.91
298.184	1.9
298.282	-4.16
298.379	-8.34
298.477	-0.97
298.574	-0.64
298.671	4.85
298.769	20.82
298.866	28.69
298.964	15.66
299.061	12.38
299.158	4.76
299.256	0.51
299.353	-4.9
299.45	0.75
299.548	0.83
299.645	9.02
299.742	7.88
299.839	4.85
299.937	1.98
300.034	4.85
300.131	-4.9
300.229	-2.94
300.326	0.75
300.423	-0.81
300.52	-2.12
300.618	-2.44
300.715	-14.32
300.812	-10.88
300.909	-5.47
301.006	-3.35
301.104	-13.99
301.201	0.01
301.298	5.17
301.395	4.27
301.492	-4.57
301.59	11.32
301.687	-6.21
301.784	-13.99
301.881	-13.01
301.978	-1.71
302.075	-11.29
302.173	7.47
302.27	11.97
302.367	18.77
302.464	14.68
302.561	22.71
302.658	16.4
302.755	21.8
302.852	7.8
302.949	7.8
303.046	-2.03
303.143	-12.11
303.24	-17.35
303.338	-17.03
303.435	-13.75
303.532	-2.28
303.629	4.11
303.726	-1.95
303.823	4.85
303.92	5.91
304.017	3.04
304.114	7.71
304.211	9.19
304.308	7.88
304.405	6.24
304.502	2.55
304.599	-8.1
304.695	-11.54
304.792	-9.65
304.889	-9.9
304.986	-5.47
305.083	1
305.18	11.81
305.277	11.07
305.374	12.96
305.471	14.6
305.568	12.06
305.665	5.09
305.761	7.14
305.858	-4.33
305.955	-14.24
306.052	-6.05
306.149	-13.34
306.246	-16.04
306.343	-3.67
306.439	7.14
306.536	10.25
306.633	18.04
306.73	23.2
306.827	20.08
306.923	13.37
307.02	2.55
307.117	-4.49
307.214	-12.44
307.31	-11.7
307.407	-3.18
307.504	-10.96
307.601	-1.95
307.697	2.14
307.794	-8.34
307.891	-11.05
307.988	10.01
308.084	3.78
308.181	3.62
308.278	16.73
308.374	19.18
308.471	3.45
308.568	-1.95
308.664	1.57
308.761	3.04
308.858	-8.34
308.954	-6.29
309.051	-5.8
309.147	-8.67
309.244	-14.9
309.341	-8.42
309.437	0.67
309.534	3.62
309.63	-2.03
309.727	-1.3
309.824	-7.03
309.92	-10.31
310.017	-1.38
310.113	6.08
310.21	5.26
310.306	1.98
310.403	-0.72
310.499	-9.08
310.596	-16.12
310.693	-18.25
310.789	-18.09
310.886	-10.88
310.982	-8.59
311.078	-0.56
311.175	7.55
311.271	18.77
311.368	11.48
311.464	8.53
311.561	5.01
311.657	6.98
311.754	2.64
311.85	3.13
311.947	4.76
312.043	-7.77
312.139	-13.75
312.236	-11.7
312.332	-4.57
312.429	-5.39
312.525	7.06
312.621	-9.98
312.718	-15.39
312.814	-22.51
312.91	-21.29
313.007	-14.81
313.103	3.62
313.199	10.5
313.296	10.01
313.392	8.21
313.488	-6.38
313.585	-15.96
313.681	-22.19
313.777	-18.75
313.873	-9.16
313.97	-11.05
314.066	-7.52
314.162	-0.56
314.259	-8.18
314.355	-13.18
314.451	-8.83
314.547	1.41
314.643	-4.25
314.74	-0.89
314.836	-3.18
314.932	-2.36
315.028	-8.51
315.124	-8.92
315.221	-3.51
315.317	-3.92
315.413	-3.92
315.509	0.34
315.605	10.17
315.701	8.7
315.798	9.11
315.894	20.66
315.99	9.68
316.086	3.78
316.182	1.49
316.278	1.9
316.374	-7.11
316.47	-8.92
316.566	-1.46
316.662	-3.18
316.759	-4.9
316.855	-5.47
316.951	1.82
317.047	-6.7
317.143	-1.3
317.239	0.59
317.335	-0.89
317.431	-0.56
317.527	-4.49
317.623	-12.93
317.719	-12.6
317.815	-9.98
317.911	-5.88
318.007	-5.31
318.103	0.67
318.199	-6.46
318.295	-10.96
318.391	-11.05
318.487	-7.52
318.582	-4.33
318.678	7.63
318.774	18.36
318.87	21.72
318.966	21.89
319.062	11.81
319.158	8.7
319.254	3.62
319.35	-8.59
319.446	-12.52
319.541	-12.19
319.637	-14.4
319.733	-14.65
319.829	-9.73
319.925	-11.13
320.021	-9.24
320.116	-10.88
320.212	-0.97
320.308	3.78
320.404	16.89
320.5	10.75
320.595	11.65
320.691	-6.46
320.787	-12.27
320.883	-17.68
320.978	-18.17
321.074	-18.99
321.17	-18.58
321.266	-13.91
321.361	-21.29
321.457	-14.4
321.553	-10.55
321.649	-4.16
321.744	-3.18
321.84	13.45
321.936	13.78
322.031	10.5
322.127	11.48
322.223	12.47
322.318	-7.69
322.414	-0.89
322.51	7.3
322.605	15.41
322.701	9.27
322.796	24.1
322.892	19.18
322.988	15.74
323.083	16.32
323.179	14.68
323.274	6.73
323.37	6.81
323.466	6.89
323.561	3.29
323.657	3.29
323.752	10.5
323.848	10.34
323.943	10.34
324.039	-0.64
324.134	6.65
324.23	5.26
324.325	4.36
324.421	8.62
324.516	9.52
324.612	1.16
324.707	-1.71
324.803	7.14
324.898	-1.62
324.994	-0.15
325.089	-0.72
325.185	0.18
325.28	-7.77
325.375	-5.97
325.471	-3.35
325.566	2.31
325.662	4.19
325.757	6.16
325.853	6.49
325.948	7.63
326.043	9.68
326.139	6.24
326.234	0.59
326.329	-0.72
326.425	-1.13
326.52	-1.54
326.615	-8.92
326.711	-1.3
326.806	-0.48
326.901	-0.4
326.997	-13.5
327.092	-11.7
327.187	-7.77
327.283	-13.91
327.378	-15.55
327.473	-9.9
327.568	-7.28
327.664	-18.58
327.759	-16.21
327.854	-18.34
327.949	-14.9
328.045	-14.57
328.14	-21.53
328.235	-17.84
328.33	-16.37
328.425	-13.09
328.521	-14.9
328.616	-2.03
328.711	5.58
328.806	5.17
328.901	-1.95
328.996	7.8
329.092	10.58
329.187	-5.72
329.282	-5.97
329.377	-2.12
329.472	-7.36
329.567	-13.91
329.662	-0.56
329.757	3.78
329.853	9.27
329.948	10.99
330.043	10.5
330.138	16.07
330.233	15.17
330.328	7.06
330.423	1.41
330.518	3.04
330.613	-8.59
330.708	-11.29
330.803	-3.26
330.898	-3.59
330.993	-8.92
331.088	-9.73
331.183	-8.34
331.278	-15.71
331.373	-17.19
331.468	-5.97
331.563	4.68
331.658	3.86
331.753	6.81
331.848	15.66
331.943	9.43
332.038	-0.72
332.133	-5.72
332.227	-4.82
332.322	-4.33
332.417	-1.95
332.512	-2.61
332.607	-1.71
332.702	-7.03
332.797	-2.44
332.892	-4.9
332.987	-0.4
333.081	9.27
333.176	4.85
333.271	-10.31
333.366	-4.08
333.461	-12.36
333.556	-9.41
333.65	6.08
333.745	17.38
333.84	5.58
333.935	7.47
334.029	-0.4
334.124	-5.39
334.219	-19.65
334.314	-19.32
334.409	-12.77
334.503	-14.73
334.598	-24.15
334.693	-25.22
334.787	-23.25
334.882	-27.76
334.977	-22.02
335.072	-14.81
335.166	1.41
335.261	17.13
335.356	16.97
335.45	21.56
335.545	23.52
335.64	15.58
335.734	8.04
335.829	8.37
335.924	-8.34
336.018	-4.98
336.113	-2.28
336.207	-8.75
336.302	-3.84
336.397	7.06
336.491	3.54
336.586	9.43
336.68	13.86
336.775	5.67
336.869	2.06
336.964	11.56
337.059	4.19
337.153	7.39
337.248	13.04
337.342	1.73
337.437	-11.29
337.531	-12.85
337.626	-23.5
337.72	-26.77
337.815	-14.4
337.909	-12.44
338.004	-9
338.098	-2.44
338.193	7.3
338.287	5.01
338.381	-1.13
338.476	-1.87
338.57	-3.02
338.665	-7.77
338.759	-1.3
338.854	8.78
338.948	6.65
339.042	7.96
339.137	2.14
339.231	-5.47
339.326	-18.99
339.42	-18.5
339.514	-26.86
339.609	-23.99
339.703	-21.69
339.797	-16.62
339.892	-12.68
339.986	-3.18
340.08	-1.13
340.175	0.67
340.269	-0.07
340.363	-3.75
340.457	-12.36
340.552	-8.59
340.646	-5.88
340.74	-6.95
340.835	-9.65
340.929	-1.95
341.023	-4.66
341.117	-19.81
341.212	-12.85
341.306	-14.49
341.4	-14.98
341.494	-14.49
341.588	-10.14
341.683	-13.42
341.777	-10.06
341.871	-11.78
341.965	-21.2
342.059	-23.01
342.153	-13.34
342.248	-16.86
342.342	-13.18
342.436	-10.23
342.53	0.18
342.624	-7.6
342.718	-12.44
342.812	-22.76
342.906	-25.54
343.001	-17.27
343.095	-11.29
343.189	5.67
343.283	19.76
343.377	24.67
343.471	17.38
343.565	8.78
343.659	5.99
343.753	1.82
343.847	2.47
343.941	-1.3
344.035	6.16
344.129	-2.53
344.223	0.42
344.317	5.42
344.411	10.91
344.505	3.86
344.599	2.88
344.693	-7.36
344.787	-12.11
344.881	-16.7
344.975	-19.32
345.069	-10.8
345.163	0.59
345.257	-1.95
345.351	-4
345.444	6.89
345.538	4.68
345.632	4.03
345.726	6.49
345.82	13.28
345.914	12.22
346.008	11.81
346.102	20.25
346.195	16.23
346.289	15.82
346.383	12.79
346.477	10.99
346.571	-2.61
346.665	8.29
346.758	12.47
346.852	5.58
346.946	8.45
347.04	11.24
347.133	5.09
347.227	5.34
347.321	9.6
347.415	5.42
347.509	-1.05
347.602	0.75
347.696	-8.51
347.79	-9.57
347.883	-9.73
347.977	-9.49
348.071	-10.14
348.165	-1.62
348.258	-3.75
348.352	7.71
348.446	13.78
348.539	16.56
348.633	7.3
348.727	12.14
348.82	1.82
348.914	-6.54
349.007	-4.57
349.101	8.86
349.195	15.74
349.288	0.67
349.382	5.58
349.476	-1.79
349.569	-11.54
349.663	-18.75
349.756	3.45
349.85	0.83
349.943	4.44
350.037	-1.87
350.13	-2.2
350.224	-8.67
350.318	-6.62
350.411	-5.07
350.505	-2.12
350.598	-7.85
350.692	-6.46
350.785	-2.12
350.879	-2.03
350.972	0.34
351.066	9.52
351.159	6.89
351.252	7.63
351.346	4.93
351.439	0.75
351.533	-5.31
351.626	-0.64
351.72	1.98
351.813	-0.23
351.906	-0.97
352	-6.95
352.093	-10.8
352.187	-15.31
352.28	-12.52
352.373	4.27
352.467	12.3
352.56	2.47
352.653	4.27
352.747	11.32
352.84	1.65
352.933	1.41
353.027	5.09
353.12	4.19
353.213	-3.1
353.307	2.72
353.4	5.09
353.493	9.6
353.586	-0.31
353.68	4.76
353.773	-5.56
353.866	-12.19
353.96	-14.65
354.053	-3.92
354.146	-12.77
354.239	-7.77
354.332	-12.44
354.426	-3.67
354.519	-15.71
354.612	-7.93
354.705	-8.42
354.798	10.42
354.892	8.45
354.985	21.15
355.078	18.28
355.171	18.45
355.264	6.73
355.357	2.55
355.45	-4.49
355.544	-13.42
355.637	-5.56
355.73	6.65
355.823	-0.81
355.916	-6.54
356.009	5.42
356.102	-8.42
356.195	-9.08
356.288	-2.77
356.381	-1.22
356.474	-2.44
356.567	5.5
356.66	1.82
356.754	0.75
356.847	9.02
356.94	11.56
357.033	6.65
357.126	-0.97
357.219	0.34
357.312	-4.57
357.405	-8.59
357.497	-7.11
357.59	-7.69
357.683	-8.26
357.776	5.91
357.869	1.98
357.962	0.59
358.055	9.93
358.148	17.87
358.241	10.17
358.334	17.46
358.427	14.84
358.52	11.81
358.613	5.26
358.705	7.06
358.798	-8.83
358.891	7.96
358.984	1.57
359.077	10.17
359.17	11.97
359.263	26.8
359.355	16.07
359.448	17.95
359.541	14.27
359.634	8.45
359.727	5.83
359.819	4.11
359.912	6.49
360.005	0.01
360.098	4.36
360.19	5.91
360.283	-0.56
360.376	2.14
360.469	22.21
360.561	15.5
360.654	6.65
360.747	-5.07
360.84	-10.88
360.932	-29.89
361.025	-28.58
361.118	-21.12
361.21	2.47
361.303	7.8
361.396	15.41
361.488	15.91
361.581	21.97
361.674	15.09
361.766	17.54
361.859	17.13
361.951	15.74
362.044	8.29
362.137	10.75
362.229	-7.11
362.322	-15.39
362.414	-14.81
362.507	-11.21
362.6	-8.59
362.692	3.21
362.785	15.66
362.877	8.37
362.97	6.24
363.062	-5.39
363.155	-12.03
363.247	-22.6
363.34	-16.53
363.432	-19.32
363.525	-13.58
363.617	-8.51
363.71	-7.85
363.802	-6.13
363.895	-7.28
363.987	-4.41
364.08	-6.29
364.172	2.14
364.265	13.61
364.357	12.14
364.449	22.46
364.542	26.96
364.634	19.59
364.727	3.95
364.819	8.04
364.911	-5.07
365.004	-4.74
365.096	-7.03
365.188	-5.97
365.281	-1.79
365.373	0.91
365.466	0.01
365.558	-1.46
365.65	6.57
365.742	-4.82
365.835	-1.38
365.927	9.02
366.019	9.68
366.112	-2.36
366.204	9.52
366.296	5.34
366.389	-1.71
366.481	15.09
366.573	17.22
366.665	11.4
366.758	9.68
366.85	2.64
366.942	-6.87
367.034	-5.88
367.126	-5.88
367.219	0.42
367.311	10.99
367.403	11.97
367.495	9.11
367.587	8.45
367.679	5.99
367.772	-5.97
367.864	-4.25
367.956	-1.38
368.048	3.21
368.14	-2.44
368.232	-5.72
368.324	-11.21
368.417	-12.52
368.509	-19.81
368.601	-20.22
368.693	-6.7
368.785	-9.73
368.877	-1.79
368.969	8.04
369.061	7.06
369.153	2.47
369.245	1.98
369.337	9.02
369.429	4.85
369.521	15
369.613	8.78
369.705	13.04
369.797	-0.4
369.889	-1.79
369.981	-3.92
370.073	0.83
370.165	-1.3
370.257	3.04
370.349	1.82
370.441	0.59
370.533	2.39
370.625	1.65
370.717	-7.77
370.809	-14.16
370.901	-16.94
370.993	-19.56
371.084	-18.5
371.176	-14.57
371.268	-4.49
371.36	1.16
371.452	2.31
371.544	-2.12
371.636	2.39
371.727	-2.77
371.819	-14.16
371.911	-14.65
372.003	-1.46
372.095	1.49
372.187	5.09
372.278	9.11
372.37	10.09
372.462	-3.35
372.554	-11.29
372.645	-12.6
372.737	-2.94
372.829	-3.43
372.921	-2.61
373.012	8.29
373.104	14.1
373.196	1.9
373.288	2.8
373.379	8.12
373.471	-3.18
373.563	-13.83
373.654	-8.92
373.746	-5.56
373.838	-15.63
373.929	-14.24
374.021	-7.2
374.113	-7.44
374.204	-12.6
374.296	-4.9
374.388	-4.08
374.479	-7.69
374.571	-8.01
374.662	-3.35
374.754	-0.56
374.846	6.16
374.937	2.06
375.029	1.16
375.12	-8.1
375.212	-11.21
375.304	-30.13
375.395	-22.6
375.487	-19.48
375.578	-12.03
375.67	-14.57
375.761	3.29
375.853	-4.08
375.944	-3.1
376.036	-6.13
376.127	-7.11
376.219	-6.05
376.31	-10.72
376.402	-11.37
376.493	-4.08
376.584	1.82
376.676	-1.87
376.767	15.5
376.859	9.68
376.95	13.86
377.042	3.78
377.133	6.57
377.224	-6.46
377.316	4.6
377.407	-4.82
377.499	4.19
377.59	5.01
377.681	6.73
377.773	3.29
377.864	9.11
377.955	12.38
378.047	4.11
378.138	7.22
378.229	9.6
378.321	1.16
378.412	2.47
378.503	1.73
378.595	-6.05
378.686	-13.67
378.777	-11.54
378.868	-10.14
378.96	2.47
379.051	8.78
379.142	6.49
379.233	1.65
379.325	-7.69
379.416	-11.78
379.507	-13.83
379.598	-8.92
379.689	-14.73
379.781	-10.88
379.872	-1.13
379.963	1.65
380.054	2.39
380.145	16.56
380.236	25.41
380.328	14.27
380.419	15.5
380.51	16.32
380.601	4.76
380.692	-4
380.783	-7.85
380.874	-11.7
380.965	-15.63
381.056	-7.28
381.148	-11.37
381.239	-11.95
381.33	-7.11
381.421	-7.44
381.512	-5.15
381.603	3.86
381.694	8.53
381.785	17.13
381.876	15.91
381.967	9.68
382.058	1.82
382.149	-13.75
382.24	-30.54
382.331	-31.77
382.422	-31.2
382.513	-36.28
382.604	-17.6
382.695	-5.88
382.786	-6.95
382.877	0.34
382.968	4.27
383.059	6.4
383.149	-6.95
383.24	-0.97
383.331	-12.11
383.422	-14.24
383.513	-32.18
383.604	-25.71
383.695	-32.75
383.786	-24.56
383.877	-25.05
383.967	-15.96
384.058	-14.98
384.149	-6.05
384.24	-8.75
384.331	-6.38
384.421	-1.13
384.512	-4.82
384.603	-2.61
384.694	-7.85
384.785	-0.56
384.875	1.16
384.966	10.83
385.057	-8.92
385.148	-13.18
385.238	-13.91
385.329	-9.49
385.42	-18.83
385.511	2.14
385.601	16.97
385.692	17.63
385.783	2.06
385.873	5.34
385.964	-2.69
386.055	-3.84
386.146	-1.46
386.236	15.5
386.327	18.28
386.417	18.12
386.508	10.42
386.599	5.67
386.689	-6.46
386.78	0.26
386.871	3.13
386.961	13.37
387.052	10.01
387.142	2.72
387.233	-12.36
387.324	-20.06
387.414	-26.53
387.505	-30.13
387.595	-19.16
387.686	-15.06
387.776	-9.65
387.867	-6.87
387.957	-0.4
388.048	-0.56
388.138	-1.38
388.229	6.32
388.319	6.73
388.41	9.11
388.5	4.52
388.591	3.45
388.681	-0.64
388.772	-1.05
388.862	-4.9
388.953	-6.38
389.043	2.47
389.134	-4.25
389.224	-5.8
389.314	6.32
389.405	12.22
389.495	7.55
389.586	15.99
389.676	17.54
389.766	4.52
389.857	-1.62
389.947	2.31
390.037	-9.57
390.128	-4.41
390.218	-5.88
390.308	-4.49
390.399	-4.57
390.489	7.96
390.579	-2.36
390.67	-0.64
390.76	2.96
390.85	-5.07
390.94	-15.47
391.031	-20.47
391.121	-12.52
391.211	-20.3
391.301	-19.73
391.392	-16.12
391.482	-4.49
391.572	-11.21
391.662	-4.57
391.753	-6.46
391.843	0.34
391.933	6.32
392.023	3.21
392.113	-1.87
392.204	4.11
392.294	-4
392.384	-19.48
392.474	-18.34
392.564	-10.55
392.654	-7.52
392.744	-2.2
392.835	5.34
392.925	15.58
393.015	12.79
393.105	18.45
393.195	13.53
393.285	12.63
393.375	4.85
393.465	7.3
393.555	-0.81
393.645	-0.48
393.735	-14.65
393.825	-15.71
393.915	-16.94
394.005	-15.14
394.095	-6.29
394.185	12.3
394.275	5.99
394.365	-0.56
394.455	-17.93
394.545	-33.08
394.635	-37.01
394.725	-27.43
394.815	-25.05
394.905	-17.19
394.995	-6.54
395.085	-9.08
395.175	-11.29
395.265	-4.74
395.355	10.75
395.445	3.04
395.535	-0.15
395.625	10.58
395.714	13.86
395.804	-3.1
395.894	3.95
395.984	9.35
396.074	5.5
396.164	2.88
396.254	8.78
396.343	15.99
396.433	14.84
396.523	9.27
396.613	2.14
396.703	11.56
396.792	2.14
396.882	4.68
396.972	8.53
397.062	11.4
397.151	7.3
397.241	0.18
397.331	-2.94
397.421	-2.77
397.51	5.26
397.6	-6.29
397.69	2.47
397.78	4.85
397.869	-0.07
397.959	-15.63
398.049	-5.07
398.138	-5.47
398.228	-2.69
398.318	-9.49
398.407	-5.31
398.497	1
398.587	1.65
398.676	-8.18
398.766	3.45
398.856	11.24
398.945	0.67
399.035	-0.15
399.124	-2.53
399.214	-5.72
399.303	-7.93
399.393	0.1
399.483	-3.51
399.572	1.98
399.662	-3.43
399.751	-5.56
399.841	1.32
399.93	4.36
400.02	6.89
400.109	8.7
400.199	11.24
400.288	-5.23
400.378	-0.23
400.467	-6.05
400.557	3.21
400.646	6.08
400.736	6.4
400.825	-6.38
400.915	-3.02
401.004	-16.7
401.094	-16.62
401.183	-14.81
401.272	1.16
401.362	4.68
401.451	7.63
401.541	1.57
401.63	7.06
401.719	4.76
401.809	6.73
401.898	-0.81
401.987	8.78
402.077	8.04
402.166	4.03
402.255	-8.92
402.345	0.18
402.434	-2.69
402.523	-12.44
402.613	-11.05
402.702	6.49
402.791	0.01
402.881	-5.56
402.97	4.44
403.059	-4.57
403.148	-8.75
403.238	1.24
403.327	-4.16
403.416	-9.24
403.505	-9.08
403.594	-10.47
403.684	-17.93
403.773	-12.19
403.862	-11.45
403.951	-6.13
404.04	-15.8
404.13	-4
404.219	-4.98
404.308	1
404.397	-2.69
404.486	3.45
404.575	-5.39
404.665	-10.23
404.754	-17.76
404.843	-18.75
404.932	-16.53
405.021	-5.47
405.11	-5.31
405.199	-9.65
405.288	-5.8
405.377	-8.59
405.466	-5.56
405.555	5.34
405.644	18.45
405.733	29.18
405.823	28.85
405.912	25.08
406.001	12.79
406.09	12.47
406.179	6.24
406.268	5.5
406.357	-1.38
406.446	9.68
406.534	5.83
406.623	1.65
406.712	2.23
406.801	-7.28
406.89	-7.6
406.979	-3.84
407.068	-7.69
407.157	-5.07
407.246	4.19
407.335	-2.12
407.424	-5.88
407.513	-2.85
407.602	-3.18
407.69	-4.66
407.779	5.91
407.868	6.65
407.957	18.04
408.046	10.42
408.135	9.68
408.223	6.57
408.312	2.23
408.401	-0.81
408.49	10.75
408.579	19.84
408.668	12.87
408.756	11.73
408.845	0.34
408.934	-8.51
409.023	-18.25
409.111	-13.34
409.2	-7.93
409.289	0.59
409.378	8.37
409.466	2.55
409.555	-0.15
409.644	-1.05
409.732	1.16
409.821	3.29
409.91	8.37
409.998	2.72
410.087	7.47
410.176	-2.03
410.264	-8.26
410.353	-3.26
410.442	5.67
410.53	-6.13
410.619	-2.28
410.708	5.26
410.796	2.72
410.885	1.16
410.973	8.94
411.062	12.06
411.151	-0.15
411.239	3.62
411.328	-4.98
411.416	-3.59
411.505	-10.88
411.593	-0.4
411.682	-0.4
411.77	6.89
411.859	6.24
411.947	2.64
412.036	1
412.124	-7.6
412.213	-2.2
412.301	-2.12
412.39	2.39
412.478	1.82
412.567	5.26
412.655	-3.43
412.744	-7.77
412.832	6.81
412.92	-5.39
413.009	-3.51
413.097	8.86
413.186	22.46
413.274	8.62
413.363	17.95
413.451	16.56
413.539	20.25
413.628	14.68
413.716	19.43
413.804	21.23
413.893	19.02
413.981	-1.38
414.069	-7.6
414.158	-14.98
414.246	-22.76
414.334	-15.06
414.423	5.5
414.511	3.54
414.599	8.29
414.687	21.64
414.776	16.07
414.864	10.66
414.952	10.01
415.04	20.41
415.129	4.85
415.217	0.75
415.305	-13.18
415.393	-15.96
415.482	-21.45
415.57	-11.37
415.658	-4.49
415.746	2.55
415.834	4.76
415.922	-0.15
416.011	6.08
416.099	11.89
416.187	13.28
416.275	5.83
416.363	3.13
416.451	-9.41
416.539	-9.65
416.628	-27.18
416.716	-9.41
416.804	2.55
416.892	5.17
416.98	15.09
417.068	28.6
417.156	25.65
417.244	24.84
417.332	24.26
417.42	8.45
417.508	11.32
417.596	7.06
417.684	-7.93
417.772	-10.39
417.86	-10.64
417.948	-16.86
418.036	-26.36
418.124	-17.93
418.212	-10.06
418.3	-1.13
418.388	16.89
418.476	23.52
418.564	24.34
418.652	18.04
418.74	12.79
418.828	-6.87
418.916	-13.34
419.004	-14.4
419.091	-13.67
419.179	-13.34
419.267	3.04
419.355	12.38
419.443	7.22
419.531	2.96
419.619	3.95
419.706	-12.68
419.794	-17.84
419.882	-8.92
419.97	0.01
420.058	-2.94
420.146	2.14
420.233	7.06
420.321	-0.48
420.409	-2.03
420.497	-7.2
420.584	-7.28
420.672	-14.16
420.76	-23.5
420.848	-21.53
420.935	-15.55
421.023	-7.11
421.111	0.75
421.199	12.14
421.286	5.01
421.374	-0.31
421.462	-8.51
421.549	-15.8
421.637	-19.24
421.725	-9.9
421.812	-3.92
421.9	-2.36
421.988	16.89
422.075	22.71
422.163	17.38
422.25	16.73
422.338	25.49
422.426	9.93
422.513	14.43
422.601	18.53
422.688	11.24
422.776	2.88
422.864	-2.85
422.951	-8.1
423.039	-3.18
423.126	7.96
423.214	7.3
423.301	13.69
423.389	17.79
423.476	13.69
423.564	3.37
423.651	13.94
423.739	18.2
423.826	20.98
423.914	16.97
424.001	21.07
424.089	7.3
424.176	6.89
424.264	16.73
424.351	27.29
424.438	32.86
424.526	35.24
424.613	36.88
424.701	18.69
424.788	12.14
424.876	8.21
424.963	7.71
425.05	8.45
425.138	13.61
425.225	9.68
425.312	7.06
425.4	14.68
425.487	14.6
425.574	15.99
425.662	14.35
425.749	26.8
425.836	23.28
425.924	26.39
426.011	23.44
426.098	28.93
426.185	23.61
426.273	24.51
426.36	27.7
426.447	24.67
426.534	24.43
426.622	24.92
426.709	31.55
426.796	15.09
426.883	17.95
426.971	19.59
427.058	18.36
427.145	17.79
427.232	25.74
427.319	30.98
427.406	18.04
427.494	14.76
427.581	11.81
427.668	19.43
427.755	20
427.842	35.57
427.929	41.71
428.016	36.55
428.104	40.07
428.191	27.05
428.278	22.79
428.365	24.67
428.452	42.45
428.539	38.35
428.626	53.83
428.713	50.89
428.8	51.54
428.887	35.57
428.974	33.85
429.061	29.83
429.148	37.78
429.235	30.49
429.322	39.33
429.409	42.69
429.496	45.97
429.583	37.37
429.67	37.61
429.757	45.72
429.844	43.35
429.931	43.1
430.018	50.8
430.105	50.15
430.192	46.63
430.279	50.8
430.366	64.48
430.453	70.05
430.539	78.08
430.626	63.91
430.713	64.07
430.8	55.55
430.887	54.24
430.974	57.77
431.061	64.07
431.147	71.04
431.234	66.12
431.321	65.96
431.408	67.68
431.495	76.28
431.582	74.4
431.668	78.82
431.755	78.9
431.842	74.81
431.929	72.76
432.015	71.94
432.102	78.57
432.189	87.99
432.276	93.16
432.362	95.61
432.449	101.92
432.536	103.89
432.623	105.61
432.709	110.6
432.796	110.52
432.883	106.92
432.969	108.06
433.056	112.49
433.143	121.09
433.229	129.36
433.316	127.07
433.403	127.72
433.489	120.76
433.576	119.94
433.662	124.12
433.749	138.7
433.836	135.83
433.922	143.54
434.009	134.52
434.095	131.66
434.182	123.71
434.268	135.34
434.355	145.83
434.442	154.1
434.528	152.46
434.615	157.95
434.701	154.51
434.788	149.68
434.874	158.77
434.961	168.85
435.047	177.86
435.134	182.12
435.22	174.99
435.307	174.66
435.393	183.02
435.48	184.17
435.566	189.57
435.652	206.61
435.739	212.1
435.825	210.14
435.912	214.23
435.998	226.36
436.084	241.67
436.171	246.34
436.257	247.57
436.344	255.03
436.43	254.86
436.516	250.19
436.603	250.69
436.689	256.99
436.775	274.11
436.862	275.92
436.948	273.54
437.034	278.54
437.121	293.61
437.207	276.41
437.293	284.6
437.38	293.61
437.466	304.34
437.552	297.13
437.638	316.06
437.725	320.73
437.811	329.74
437.897	329.41
437.983	342.84
438.07	347.51
438.156	350.63
438.242	353
438.328	369.88
438.414	376.51
438.501	375.86
438.587	385.61
438.673	368.4
438.759	364.22
438.845	372.09
438.931	386.18
439.017	400.35
439.104	435.66
439.19	446.39
439.276	455.07
439.362	468.1
439.448	470.23
439.534	475.06
439.62	481.45
439.706	495.29
439.792	496.61
439.878	496.85
439.964	503.24
440.05	514.3
440.137	508.89
440.223	521.67
440.309	537.48
440.395	556.65
440.481	567.14
440.567	576.64
440.653	589.5
440.739	599.33
440.825	595.4
440.911	608.18
440.996	618.5
441.082	610.96
441.168	625.14
441.254	651.35
441.34	646.52
441.426	657.08
441.512	676.17
441.598	681.09
441.684	674.7
441.77	690.34
441.856	713.12
441.941	713.94
442.027	717.05
442.113	732.78
442.199	748.42
442.285	732.86
442.371	744.41
442.457	758.83
442.542	772.1
442.628	781.76
442.714	816.17
442.8	839.19
442.886	859.59
442.971	875.15
443.057	885.56
443.143	897.02
443.229	901.69
443.314	910.7
443.4	928.81
443.486	948.71
443.572	960.84
443.657	977.55
443.743	988.69
443.829	989.18
443.914	997.46
444	1001.22
444.086	1023.59
444.171	1046.2
444.257	1057.42
444.343	1081.75
444.428	1115.42
444.514	1136.64
444.6	1142.78
444.685	1160.72
444.771	1169.9
444.857	1185.87
444.942	1198.65
445.028	1217.24
445.113	1243.46
445.199	1255.25
445.285	1258.94
445.37	1277.29
445.456	1285.81
445.541	1290.89
445.627	1313.58
445.712	1333.41
445.798	1350.69
445.883	1379.28
445.969	1409.18
446.054	1422.7
446.14	1432.36
446.225	1433.18
446.311	1447.11
446.396	1463
446.482	1479.47
446.567	1505.43
446.653	1522.64
446.738	1542.95
446.823	1553.52
446.909	1584.32
446.994	1604.56
447.08	1626.26
447.165	1627.58
447.251	1659.69
447.336	1670.66
447.421	1664.11
447.507	1686.47
447.592	1722.68
447.677	1734.4
447.763	1747.75
447.848	1774.54
447.933	1793.3
448.019	1810.42
448.104	1827.46
448.189	1864.48
448.275	1900.77
448.36	1933.13
448.445	1938.95
448.53	1971.8
448.616	1973.27
448.701	1990.97
448.786	2002.03
448.872	2032.99
448.957	2041.92
449.042	2068.79
449.127	2085.5
449.212	2109.01
449.298	2121.22
449.383	2139.98
449.468	2154.72
449.553	2183.72
449.638	2191.83
449.724	2215.51
449.809	2238.2
449.894	2273.67
449.979	2288.09
450.064	2306.27
450.149	2333.55
450.234	2381.64
450.319	2391.3
450.405	2397.69
450.49	2424.07
450.575	2447.75
450.66	2433.08
450.745	2441.93
450.83	2476.83
450.915	2487.31
451	2480.35
451.085	2524.34
451.17	2541.46
451.255	2572.34
451.34	2576.19
451.425	2607.32
451.51	2597.82
451.595	2611.26
451.68	2614.29
451.765	2639.27
451.85	2663.27
451.935	2699.24
452.02	2702.43
452.105	2731.59
452.19	2741.1
452.275	2745.19
452.36	2720.37
452.445	2735.36
452.53	2760.51
452.615	2785.91
452.699	2801.47
452.784	2829.98
452.869	2873.89
452.954	2861.52
453.039	2889.12
453.124	2911.41
453.209	2939.75
453.293	2907.64
453.378	2918.86
453.463	2907.56
453.548	2923.53
453.633	2905.75
453.718	2966.87
453.802	2959.82
453.887	3014.62
453.972	3046.49
454.057	3079.59
454.141	3056.73
454.226	3113.01
454.311	3112.35
454.396	3088.92
454.48	3098.26
454.565	3163.72
454.65	3138.57
454.735	3129.8
454.819	3154.54
454.904	3156.59
454.989	3128.98
455.073	3134.47
455.158	3147.33
455.243	3140.53
455.327	3173.96
455.412	3155.77
455.497	3172.15
455.581	3154.46
455.666	3191.9
455.75	3155.69
455.835	3161.83
455.92	3184.2
456.004	3190.18
456.089	3155.85
456.173	3168.55
456.258	3189.36
456.343	3131.93
456.427	3155.61
456.512	3150.36
456.596	3147.91
456.681	3170.35
456.765	3180.92
456.85	3176.41
456.934	3175.68
457.019	3159.78
457.103	3144.22
457.188	3152
457.272	3130.13
457.357	3131.44
457.441	3146.84
457.526	3101.46
457.61	3126.77
457.694	3142.42
457.779	3138.32
457.863	3108.01
457.948	3113.34
458.032	3073.77
458.116	3034.53
458.201	3027.16
458.285	3031.58
458.37	3026.75
458.454	3037.15
458.538	3027.16
458.623	3044.69
458.707	3040.67
458.791	3014.54
458.876	2995.29
458.96	3013.56
459.044	2979.81
459.129	2957.12
459.213	2973.25
459.297	2959.66
459.381	2938.85
459.466	2892.07
459.55	2901
459.634	2879.79
459.718	2877.57
459.803	2842.02
459.887	2841.78
459.971	2827.28
460.055	2832.6
460.14	2830.63
460.224	2855.7
460.308	2867.83
460.392	2828.83
460.476	2829.73
460.56	2785.33
460.645	2769.6
460.729	2741.42
460.813	2734.46
460.897	2687.52
460.981	2658.52
461.065	2636.16
461.149	2615.6
461.233	2600.03
461.318	2590.78
461.402	2581.6
461.486	2531.14
461.57	2530.48
461.654	2521.06
461.738	2491.74
461.822	2492.39
461.906	2489.69
461.99	2456.18
462.074	2430.62
462.158	2425.63
462.242	2410.88
462.326	2400.48
462.41	2386.06
462.494	2379.18
462.578	2344.53
462.662	2315.04
462.746	2298.65
462.83	2290.3
462.914	2265.56
462.998	2269.82
463.082	2248.44
463.166	2241.97
463.25	2213.29
463.334	2192.57
463.417	2147.35
463.501	2156.77
463.585	2125.31
463.669	2129.9
463.753	2127.44
463.837	2127.69
463.921	2098.85
464.004	2113.27
464.088	2088.86
464.172	2085.99
464.256	2091.97
464.34	2074.52
464.424	2026.52
464.507	2018.57
464.591	1976.71
464.675	1955.5
464.759	1944.76
464.842	1939.36
464.926	1917.4
465.01	1899.63
465.094	1880.38
465.177	1854.33
465.261	1856.78
465.345	1832.13
465.429	1825.74
465.512	1809.68
465.596	1800.42
465.68	1763.97
465.763	1757.09
465.847	1747.34
465.931	1720.64
466.014	1709.9
466.098	1691.8
466.182	1672.88
466.265	1669.52
466.349	1660.51
466.433	1643.55
466.516	1637.9
466.6	1614.3
466.683	1592.51
466.767	1573.51
466.851	1559.09
466.934	1548.03
467.018	1539.43
467.101	1535.5
467.185	1526.98
467.268	1524.69
467.352	1499.45
467.435	1479.79
467.519	1448.75
467.602	1447.11
467.686	1427.86
467.769	1416.14
467.853	1427.45
467.936	1428.02
468.02	1413.44
468.103	1398.2
468.187	1394.27
468.27	1376.99
468.354	1365.44
468.437	1358.8
468.52	1347.25
468.604	1343.64
468.687	1334.14
468.771	1309.08
468.854	1302.11
468.937	1303.83
469.021	1290.15
469.104	1278.93
469.187	1288.68
469.271	1275.24
469.354	1263.45
469.437	1253.12
469.521	1249.52
469.604	1235.68
469.687	1224.78
469.771	1223.63
469.854	1227.32
469.937	1207.99
470.021	1200.7
470.104	1192.83
470.187	1175.63
470.27	1159.57
470.354	1159.49
470.437	1158.67
470.52	1157.2
470.603	1139.99
470.686	1133.77
470.77	1143.03
470.853	1130.16
470.936	1128.77
471.019	1142.04
471.102	1143.11
471.186	1117.39
471.269	1102.48
471.352	1090.84
471.435	1080.19
471.518	1052.83
471.601	1055.7
471.684	1059.55
471.768	1048.08
471.851	1026.37
471.934	1033.17
472.017	1035.71
472.1	1035.96
472.183	1023.34
472.266	1029.57
472.349	1017.12
472.432	999.59
472.515	977.06
472.598	955.27
472.681	943.06
472.764	942.65
472.847	924.88
472.93	920.29
473.013	937.74
473.096	930.61
473.179	921.85
473.262	923.57
473.345	926.84
473.428	921.52
473.511	909.48
473.594	891.86
473.677	884.82
473.76	878.1
473.843	870.32
473.926	873.76
474.009	882.93
474.091	878.26
474.174	875.81
474.257	878.76
474.34	877.77
474.423	874.25
474.506	881.87
474.589	880.89
474.671	869.75
474.754	871.87
474.837	880.31
474.92	865.08
475.003	861.14
475.085	852.54
475.168	843.37
475.251	821.17
475.334	818.87
475.417	806.09
475.499	811.34
475.582	823.62
475.665	830.1
475.748	824.12
475.83	826.08
475.913	819.86
475.996	800.11
476.078	793.64
476.161	803.06
476.244	794.71
476.326	791.92
476.409	794.38
476.492	787.17
476.574	773.24
476.657	776.03
476.74	771.93
476.822	758.42
476.905	759.15
476.988	771.11
477.07	763.99
477.153	761.78
477.235	765.71
477.318	767.51
477.4	748.59
477.483	750.88
477.566	749.16
477.648	750.31
477.731	738.35
477.813	732.45
477.896	739.99
477.978	737.77
478.061	735.23
478.143	734.25
478.226	744.16
478.308	728.84
478.391	730.57
478.473	725.24
478.556	735.97
478.638	726.47
478.72	718.03
478.803	710.33
478.885	720.9
478.968	712.13
479.05	712.62
479.133	724.99
479.215	724.67
479.297	716.23
479.38	715
479.462	715.41
479.544	706.89
479.627	698.86
479.709	692.96
479.792	687.39
479.874	679.28
479.956	669.45
480.039	671.58
480.121	670.6
480.203	671.34
480.285	663.64
480.368	674.7
480.45	685.76
480.532	675.68
480.615	670.6
480.697	696.32
480.779	682.81
480.861	663.06
480.943	662.16
481.026	663.72
481.108	644.71
481.19	652.99
481.272	663.47
481.354	667.24
481.437	670.76
481.519	666.26
481.601	658.23
481.683	648.65
481.765	641.03
481.847	634.97
481.93	646.35
482.012	643.9
482.094	653.32
482.176	662.57
482.258	652.17
482.34	646.02
482.422	648.65
482.504	634.8
482.586	627.51
482.668	621.04
482.75	618.25
482.833	611.62
482.915	623.42
482.997	623.17
483.079	634.97
483.161	623.74
483.243	622.6
483.325	606.87
483.407	604.41
483.489	604.57
483.571	603.1
483.653	605.23
483.735	609
483.816	609.49
483.898	598.84
483.98	602.36
484.062	607.77
484.144	615.8
484.226	616.45
484.308	618.66
484.39	619.57
484.472	612.11
484.554	602.69
484.636	592.94
484.717	592.45
484.799	592.29
484.881	585.16
484.963	583.68
485.045	579.67
485.127	575.57
485.208	563.53
485.29	571.81
485.372	570.74
485.454	567.46
485.536	574.26
485.617	576.72
485.699	571.32
485.781	575.49
485.863	578.03
485.944	568.53
486.026	564.35
486.108	555.34
486.19	544.28
486.271	532.73
486.353	529.78
486.435	526.42
486.516	531.09
486.598	527.24
486.68	533.55
486.761	538.63
486.843	548.3
486.925	553.37
487.006	551.49
487.088	558.04
487.17	552.39
487.251	550.26
487.333	546.82
487.414	543.05
487.496	530.03
487.578	527.49
487.659	516.84
487.741	508.48
487.822	513.89
487.904	512.91
487.985	505.21
488.067	506.84
488.148	511.92
488.23	500.7
488.311	493.98
488.393	493.49
488.474	495.95
488.556	482.92
488.637	486.77
488.719	498.9
488.8	503.32
488.882	496.44
488.963	492.92
489.045	489.56
489.126	481.2
489.207	476.13
489.289	473.83
489.37	477.85
489.452	477.11
489.533	477.11
489.614	481.94
489.696	479.65
489.777	479.4
489.859	482.35
489.94	483.5
490.021	463.26
490.103	454.01
490.184	448.76
490.265	446.31
490.347	435.58
490.428	440.25
490.509	446.47
490.59	446.39
490.672	440
490.753	434.26
490.834	431.4
490.915	424.84
490.997	418.78
491.078	416
491.159	411
491.24	413.05
491.322	420.58
491.403	410.34
491.484	401.5
491.565	403.71
491.646	405.35
491.728	390.85
491.809	401.09
491.89	409.28
491.971	412.64
492.052	412.39
492.133	405.1
492.214	399.53
492.296	394.04
492.377	391.91
492.458	380.77
492.539	384.29
492.62	386.51
492.701	378.64
492.782	373.48
492.863	373.15
492.944	378.07
493.025	365.7
493.106	364.31
493.187	366.6
493.268	365.37
493.349	364.96
493.43	362.09
493.511	354.31
493.592	350.22
493.673	350.13
493.754	342.76
493.835	344.4
493.916	349.81
493.997	350.79
494.078	351.53
494.159	356.03
494.24	354.72
494.321	362.83
494.402	358.74
494.483	353.74
494.564	348.09
494.644	350.22
494.725	334.98
494.806	333.59
494.887	334.32
494.968	337.68
495.049	336.54
495.13	341.86
495.21	344.07
495.291	336.37
495.372	325.48
495.453	329.57
495.534	327.44
495.614	330.23
495.695	321.22
495.776	327.85
495.857	322.69
495.938	326.95
496.018	313.76
496.099	318.76
496.18	302.95
496.26	306.23
496.341	305.32
496.422	301.72
496.503	310.81
496.583	316.96
496.664	309.18
496.745	312.94
496.825	311.3
496.906	304.92
496.987	308.68
497.067	307.05
497.148	288.37
497.228	290.83
497.309	301.47
497.39	297.71
497.47	295.82
497.551	292.63
497.632	283.45
497.712	279.11
497.793	278.7
497.873	270.51
497.954	284.03
498.034	291.97
498.115	286.73
498.195	285.09
498.276	285.25
498.356	282.39
498.437	285.99
498.517	283.78
498.598	279.6
498.678	288.37
498.759	282.31
498.839	282.55
498.92	283.12
499	281.98
499.081	281.24
499.161	269.61
499.242	271.25
499.322	268.54
499.402	273.54
499.483	265.02
499.563	267.97
499.644	254.94
499.724	252
499.804	247.24
499.885	247.9
499.965	256.42
500.045	258.96
500.126	257.89
500.206	266.41
500.286	261.01
500.367	254.13
500.447	257.57
500.527	256.83
500.608	255.76
500.688	265.27
500.768	258.3
500.848	262.48
500.929	263.96
501.009	263.71
501.089	251.09
501.169	272.23
501.25	259.37
501.33	260.19
501.41	255.76
501.49	261.74
501.57	257.24
501.651	266
501.731	269.61
501.811	276
501.891	285.34
501.971	269.85
502.051	259.7
502.131	254.13
502.212	250.77
502.292	246.34
502.372	258.39
502.452	267.72
502.532	273.05
502.612	270.84
502.692	280.34
502.772	274.77
502.852	279.19
502.932	281.32
503.012	278.37
503.092	270.43
503.172	265.18
503.252	267.07
503.332	260.6
503.412	257.4
503.492	260.27
503.572	267.81
503.652	268.71
503.732	273.79
503.812	281.08
503.892	278.05
503.972	285.25
504.052	279.36
504.132	265.68
504.212	259.94
504.292	254.62
504.372	249.21
504.452	248.64
504.532	256.83
504.612	263.71
504.691	266.41
504.771	267.31
504.851	272.07
504.931	269.94
505.011	268.38
505.091	283.12
505.17	282.55
505.25	271.74
505.33	272.89
505.41	282.31
505.49	279.19
505.57	281.24
505.649	287.22
505.729	295.17
505.809	290.33
505.889	287.06
505.968	287.47
506.048	294.59
506.128	294.51
506.207	301.72
506.287	307.95
506.367	321.46
506.447	324
506.526	334.98
506.606	331.46
506.686	319.91
506.765	314.5
506.845	326.05
506.925	326.05
507.004	329
507.084	343.91
507.163	360.7
507.243	344.32
507.323	343.83
507.402	352.51
507.482	355.54
507.561	345.79
507.641	348
507.721	349.72
507.8	342.76
507.88	337.68
507.959	348.91
508.039	372.09
508.118	373.24
508.198	388.72
508.277	403.14
508.357	399.29
508.436	396.91
508.516	409.69
508.595	405.92
508.675	407.48
508.754	413.13
508.834	392.9
508.913	389.7
508.993	392.73
509.072	395.93
509.151	387.82
509.231	411.9
509.31	410.02
509.39	402.81
509.469	409.85
509.548	422.14
509.628	423.94
509.707	431.64
509.786	443.03
509.866	441.47
509.945	445.82
510.025	447.95
510.104	451.55
510.183	452.86
510.262	447.45
510.342	450.57
510.421	450.98
510.5	449.5
510.58	453.35
510.659	452.7
510.738	457.61
510.817	470.88
510.897	480.14
510.976	485.63
511.055	502.5
511.134	506.27
511.213	495.7
511.293	495.62
511.372	508.81
511.451	503.73
511.53	508.16
511.609	522.82
511.689	522.74
511.768	519.21
511.847	532.24
511.926	535.68
512.005	535.11
512.084	551
512.163	555.34
512.242	556.24
512.322	557.39
512.401	578.69
512.48	584.01
512.559	587.78
512.638	582.46
512.717	592.12
512.796	590.65
512.875	584.59
512.954	590.65
513.033	617.11
513.112	624.81
513.191	627.1
513.27	642.91
513.349	660.2
513.428	657.25
513.507	674.12
513.586	684.94
513.665	685.76
513.744	687.23
513.823	692.88
513.902	688.62
513.981	687.23
514.06	697.96
514.138	697.96
514.217	702.39
514.296	718.2
514.375	733.35
514.454	734.5
514.533	740.15
514.612	760.06
514.691	757.11
514.769	754.89
514.848	772.02
514.927	787.25
515.006	788.07
515.085	785.86
515.163	790.37
515.242	790.69
515.321	789.87
515.4	792.5
515.479	798.64
515.557	798.56
515.636	803.31
515.715	809.7
515.794	816.5
515.872	831.9
515.951	842.79
516.03	840.01
516.108	852.79
516.187	853.69
516.266	835.26
516.344	840.42
516.423	841.48
516.502	840.58
516.58	848.2
516.659	869.17
516.738	879.25
516.816	884.82
516.895	873.92
516.974	864.83
517.052	870.56
517.131	849.76
517.209	848.36
517.288	848.2
517.367	857.78
517.445	849.59
517.524	853.44
517.602	860.08
517.681	864.17
517.759	862.13
517.838	863.93
517.916	860.98
517.995	862.54
518.073	856.97
518.152	855.74
518.23	858.52
518.309	862.95
518.387	864.17
518.466	878.02
518.544	872.45
518.623	865.16
518.701	869.91
518.779	871.71
518.858	870.48
518.936	880.8
519.015	893.58
519.093	906.53
519.171	904.81
519.25	908.82
519.328	912.42
519.407	908.9
519.485	911.28
519.563	919.39
519.642	920.04
519.72	912.34
519.798	919.14
519.876	918.32
519.955	922.99
520.033	937.33
520.111	950.27
520.19	956.58
520.268	957.73
520.346	959.04
520.424	961.9
520.503	962.72
520.581	953.96
520.659	955.68
520.737	960.59
520.816	957.07
520.894	963.62
520.972	979.27
521.05	994.67
521.128	986.72
521.206	984.19
521.285	981.32
521.363	969.93
521.441	957.32
521.519	960.67
521.597	956.01
521.675	949.94
521.753	950.84
521.832	964.36
521.91	967.23
521.988	970.67
522.066	978.12
522.144	978.21
522.222	965.43
522.3	966.57
522.378	958.46
522.456	948.06
522.534	943.23
522.612	934.79
522.69	926.6
522.768	931.76
522.846	930.2
522.924	932.66
523.002	933.07
523.08	928.64
523.158	917.59
523.236	904.64
523.314	890.14
523.392	878.76
523.47	873.51
523.548	864.17
523.626	863.6
523.704	860.57
523.781	849.51
523.859	834.77
523.937	827.31
524.015	819.61
524.093	808.88
524.171	815.92
524.249	820.92
524.327	816.33
524.404	819.2
524.482	816.83
524.56	804.05
524.638	785.86
524.716	787.01
524.793	783.65
524.871	776.6
524.949	779.96
525.027	787.01
525.104	788.4
525.182	784.55
525.26	791.92
525.338	786.84
525.415	790.45
525.493	786.27
525.571	790.37
525.649	784.14
525.726	780.13
525.804	767.43
525.882	754.57
525.959	735.73
526.037	733.19
526.115	725.24
526.192	737.2
526.27	735.89
526.347	737.86
526.425	737.45
526.503	736.55
526.58	720.41
526.658	732.04
526.736	735.73
526.813	733.51
526.891	744.49
526.968	747.69
527.046	732.61
527.123	724.42
527.201	724.34
527.278	710.82
527.356	702.71
527.433	706.07
527.511	713.36
527.588	712.38
527.666	704.11
527.743	710.17
527.821	707.63
527.898	691.41
527.976	675.19
528.053	677.4
528.131	666.83
528.208	654.05
528.285	660.36
528.363	664.78
528.44	657.99
528.518	649.22
528.595	653.56
528.672	639.31
528.75	632.59
528.827	623.58
528.905	620.22
528.982	602.94
529.059	597.28
529.137	586.14
529.214	580
529.291	573.94
529.369	575.49
529.446	561.81
529.523	556.32
529.6	545.84
529.678	535.93
529.755	528.64
529.832	515.12
529.909	505.7
529.987	505.7
530.064	505.45
530.141	496.03
530.218	514.3
530.296	519.21
530.373	509.06
530.45	499.88
530.527	482.19
530.604	470.64
530.681	460.64
530.759	462.98
530.836	455.95
