198.396	13.93
198.5	11.26
198.604	2.13
198.708	4.18
198.812	4.59
198.916	-0.08
199.02	-12.04
199.125	-14.01
199.229	-25.07
199.333	-28.51
199.437	-26.79
199.541	-10.24
199.645	2.38
199.749	15.48
199.853	20.48
199.957	23.67
200.061	16.38
200.165	7.7
200.269	2.13
200.373	4.18
200.477	3.44
200.581	9.58
200.685	18.35
200.789	11.8
200.893	7.45
200.996	3.03
201.1	-0
201.204	-0.74
201.308	9.91
201.412	8.44
201.516	13.27
201.62	5.65
201.724	-0.66
201.828	-7.95
201.932	-10.81
202.035	-10.9
202.139	-2.46
202.243	1.31
202.347	11.47
202.451	27.69
202.555	23.43
202.659	25.72
202.762	15.15
202.866	4.75
202.97	-13.27
203.074	-14.25
203.178	-20.23
203.281	-3.03
203.385	-4.1
203.489	-1.64
203.593	-2.7
203.697	-5.57
203.8	-17.37
203.904	-14.75
204.008	-23.02
204.112	-20.32
204.215	-9.83
204.319	-3.85
204.423	0.9
204.527	11.88
204.63	16.55
204.734	16.14
204.838	17.61
204.941	15.48
205.045	10.49
205.149	7.21
205.252	1.39
205.356	3.93
205.46	4.75
205.563	13.35
205.667	14.17
205.771	17.94
205.874	12.12
205.978	16.55
206.082	16.06
206.185	11.96
206.289	11.63
206.392	9.67
206.496	5.57
206.6	5.98
206.703	13.11
206.807	0.98
206.91	-0.74
207.014	3.44
207.117	0.33
207.221	-4.34
207.324	8.44
207.428	11.55
207.531	-4.26
207.635	-2.54
207.739	-0.9
207.842	-10.08
207.946	-3.93
208.049	3.19
208.153	-1.23
208.256	-3.44
208.359	2.7
208.463	-5.08
208.566	-3.36
208.67	0.08
208.773	-2.38
208.877	-4.51
208.98	1.88
209.084	0.74
209.187	0.66
209.29	5.16
209.394	-2.21
209.497	-6.8
209.601	0.49
209.704	-4.26
209.807	-9.09
209.911	1.47
210.014	0.57
210.118	-5.65
210.221	-3.28
210.324	3.44
210.428	-6.23
210.531	-2.62
210.634	-2.87
210.738	-0.33
210.841	0.41
210.944	11.22
211.048	11.22
211.151	9.91
211.254	11.96
211.357	7.62
211.461	15.32
211.564	13.52
211.667	11.22
211.77	12.12
211.874	18.84
211.977	13.27
212.08	21.87
212.183	25.64
212.287	29.57
212.39	29.49
212.493	29.98
212.596	19.41
212.7	20.32
212.803	11.8
212.906	2.21
213.009	-2.46
213.112	9.09
213.215	8.03
213.319	6.64
213.422	7.7
213.525	12.04
213.628	-1.39
213.731	6.39
213.834	2.62
213.937	8.52
214.041	-4.01
214.144	-1.39
214.247	-10.98
214.35	-12.04
214.453	-6.06
214.556	3.44
214.659	0.9
214.762	1.97
214.865	8.52
214.968	-2.13
215.071	-6.06
215.174	0.74
215.277	8.03
215.38	9.34
215.483	13.27
215.586	14.01
215.689	7.37
215.792	-0.57
215.895	-17.37
215.998	-21.14
216.101	-21.14
216.204	-17.61
216.307	-15.4
216.41	-0.98
216.513	2.05
216.616	4.01
216.719	-7.95
216.822	-10.81
216.925	-10.73
217.028	-8.85
217.131	-12.94
217.234	-3.11
217.337	-6.23
217.44	-10.81
217.542	-12.94
217.645	-10.4
217.748	-9.01
217.851	-1.39
217.954	1.15
218.057	6.8
218.16	17.94
218.263	18.92
218.365	15.65
218.468	23.1
218.571	28.84
218.674	15.73
218.777	19.99
218.879	20.32
218.982	12.21
219.085	0.74
219.188	10.9
219.291	11.55
219.393	2.7
219.496	3.19
219.599	1.56
219.702	0.74
219.804	-6.14
219.907	-1.8
220.01	-9.34
220.113	-14.58
220.215	-21.14
220.318	-6.39
220.421	5.82
220.523	12.37
220.626	29.65
220.729	31.95
220.831	25.97
220.934	25.48
221.037	33.5
221.139	27.77
221.242	25.23
221.345	19.91
221.447	11.06
221.55	3.11
221.653	-6.23
221.755	-4.42
221.858	-11.39
221.96	-9.5
222.063	2.05
222.166	7.54
222.268	3.52
222.371	15.48
222.473	9.09
222.576	4.26
222.679	5
222.781	6.31
222.884	3.85
222.986	13.35
223.089	7.62
223.191	2.62
223.294	3.44
223.396	-8.36
223.499	-16.47
223.601	-7.54
223.704	-6.88
223.806	-10.4
223.909	3.52
224.011	6.14
224.114	-4.01
224.216	2.46
224.319	6.8
224.421	1.23
224.523	-3.19
224.626	-2.46
224.728	-7.62
224.831	-1.97
224.933	-7.29
225.036	-0.33
225.138	3.44
225.24	3.93
225.343	-5.24
225.445	1.97
225.547	-0.16
225.65	-1.23
225.752	-12.78
225.855	-16.47
225.957	-23.02
226.059	-19.01
226.162	-22.45
226.264	-17.04
226.366	-11.96
226.469	-11.06
226.571	-9.67
226.673	-17.37
226.775	-14.99
226.878	-14.42
226.98	-9.75
227.082	-16.79
227.185	4.42
227.287	3.93
227.389	16.96
227.491	23.18
227.594	29.65
227.696	16.88
227.798	29.9
227.9	25.48
228.002	22.86
228.105	18.1
228.207	6.14
228.309	5.41
228.411	-1.72
228.513	-0.49
228.616	7.05
228.718	33.01
228.82	25.07
228.922	22.36
229.024	26.95
229.126	39.57
229.228	28.59
229.331	24.9
229.433	22.94
229.535	15.73
229.637	-2.38
229.739	-6.06
229.841	-5.24
229.943	7.21
230.045	18.02
230.147	15.73
230.249	12.45
230.352	13.27
230.454	9.26
230.556	0.33
230.658	9.91
230.76	18.19
230.862	18.19
230.964	12.78
231.066	11.71
231.168	8.6
231.27	16.06
231.372	18.51
231.474	12.86
231.576	10.81
231.678	10.57
231.78	-9.42
231.882	-3.44
231.984	-3.36
232.086	-2.29
232.187	-4.26
232.289	3.93
232.391	-4.83
232.493	6.72
232.595	0.98
232.697	1.97
232.799	3.28
232.901	2.87
233.003	-1.88
233.105	7.54
233.207	9.91
233.308	9.26
233.41	14.91
233.512	23.43
233.614	12.78
233.716	13.6
233.818	21.05
233.919	16.3
234.021	6.72
234.123	3.44
234.225	-2.46
234.327	-14.17
234.428	-14.75
234.53	-19.99
234.632	-5.16
234.734	-4.18
234.836	-3.85
234.937	0.82
235.039	4.34
235.141	-4.26
235.243	-9.42
235.344	2.7
235.446	2.21
235.548	5.57
235.649	0.98
235.751	3.03
235.853	-1.47
235.955	-5.32
236.056	3.36
236.158	5.16
236.26	4.67
236.361	5.98
236.463	8.77
236.565	2.13
236.666	0.33
236.768	2.54
236.87	2.62
236.971	-0.82
237.073	-1.88
237.174	0.49
237.276	0.16
237.378	-7.86
237.479	-5.57
237.581	-7.13
237.682	0.57
237.784	11.14
237.885	14.91
237.987	2.7
238.089	9.26
238.19	-1.8
238.292	-10.81
238.393	-10.32
238.495	4.01
238.596	-4.42
238.698	-6.72
238.799	-5.65
238.901	-0.98
239.002	-5.65
239.104	-6.64
239.205	0.9
239.307	6.39
239.408	-0.74
239.51	5.24
239.611	11.71
239.713	14.17
239.814	9.5
239.915	15.48
240.017	5.16
240.118	5.24
240.22	-7.45
240.321	-9.67
240.422	-12.53
240.524	-11.63
240.625	-16.96
240.727	-4.01
240.828	-7.37
240.929	-3.52
241.031	-7.95
241.132	-11.39
241.233	-9.83
241.335	-0.57
241.436	-6.64
241.537	8.6
241.639	19.74
241.74	8.27
241.841	-3.28
241.943	-2.21
242.044	-9.5
242.145	-17.2
242.246	-9.5
242.348	-8.27
242.449	-5.57
242.55	-11.06
242.652	-17.61
242.753	-12.86
242.854	-6.72
242.955	-2.38
243.056	7.78
243.158	14.5
243.259	13.84
243.36	8.11
243.461	-0.9
243.562	-4.34
243.664	-9.01
243.765	-24.66
243.866	-18.27
243.967	-15.97
244.068	-14.34
244.169	2.29
244.271	12.62
244.372	13.11
244.473	9.09
244.574	12.45
244.675	2.87
244.776	6.06
244.877	8.68
244.978	18.68
245.08	20.23
245.181	21.87
245.282	22.94
245.383	21.46
245.484	23.92
245.585	19.33
245.686	7.7
245.787	7.78
245.888	0.82
245.989	-10.81
246.09	-9.5
246.191	5.24
246.292	9.26
246.393	18.19
246.494	20.4
246.595	13.11
246.696	7.05
246.797	0.66
246.898	-19.82
246.999	-17.45
247.1	-8.44
247.201	-11.63
247.302	-13.11
247.403	0.16
247.504	-4.26
247.605	-8.27
247.705	-8.27
247.806	-9.91
247.907	-1.47
248.008	6.88
248.109	15.65
248.21	21.3
248.311	15.97
248.412	10.16
248.513	9.5
248.613	10.16
248.714	2.95
248.815	5.32
248.916	5.32
249.017	-3.77
249.118	-14.5
249.218	-11.96
249.319	-9.58
249.42	-7.05
249.521	1.8
249.622	11.47
249.722	16.79
249.823	16.71
249.924	9.67
250.025	4.34
250.125	1.88
250.226	-3.93
250.327	-0.66
250.428	-0.82
250.528	1.64
250.629	-14.25
250.73	-12.45
250.83	-18.92
250.931	-8.85
251.032	-9.34
251.133	-0.9
251.233	-1.72
251.334	-3.44
251.435	-10.32
251.535	-14.34
251.636	-14.99
251.736	-17.2
251.837	-7.95
251.938	-15.97
252.038	-7.37
252.139	-7.62
252.24	-6.14
252.34	-2.87
252.441	1.47
252.541	2.54
252.642	5.9
252.743	12.94
252.843	6.06
252.944	19.91
253.044	6.39
253.145	9.09
253.245	2.7
253.346	1.31
253.446	-3.36
253.547	5.98
253.647	3.44
253.748	-0.08
253.848	0.66
253.949	-5.32
254.049	-1.97
254.15	4.1
254.25	22.04
254.351	24
254.451	20.32
254.552	10.9
254.652	5.08
254.753	-3.77
254.853	-3.85
254.954	-8.85
255.054	-17.2
255.154	-12.21
255.255	-13.6
255.355	-16.14
255.456	-9.01
255.556	1.31
255.656	-13.03
255.757	-11.71
255.857	-9.5
255.957	-4.75
256.058	-4.92
256.158	0.25
256.258	0.41
256.359	-4.67
256.459	-8.27
256.559	-3.19
256.66	-2.13
256.76	-5.65
256.86	1.64
256.961	15.81
257.061	27.69
257.161	29.57
257.261	29.49
257.362	32.85
257.462	16.55
257.562	1.64
257.662	10.81
257.763	11.06
257.863	12.12
257.963	10.98
258.063	9.17
258.164	-1.72
258.264	1.15
258.364	-4.83
258.464	2.38
258.564	-9.91
258.665	-9.34
258.765	-16.88
258.865	-8.93
258.965	-13.68
259.065	-3.6
259.165	3.6
259.265	13.19
259.366	7.7
259.466	9.83
259.566	15.4
259.666	14.75
259.766	13.6
259.866	18.92
259.966	4.01
260.066	6.31
260.166	6.06
260.266	-5.65
260.366	-9.5
260.467	4.83
260.567	-3.85
260.667	-0.82
260.767	8.03
260.867	3.44
260.967	2.29
261.067	2.87
261.167	-6.39
261.267	-8.44
261.367	-0.25
261.467	10.08
261.567	25.8
261.667	29.08
261.767	29.49
261.867	30.47
261.967	22.69
262.066	7.29
262.166	-1.15
262.266	-3.6
262.366	-8.11
262.466	-16.55
262.566	-11.88
262.666	-3.6
262.766	2.05
262.866	-2.05
262.966	7.29
263.066	6.47
263.165	14.42
263.265	19.66
263.365	17.61
263.465	18.76
263.565	20.56
263.665	15.24
263.764	9.75
263.864	11.55
263.964	7.54
264.064	8.77
264.164	1.15
264.263	-2.62
264.363	-8.19
264.463	-10.57
264.563	-15.07
264.663	-13.03
264.762	-10.57
264.862	-3.85
264.962	2.38
265.062	0.41
265.161	-2.54
265.261	-5.98
265.361	-15.48
265.46	-17.86
265.56	-7.13
265.66	-6.96
265.76	-15.65
265.859	-0.49
265.959	0.98
266.059	-4.42
266.158	3.36
266.258	8.19
266.358	12.78
266.457	10.98
266.557	5.9
266.657	10.24
266.756	25.07
266.856	10.81
266.955	6.72
267.055	14.17
267.155	9.26
267.254	-9.5
267.354	-4.34
267.453	-3.03
267.553	-3.69
267.652	-10.57
267.752	5
267.852	1.97
267.951	1.97
268.051	-1.64
268.15	8.68
268.25	-3.28
268.349	-1.31
268.449	2.46
268.548	4.18
268.648	-12.94
268.747	-3.44
268.847	-11.55
268.946	-24.58
269.046	-22.28
269.145	-8.03
269.244	-11.3
269.344	-8.36
269.443	7.05
269.543	5.16
269.642	-4.83
269.742	-8.36
269.841	-1.97
269.94	1.97
270.04	-6.23
270.139	2.7
270.239	7.29
270.338	7.78
270.437	-5.41
270.537	8.77
270.636	9.26
270.735	7.54
270.835	-2.05
270.934	-0
271.033	-5.41
271.133	-11.47
271.232	4.67
271.331	18.02
271.431	25.15
271.53	23.35
271.629	27.69
271.729	8.27
271.828	4.01
271.927	0.74
272.026	-4.01
272.126	-7.37
272.225	-1.72
272.324	-5.65
272.423	-6.39
272.523	-4.83
272.622	0.98
272.721	3.52
272.82	6.96
272.919	11.14
273.019	15.32
273.118	9.58
273.217	-0.08
273.316	4.51
273.415	1.39
273.514	-1.64
273.614	4.51
273.713	8.27
273.812	-2.54
273.911	-4.83
274.01	-1.39
274.109	-8.19
274.208	-10.73
274.307	-5.16
274.407	-0
274.506	-1.23
274.605	-0.16
274.704	7.45
274.803	8.11
274.902	5.73
275.001	7.54
275.1	3.93
275.199	2.05
275.298	0.9
275.397	6.47
275.496	-1.23
275.595	1.8
275.694	6.06
275.793	6.55
275.892	-6.72
275.991	1.47
276.09	-0.33
276.189	-6.55
276.288	-8.93
276.387	-6.8
276.486	-10.24
276.585	-2.38
276.684	-2.13
276.783	8.11
276.882	12.7
276.981	8.85
277.08	3.44
277.178	0.33
277.277	-9.5
277.376	-10.65
277.475	-7.37
277.574	-2.46
277.673	0.33
277.772	-3.85
277.871	7.05
277.969	8.44
278.068	7.13
278.167	11.71
278.266	15.4
278.365	8.93
278.464	7.7
278.562	7.37
278.661	4.83
278.76	11.06
278.859	10.57
278.958	8.52
279.056	8.11
279.155	8.27
279.254	4.92
279.353	0.82
279.451	4.34
279.55	9.09
279.649	3.44
279.748	1.8
279.846	12.21
279.945	14.25
280.044	11.39
280.142	11.71
280.241	10.49
280.34	2.13
280.438	0.41
280.537	0.41
280.636	3.19
280.734	5.32
280.833	5.24
280.932	4.83
281.03	-1.47
281.129	-2.05
281.228	2.95
281.326	0.49
281.425	-5
281.523	-0.82
281.622	10.9
281.721	5.57
281.819	10.9
281.918	15.15
282.016	10.49
282.115	18.02
282.213	18.1
282.312	15.32
282.41	19.58
282.509	23.92
282.607	8.93
282.706	10.4
282.805	14.01
282.903	3.19
283.002	8.68
283.1	12.78
283.198	17.61
283.297	7.37
283.395	13.11
283.494	14.58
283.592	8.93
283.691	-0.49
283.789	-3.03
283.888	-1.31
283.986	-13.6
284.085	-16.38
284.183	-10.65
284.281	-3.6
284.38	-2.7
284.478	9.5
284.576	10.65
284.675	-1.15
284.773	14.17
284.872	11.3
284.97	0.25
285.068	2.05
285.167	15.32
285.265	2.21
285.363	5.57
285.462	9.83
285.56	18.35
285.658	16.47
285.757	13.84
285.855	8.44
285.953	6.8
286.051	-4.1
286.15	-16.55
286.248	-15.07
286.346	-18.02
286.444	-17.78
286.543	-10.9
286.641	6.8
286.739	13.27
286.837	23.18
286.936	20.48
287.034	14.01
287.132	12.53
287.23	1.23
287.328	-2.87
287.427	3.28
287.525	7.29
287.623	1.15
287.721	6.88
287.819	12.94
287.917	12.37
288.016	8.6
288.114	7.37
288.212	16.38
288.31	4.67
288.408	2.13
288.506	3.93
288.604	-0.33
288.702	-12.21
288.8	-3.44
288.899	9.17
288.997	9.75
289.095	13.11
289.193	20.23
289.291	16.38
289.389	4.01
289.487	-4.18
289.585	-11.88
289.683	-18.1
289.781	-15.89
289.879	-22.61
289.977	-15.15
290.075	-3.6
290.173	-9.58
290.271	-3.28
290.369	12.37
290.467	8.68
290.565	5.82
290.663	19.5
290.761	17.94
290.859	7.78
290.957	12.94
291.055	20.48
291.152	13.35
291.25	8.03
291.348	11.8
291.446	8.93
291.544	2.38
291.642	11.14
291.74	12.53
291.838	1.8
291.936	0.25
292.033	3.6
292.131	-4.75
292.229	-4.75
292.327	2.54
292.425	12.04
292.523	-0.33
292.62	0.49
292.718	3.28
292.816	-5.16
292.914	-19.25
293.012	-0.98
293.109	-3.85
293.207	-6.39
293.305	-1.15
293.403	10.65
293.5	9.83
293.598	14.99
293.696	14.66
293.794	19.58
293.891	26.54
293.989	18.43
294.087	19.41
294.185	17.94
294.282	12.94
294.38	-3.03
294.478	-2.29
294.575	-9.5
294.673	-12.29
294.771	-12.45
294.868	-11.8
294.966	-15.48
295.064	-12.04
295.161	-11.8
295.259	-7.37
295.356	2.05
295.454	10.65
295.552	18.19
295.649	19.41
295.747	30.23
295.844	21.3
295.942	9.67
296.04	-0.16
296.137	-0.08
296.235	-13.27
296.332	-12.78
296.43	-12.62
296.527	-5.24
296.625	-9.09
296.722	-9.01
296.82	-12.04
296.917	-10.08
297.015	-16.3
297.112	-0.25
297.21	-1.72
297.307	4.1
297.405	2.54
297.502	11.06
297.6	-0.74
297.697	1.72
297.795	-0
297.892	9.99
297.99	11.63
298.087	13.76
298.184	22.86
298.282	18.02
298.379	11.63
298.477	5.9
298.574	11.71
298.671	-2.87
298.769	4.1
298.866	23.1
298.964	24.9
299.061	13.68
299.158	13.35
299.256	12.04
299.353	-0
299.45	-17.2
299.548	-12.45
299.645	-11.14
299.742	-4.1
299.839	-11.55
299.937	6.14
300.034	6.06
300.131	14.17
300.229	7.62
300.326	16.47
300.423	9.91
300.52	16.22
300.618	8.44
300.715	9.75
300.812	3.19
300.909	3.11
301.006	0.82
301.104	6.14
301.201	4.1
301.298	0.74
301.395	3.28
301.492	-8.52
301.59	-11.22
301.687	-11.88
301.784	-6.64
301.881	-12.62
301.978	-12.29
302.075	-8.27
302.173	-10.08
302.27	-8.6
302.367	3.28
302.464	4.51
302.561	7.78
302.658	13.19
302.755	6.64
302.852	-2.21
302.949	0.82
303.046	-5.08
303.143	-5.9
303.24	-1.39
303.338	-0.66
303.435	10.16
303.532	3.93
303.629	-0.33
303.726	8.52
303.823	8.03
303.92	3.85
304.017	14.17
304.114	9.67
304.211	-4.34
304.308	-5.16
304.405	-2.38
304.502	0.49
304.599	7.95
304.695	9.91
304.792	8.03
304.889	-1.64
304.986	-7.95
305.083	-4.01
305.18	4.42
305.277	0.08
305.374	16.96
305.471	21.46
305.568	11.22
305.665	11.22
305.761	14.83
305.858	8.68
305.955	-2.21
306.052	2.7
306.149	-0.49
306.246	8.19
306.343	-0.98
306.439	1.31
306.536	-4.18
306.633	-1.72
306.73	-7.21
306.827	0.33
306.923	12.62
307.02	21.63
307.117	21.14
307.214	21.79
307.31	12.45
307.407	-3.28
307.504	-7.78
307.601	-14.5
307.697	-9.91
307.794	-2.05
307.891	-2.05
307.988	0.66
308.084	-1.23
308.181	-9.91
308.278	-14.25
308.374	-11.22
308.471	-18.51
308.568	-11.88
308.664	-5.9
308.761	-2.7
308.858	5.41
308.954	22.45
309.051	25.56
309.147	22.61
309.244	12.78
309.341	5.82
309.437	2.13
309.534	-2.54
309.63	-3.69
309.727	2.79
309.824	0.49
309.92	-9.09
310.017	-13.43
310.113	-10.98
310.21	-15.73
310.306	-14.75
310.403	-13.76
310.499	-11.06
310.596	-15.24
310.693	-3.6
310.789	12.62
310.886	14.5
310.982	4.01
311.078	-0.41
311.175	-2.62
311.271	-6.72
311.368	-6.06
311.464	18.51
311.561	24.9
311.657	18.1
311.754	11.3
311.85	10.65
311.947	3.11
312.043	9.5
312.139	7.78
312.236	1.31
312.332	2.05
312.429	3.03
312.525	4.83
312.621	9.42
312.718	13.6
312.814	16.22
312.91	9.58
313.007	10.9
313.103	9.09
313.199	9.09
313.296	-3.44
313.392	-8.19
313.488	-21.46
313.585	-20.64
313.681	-14.83
313.777	-10.4
313.873	-4.92
313.97	2.79
314.066	7.54
314.162	5.24
314.259	6.06
314.355	4.51
314.451	5.41
314.547	-2.38
314.643	-5.65
314.74	9.34
314.836	13.03
314.932	13.93
315.028	13.43
315.124	21.54
315.221	16.96
315.317	11.14
315.413	4.59
315.509	7.95
315.605	4.42
315.701	4.26
315.798	8.77
315.894	10.4
315.99	20.48
316.086	17.37
316.182	13.35
316.278	11.06
316.374	4.67
316.47	-5.57
316.566	1.39
316.662	-0.57
316.759	0.41
316.855	9.42
316.951	13.35
317.047	7.95
317.143	5.32
317.239	-2.62
317.335	-10.57
317.431	-7.29
317.527	-9.01
317.623	-13.27
317.719	-0.16
317.815	7.21
317.911	8.03
318.007	6.96
318.103	8.11
318.199	6.88
318.295	15.97
318.391	3.44
318.487	8.11
318.582	8.93
318.678	0.9
318.774	0.16
318.87	7.86
318.966	13.6
319.062	10.65
319.158	9.5
319.254	-2.7
319.35	-2.62
319.446	-11.47
319.541	5.73
319.637	9.67
319.733	18.51
319.829	23.84
319.925	27.69
320.021	24.08
320.116	24.41
320.212	20.73
320.308	17.61
320.404	17.61
320.5	5.98
320.595	9.42
320.691	13.03
320.787	6.64
320.883	2.62
320.978	8.52
321.074	9.34
321.17	8.27
321.266	1.15
321.361	-8.85
321.457	-7.54
321.553	-9.91
321.649	-17.2
321.744	-10.24
321.84	2.29
321.936	6.31
322.031	3.93
322.127	-0.98
322.223	-5.32
322.318	-2.87
322.414	-9.01
322.51	-11.14
322.605	-0.82
322.701	9.17
322.796	4.18
322.892	9.17
322.988	14.99
323.083	9.99
323.179	5.41
323.274	4.59
323.37	-9.99
323.466	-11.8
323.561	-10.4
323.657	-17.61
323.752	-21.95
323.848	-3.11
323.943	9.67
324.039	7.95
324.134	21.22
324.23	29.33
324.325	16.79
324.421	4.1
324.516	3.93
324.612	-7.78
324.707	-2.29
324.803	1.97
324.898	1.31
324.994	7.13
325.089	21.71
325.185	21.63
325.28	19.74
325.375	25.15
325.471	24.82
325.566	16.63
325.662	19.66
325.757	21.54
325.853	17.86
325.948	16.71
326.043	20.64
326.139	14.83
326.234	9.17
326.329	2.21
326.425	-4.01
326.52	-12.7
326.615	-19.25
326.711	-14.42
326.806	-7.7
326.901	-9.34
326.997	-2.21
327.092	-7.7
327.187	-2.29
327.283	-8.11
327.378	8.6
327.473	0.9
327.568	7.29
327.664	12.29
327.759	18.68
327.854	7.7
327.949	7.7
328.045	4.42
328.14	-4.1
328.235	-4.01
328.33	-4.01
328.425	-3.19
328.521	3.52
328.616	2.7
328.711	-4.1
328.806	-4.1
328.901	-4.34
328.996	-16.3
329.092	-22.61
329.187	-14.99
329.282	-14.99
329.377	-3.52
329.472	4.75
329.567	19.25
329.662	10.73
329.757	14.75
329.853	11.22
329.948	10.32
330.043	11.14
330.138	13.84
330.233	12.21
330.328	9.42
330.423	9.01
330.518	-3.85
330.613	-5
330.708	-10.16
330.803	-10.57
330.898	-7.05
330.993	-2.13
331.088	5.32
331.183	12.37
331.278	20.73
331.373	26.05
331.468	26.46
331.563	22.04
331.658	17.37
331.753	9.67
331.848	2.87
331.943	3.19
332.038	-2.54
332.133	5.65
332.227	10.24
332.322	8.03
332.417	0.08
332.512	10.49
332.607	1.15
332.702	-2.7
332.797	-4.34
332.892	-7.86
332.987	-10.9
333.081	-4.1
333.176	-6.47
333.271	-8.6
333.366	-2.62
333.461	-5.9
333.556	-2.46
333.65	1.88
333.745	7.45
333.84	8.52
333.935	4.01
334.029	2.05
334.124	-10.49
334.219	-2.54
334.314	-2.7
334.409	14.91
334.503	21.46
334.598	22.04
334.693	13.35
334.787	2.13
334.882	-9.91
334.977	-19.99
335.072	0.25
335.166	-5.16
335.261	12.7
335.356	11.22
335.45	17.12
335.545	5.73
335.64	11.39
335.734	3.85
335.829	11.3
335.924	4.34
336.018	4.42
336.113	3.93
336.207	3.19
336.302	-11.3
336.397	-18.43
336.491	-14.91
336.586	-8.68
336.68	-2.7
336.775	11.71
336.869	20.97
336.964	25.97
337.059	24.58
337.153	31.95
337.248	29.41
337.342	21.22
337.437	7.29
337.531	4.67
337.626	-4.51
337.72	-5.82
337.815	-0.41
337.909	4.34
338.004	-2.54
338.098	-4.42
338.193	-9.34
338.287	-13.84
338.381	-13.43
338.476	-5.73
338.57	-9.83
338.665	-6.96
338.759	0.41
338.854	2.7
338.948	-2.95
339.042	0.08
339.137	-5.57
339.231	-13.93
339.326	-16.79
339.42	-8.6
339.514	-1.88
339.609	-0.82
339.703	5.57
339.797	7.86
339.892	12.04
339.986	12.78
340.08	25.56
340.175	23.26
340.269	22.53
340.363	18.51
340.457	10.4
340.552	4.51
340.646	17.2
340.74	16.71
340.835	14.01
340.929	20.89
341.023	18.92
341.117	0.25
341.212	-3.19
341.306	-2.95
341.4	-0.25
341.494	2.54
341.588	2.87
341.683	9.75
341.777	0.82
341.871	-5.65
341.965	-7.7
342.059	3.03
342.153	3.85
342.248	10.73
342.342	9.26
342.436	1.39
342.53	-10.4
342.624	-13.03
342.718	-15.48
342.812	-16.63
342.906	-9.17
343.001	4.92
343.095	5.65
343.189	16.88
343.283	14.58
343.377	14.17
343.471	8.36
343.565	4.18
343.659	-4.26
343.753	-3.44
343.847	-3.11
343.941	-2.21
344.035	3.93
344.129	-2.79
344.223	1.47
344.317	-6.55
344.411	-0
344.505	-3.11
344.599	5.32
344.693	6.64
344.787	13.84
344.881	8.6
344.975	6.64
345.069	15.24
345.163	21.38
345.257	34.08
345.351	30.47
345.444	25.48
345.538	16.38
345.632	14.58
345.726	3.85
345.82	3.69
345.914	1.31
346.008	2.05
346.102	-1.64
346.195	0.16
346.289	-2.21
346.383	2.29
346.477	-1.56
346.571	-0.98
346.665	-5.57
346.758	-0.49
346.852	4.1
346.946	0.66
347.04	-1.23
347.133	-1.88
347.227	1.88
347.321	2.13
347.415	1.88
347.509	5
347.602	3.52
347.696	-3.69
347.79	4.1
347.883	17.78
347.977	10.98
348.071	15.65
348.165	17.12
348.258	-0.98
348.352	-14.01
348.446	-15.65
348.539	-21.54
348.633	-26.71
348.727	-14.5
348.82	-9.34
348.914	-7.7
349.007	1.15
349.101	10.73
349.195	10.49
349.288	3.52
349.382	5.08
349.476	4.75
349.569	7.7
349.663	4.1
349.756	7.05
349.85	9.34
349.943	6.06
350.037	2.21
350.13	8.11
350.224	6.96
350.318	10.73
350.411	16.55
350.505	11.71
350.598	1.88
350.692	6.06
350.785	-4.26
350.879	-24.74
350.972	-22.28
351.066	-19.5
351.159	-15.97
351.252	-4.18
351.346	8.77
351.439	16.71
351.533	23.35
351.626	12.53
351.72	4.67
351.813	1.88
351.906	-7.95
352	-18.1
352.093	-11.96
352.187	-2.21
352.28	2.54
352.373	0.08
352.467	1.8
352.56	3.03
352.653	-2.62
352.747	-8.27
352.84	-3.44
352.933	-4.67
353.027	3.77
353.12	-4.1
353.213	2.38
353.307	5.9
353.4	5.24
353.493	3.19
353.586	15.97
353.68	11.22
353.773	3.03
353.866	3.19
353.96	-5.16
354.053	-19.17
354.146	-19.01
354.239	-8.03
354.332	8.11
354.426	15.4
354.519	26.3
354.612	34.16
354.705	23.51
354.798	3.85
354.892	-0
354.985	2.46
355.078	7.29
355.171	14.09
355.264	23.92
355.357	25.23
355.45	20.64
355.544	14.17
355.637	11.14
355.73	12.78
355.823	12.7
355.916	6.55
356.009	5.73
356.102	6.72
356.195	9.5
356.288	7.54
356.381	10.16
356.474	11.8
356.567	19.74
356.66	18.43
356.754	25.89
356.847	24.99
356.94	17.28
357.033	12.21
357.126	13.93
357.219	6.64
357.312	13.76
357.405	24.66
357.497	21.95
357.59	14.09
357.683	11.96
357.776	-1.72
357.869	-8.68
357.962	-12.7
358.055	-17.94
358.148	-10.32
358.241	-2.21
358.334	-2.21
358.427	3.77
358.52	9.01
358.613	5.08
358.705	4.92
358.798	3.6
358.891	-3.03
358.984	5.73
359.077	4.75
359.17	11.3
359.263	16.55
359.355	18.76
359.448	10.4
359.541	9.83
359.634	6.47
359.727	-6.23
359.819	2.62
359.912	-0
360.005	-2.05
360.098	1.31
360.19	19.17
360.283	12.21
360.376	5.65
360.469	-0.9
360.561	-6.64
360.654	-9.67
360.747	-13.11
360.84	-14.25
360.932	-3.93
361.025	-5.98
361.118	-5.24
361.21	-11.39
361.303	-0.66
361.396	-8.52
361.488	-10.08
361.581	-8.52
361.674	2.29
361.766	14.42
361.859	21.79
361.951	34.24
362.044	27.2
362.137	22.12
362.229	10.08
362.322	9.17
362.414	7.54
362.507	10.49
362.6	9.09
362.692	6.64
362.785	-5.57
362.877	-16.79
362.97	-23.92
363.062	-16.47
363.155	-1.15
363.247	11.47
363.34	15.48
363.432	20.89
363.525	21.22
363.617	7.7
363.71	-0.82
363.802	-0.98
363.895	-3.19
363.987	-0.98
364.08	0.25
364.172	5.65
364.265	9.42
364.357	9.67
364.449	7.62
364.542	9.83
364.634	6.72
364.727	6.88
364.819	26.3
364.911	18.84
365.004	13.76
365.096	14.09
365.188	12.62
365.281	-5.82
365.373	-0.74
365.466	10.57
365.558	8.68
365.65	4.34
365.742	-2.95
365.835	1.97
365.927	-5.24
366.019	4.67
366.112	5.73
366.204	11.47
366.296	10.32
366.389	6.88
366.481	10.57
366.573	9.67
366.665	6.96
366.758	-3.19
366.85	6.06
366.942	1.72
367.034	9.91
367.126	15.56
367.219	19.33
367.311	19.41
367.403	15.4
367.495	7.95
367.587	22.45
367.679	29
367.772	26.3
367.864	29.57
367.956	33.83
368.048	20.97
368.14	13.93
368.232	18.19
368.324	9.67
368.417	14.5
368.509	9.5
368.601	16.96
368.693	1.23
368.785	14.5
368.877	0.33
368.969	-2.87
369.061	-14.5
369.153	-8.36
369.245	-14.58
369.337	-12.45
369.429	-10.65
369.521	-3.69
369.613	-9.83
369.705	-10.32
369.797	-5.16
369.889	-0.08
369.981	-9.09
370.073	4.51
370.165	8.19
370.257	6.31
370.349	-3.44
370.441	6.31
370.533	-5
370.625	-7.7
370.717	3.6
370.809	7.62
370.901	1.15
370.993	17.86
371.084	15.56
371.176	11.39
371.268	18.43
371.36	22.69
371.452	21.14
371.544	27.93
371.636	23.84
371.727	24.74
371.819	22.53
371.911	16.88
372.003	11.88
372.095	6.88
372.187	1.39
372.278	-2.62
372.37	-4.67
372.462	-5
372.554	-1.64
372.645	-1.47
372.737	3.52
372.829	-6.06
372.921	-8.19
373.012	-2.29
373.104	-9.5
373.196	-6.55
373.288	-0.08
373.379	3.36
373.471	-2.38
373.563	9.83
373.654	5.16
373.746	7.37
373.838	13.19
373.929	25.56
374.021	13.84
374.113	22.61
374.204	19.91
374.296	4.83
374.388	-6.96
374.479	5.9
374.571	7.78
374.662	14.25
374.754	19.33
374.846	16.71
374.937	18.92
375.029	13.68
375.12	17.2
375.212	33.91
375.304	35.96
375.395	19.5
375.487	15.07
375.578	5.08
375.67	-3.11
375.761	-1.97
375.853	4.51
375.944	12.62
376.036	14.83
376.127	22.94
376.219	13.52
376.31	14.91
376.402	16.06
376.493	18.43
376.584	4.83
376.676	10.4
376.767	6.23
376.859	2.21
376.95	-0.9
377.042	0.74
377.133	-4.42
377.224	-3.6
377.316	-13.11
377.407	-8.6
377.499	-14.58
377.59	1.39
377.681	12.12
377.773	10.16
377.864	7.29
377.955	10.32
378.047	4.59
378.138	1.8
378.229	7.62
378.321	5.32
378.412	-1.15
378.503	-8.6
378.595	-8.6
378.686	-7.13
378.777	-10.08
378.868	-4.01
378.96	2.21
379.051	0.25
379.142	-4.51
379.233	-2.05
379.325	-4.67
379.416	-8.03
379.507	-8.68
379.598	-2.87
379.689	-3.19
379.781	-0.74
379.872	-9.67
379.963	-14.5
380.054	-13.43
380.145	-10.32
380.236	-16.55
380.328	-11.39
380.419	-1.64
380.51	-3.44
380.601	0.25
380.692	4.67
380.783	13.6
380.874	5.08
380.965	8.36
381.056	0.49
381.148	2.79
381.239	6.8
381.33	12.21
381.421	17.45
381.512	13.6
381.603	9.5
381.694	-4.18
381.785	-8.68
381.876	-14.17
381.967	-9.58
382.058	-5.08
382.149	7.54
382.24	5.08
382.331	16.79
382.422	17.28
382.513	22.04
382.604	24.41
382.695	26.3
382.786	17.37
382.877	19.09
382.968	16.71
383.059	7.86
383.149	9.58
383.24	7.54
383.331	9.01
383.422	4.83
383.513	0.41
383.604	6.55
383.695	6.64
383.786	1.72
383.877	8.44
383.967	12.04
384.058	10.32
384.149	6.31
384.24	-1.97
384.331	2.13
384.421	6.88
384.512	3.77
384.603	-2.29
384.694	9.09
384.785	-4.92
384.875	0.08
384.966	2.46
385.057	10.08
385.148	12.78
385.238	15.65
385.329	7.29
385.42	16.79
385.511	5.82
385.601	-8.36
385.692	-12.62
385.783	-17.37
385.873	-27.12
385.964	-10.81
386.055	1.64
386.146	14.75
386.236	24.49
386.327	23.18
386.417	21.22
386.508	18.35
386.599	21.79
386.689	18.35
386.78	21.46
386.871	17.78
386.961	26.54
387.052	14.42
387.142	9.99
387.233	11.22
387.324	11.39
387.414	4.26
387.505	3.52
387.595	7.95
387.686	3.03
387.776	1.23
387.867	9.91
387.957	11.96
388.048	15.32
388.138	13.93
388.229	18.35
388.319	20.15
388.41	23.18
388.5	22.04
388.591	22.12
388.681	6.64
388.772	-4.83
388.862	-7.21
388.953	-11.14
389.043	-14.66
389.134	-1.06
389.224	-2.54
389.314	-4.26
389.405	-5.57
389.495	-0.41
389.586	-2.13
389.676	-0.41
389.766	3.36
389.857	2.79
389.947	-0.08
390.037	6.31
390.128	6.14
390.218	0.66
390.308	11.71
390.399	11.63
390.489	0.98
390.579	-5.24
390.67	-2.7
390.76	-15.48
390.85	-11.39
390.94	-16.47
391.031	-6.8
391.121	-1.88
391.211	-0.9
391.301	-6.55
391.392	11.71
391.482	0.98
391.572	2.54
391.662	-2.62
391.753	2.13
391.843	-4.1
391.933	3.6
392.023	-0.25
392.113	5.24
392.204	2.21
392.294	0.82
392.384	-2.79
392.474	-4.83
392.564	-2.21
392.654	5.32
392.744	1.97
392.835	14.09
392.925	13.35
393.015	4.1
393.105	2.62
393.195	1.23
393.285	-1.64
393.375	-10.57
393.465	3.52
393.555	-3.44
393.645	2.29
393.735	-6.88
393.825	0.25
393.915	-1.8
394.005	-2.21
394.095	-8.36
394.185	-3.85
394.275	5.65
394.365	-7.13
394.455	-2.46
394.545	-10.65
394.635	-9.5
394.725	-22.94
394.815	-9.67
394.905	-8.03
394.995	-6.31
395.085	2.05
395.175	8.93
395.265	9.75
395.355	9.09
395.445	21.71
395.535	12.53
395.625	6.06
395.714	4.59
395.804	-1.8
395.894	-1.15
395.984	-10.24
396.074	-2.38
396.164	-8.11
396.254	-3.03
396.343	-13.84
396.433	-12.29
396.523	-15.73
396.613	-18.68
396.703	-33.01
396.792	-30.23
396.882	-28.18
396.972	-31.13
397.062	-18.76
397.151	-3.85
397.241	3.11
397.331	5.08
397.421	15.48
397.51	12.78
397.6	9.26
397.69	14.34
397.78	24.58
397.869	23.02
397.959	12.29
398.049	9.75
398.138	2.87
398.228	-11.88
398.318	-12.7
398.407	-8.27
398.497	6.64
398.587	21.22
398.676	35.23
398.766	42.52
398.856	47.43
398.945	34.65
399.035	16.3
399.124	6.14
399.214	3.11
399.303	-3.03
399.393	-2.46
399.483	4.34
399.572	2.54
399.662	0.49
399.751	-3.85
399.841	-7.05
399.93	-7.37
400.02	-4.26
400.109	-6.47
400.199	2.79
400.288	9.17
400.378	14.01
400.467	15.48
400.557	13.11
400.646	9.01
400.736	6.55
400.825	7.45
400.915	4.42
401.004	1.06
401.094	7.37
401.183	14.83
401.272	0.16
401.362	-2.13
401.451	1.39
401.541	-2.62
401.63	-10.24
401.719	-2.79
401.809	0.9
401.898	9.75
401.987	7.37
402.077	12.29
402.166	7.05
402.255	5.16
402.345	-13.19
402.434	-10.9
402.523	-5.16
402.613	2.05
402.702	13.43
402.791	18.76
402.881	10.16
402.97	2.87
403.059	12.86
403.148	6.39
403.238	1.47
403.327	13.68
403.416	14.42
403.505	7.29
403.594	-6.31
403.684	6.06
403.773	-0.08
403.862	-0
403.951	2.54
404.04	19.17
404.13	15.73
404.219	18.68
404.308	9.17
404.397	1.06
404.486	0.41
404.575	8.68
404.665	-6.8
404.754	-0.49
404.843	5.82
404.932	7.78
405.021	-5.32
405.11	14.5
405.199	12.21
405.288	15.89
405.377	17.04
405.466	27.36
405.555	15.32
405.644	21.38
405.733	16.06
405.823	11.96
405.912	2.54
406.001	15.73
406.09	4.92
406.179	3.44
406.268	-3.36
406.357	7.21
406.446	2.54
406.534	9.42
406.623	-0.82
406.712	1.15
406.801	-8.27
406.89	-7.95
406.979	-6.23
407.068	-3.52
407.157	-5.98
407.246	-2.29
407.335	1.06
407.424	7.78
407.513	20.23
407.602	19.66
407.69	25.56
407.779	24.58
407.868	15.07
407.957	9.01
408.046	10.81
408.135	-4.42
408.223	-13.52
408.312	-19.17
408.401	-25.72
408.49	-21.95
408.579	-10.9
408.668	-6.55
408.756	7.62
408.845	11.47
408.934	9.67
409.023	8.44
409.111	6.64
409.2	-0.82
409.289	-0.25
409.378	-2.62
409.466	-5.16
409.555	-1.39
409.644	-8.11
409.732	-8.27
409.821	-6.88
409.91	-1.56
409.998	2.54
410.087	10.24
410.176	9.01
410.264	10.4
410.353	3.19
410.442	-2.54
410.53	-2.13
410.619	2.95
410.708	2.7
410.796	1.64
410.885	9.09
410.973	4.51
411.062	6.31
411.151	9.26
411.239	17.53
411.328	5.82
411.416	-0.66
411.505	-8.36
411.593	-14.34
411.682	-19.66
411.77	-14.5
411.859	-1.31
411.947	-1.72
412.036	-4.92
412.124	0.49
412.213	-4.01
412.301	-4.83
412.39	-3.03
412.478	-6.8
412.567	-12.21
412.655	-1.23
412.744	-2.79
412.832	-2.79
412.92	12.12
413.009	5.41
413.097	3.11
413.186	1.15
413.274	-1.39
413.363	-6.72
413.451	-0
413.539	-3.44
413.628	-4.51
413.716	-7.37
413.804	-2.05
413.893	-5.73
413.981	-3.69
414.069	-8.52
414.158	2.46
414.246	4.34
414.334	3.03
414.423	-5.57
414.511	2.7
414.599	1.23
414.687	-9.09
414.776	-5.32
414.864	-5.41
414.952	-16.79
415.04	-23.51
415.129	-28.34
415.217	-22.04
415.305	-21.54
415.393	-17.53
415.482	-17.2
415.57	-16.22
415.658	-22.36
415.746	-18.19
415.834	-10.73
415.922	-12.29
416.011	-0.57
416.099	1.15
416.187	-1.8
416.275	-4.51
416.363	5.32
416.451	14.75
416.539	27.85
416.628	34.08
416.716	33.01
416.804	27.12
416.892	19.5
416.98	13.03
417.068	13.68
417.156	17.37
417.244	22.53
417.332	23.35
417.42	27.44
417.508	24.66
417.596	18.35
417.684	9.17
417.772	0.41
417.86	-17.2
417.948	-17.78
418.036	-9.91
418.124	-5.16
418.212	6.14
418.3	12.78
418.388	6.14
418.476	11.47
418.564	15.07
418.652	12.12
418.74	11.71
418.828	20.81
418.916	8.27
419.004	-5.9
419.091	-19.33
419.179	-18.27
419.267	-21.3
419.355	-18.02
419.443	-5.98
419.531	7.54
419.619	14.09
419.706	15.81
419.794	19.33
419.882	11.14
419.97	1.23
420.058	-0.66
420.146	-0.08
420.233	-0.49
420.321	4.59
420.409	8.85
420.497	7.37
420.584	7.37
420.672	2.62
420.76	1.97
420.848	6.23
420.935	4.26
421.023	2.46
421.111	2.87
421.199	15.24
421.286	4.51
421.374	-0.98
421.462	3.36
421.549	2.29
421.637	-5.16
421.725	10.16
421.812	8.44
421.9	2.79
421.988	11.3
422.075	10.73
422.163	5.41
422.25	12.78
422.338	16.47
422.426	14.42
422.513	20.15
422.601	12.45
422.688	18.19
422.776	26.13
422.864	13.27
422.951	0.49
423.039	0.9
423.126	-8.85
423.214	-20.4
423.301	-12.94
423.389	-11.71
423.476	-15.73
423.564	-17.2
423.651	-11.14
423.739	-16.22
423.826	-17.37
423.914	-7.45
424.001	-2.54
424.089	-14.66
424.176	-2.29
424.264	5.49
424.351	7.05
424.438	13.43
424.526	19.82
424.613	21.05
424.701	22.94
424.788	21.54
424.876	16.06
424.963	22.61
425.05	17.61
425.138	17.53
425.225	22.04
425.312	18.68
425.4	11.71
425.487	16.06
425.574	9.01
425.662	8.36
425.749	9.58
425.836	9.09
425.924	7.62
426.011	11.8
426.098	7.78
426.185	3.77
426.273	1.8
426.36	-8.03
426.447	-5.65
426.534	-1.56
426.622	0.66
426.709	10.49
426.796	16.47
426.883	13.03
426.971	2.95
427.058	7.37
427.145	-0.25
427.232	0.25
427.319	3.03
427.406	11.8
427.494	3.44
427.581	13.11
427.668	10.4
427.755	13.68
427.842	-0.41
427.929	5.41
428.016	3.44
428.104	6.31
428.191	3.11
428.278	16.88
428.365	29.49
428.452	35.47
428.539	38.09
428.626	35.55
428.713	28.51
428.8	6.39
428.887	-5.08
428.974	-12.78
429.061	-7.13
429.148	-1.39
429.235	-9.42
429.322	-5.82
429.409	0.41
429.496	1.23
429.583	-8.44
429.67	9.91
429.757	1.06
429.844	3.03
429.931	-3.52
430.018	4.51
430.105	2.13
430.192	7.45
430.279	-1.15
430.366	1.56
430.453	-1.15
430.539	4.42
430.626	1.72
430.713	-2.46
430.8	0.49
430.887	11.22
430.974	4.1
431.061	10.24
431.147	22.86
431.234	9.58
431.321	5.65
431.408	10.32
431.495	13.76
431.582	1.72
431.668	16.22
431.755	13.52
431.842	13.11
431.929	9.01
432.015	20.89
432.102	13.03
432.189	6.23
432.276	5.82
432.362	12.45
432.449	6.39
432.536	7.37
432.623	13.6
432.709	15.81
432.796	3.28
432.883	0.82
432.969	0.57
433.056	3.28
433.143	1.23
433.229	2.21
433.316	6.72
433.403	8.36
433.489	5.32
433.576	4.1
433.662	8.93
433.749	7.7
433.836	6.72
433.922	5.24
434.009	3.52
434.095	-0.49
434.182	-0.57
434.268	-8.68
434.355	-5.08
434.442	-0.9
434.528	-4.51
434.615	-8.6
434.701	4.59
434.788	3.6
434.874	10.32
434.961	17.28
435.047	21.05
435.134	17.04
435.22	14.5
435.307	10.9
435.393	2.62
435.48	8.44
435.566	9.58
435.652	13.35
435.739	5.98
435.825	14.91
435.912	8.77
435.998	10.24
436.084	16.38
436.171	10.4
436.257	11.3
436.344	8.44
436.43	2.29
436.516	-6.14
436.603	7.21
436.689	0.33
436.775	17.94
436.862	23.92
436.948	21.46
437.034	15.32
437.121	29.98
437.207	25.97
437.293	14.5
437.38	17.69
437.466	24.49
437.552	16.96
437.638	4.67
437.725	15.4
437.811	14.01
437.897	6.88
437.983	7.45
438.07	21.71
438.156	28.59
438.242	29.65
438.328	32.36
438.414	34.9
438.501	18.76
438.587	4.83
438.673	6.39
438.759	12.86
438.845	4.26
438.931	1.97
439.017	8.77
439.104	12.53
439.19	14.01
439.276	11.14
439.362	24.58
439.448	29.9
439.534	28.67
439.62	18.92
439.706	21.14
439.792	21.14
439.878	6.96
439.964	-3.11
440.05	4.67
440.137	13.03
440.223	6.55
440.309	16.79
440.395	17.53
440.481	10.9
440.567	-2.13
440.653	0.57
440.739	0.57
440.825	-0.57
440.911	1.31
440.996	8.27
441.082	5.08
441.168	0.9
441.254	10.16
441.34	6.47
441.426	5.32
441.512	14.42
441.598	20.32
441.684	14.34
441.77	16.96
441.856	26.54
441.941	19.66
442.027	15.73
442.113	22.36
442.199	31.87
442.285	28.67
442.371	31.05
442.457	31.95
442.542	31.37
442.628	33.34
442.714	27.61
442.8	29.24
442.886	27.52
442.971	24.9
443.057	19.91
443.143	17.04
443.229	8.68
443.314	-0.08
443.4	-9.75
443.486	-25.97
443.572	-15.81
443.657	-10.08
443.743	-13.6
443.829	-0.41
443.914	10.16
444	0.41
444.086	4.51
444.171	10.08
444.257	16.47
444.343	21.38
444.428	32.52
444.514	30.88
444.6	36.13
444.685	26.46
444.771	15.73
444.857	15.56
444.942	20.48
445.028	29.65
445.113	30.06
445.199	40.71
445.285	31.46
445.37	24
445.456	20.15
445.541	20.4
445.627	15.32
445.712	21.54
445.798	24.41
445.883	12.37
445.969	21.14
446.054	22.69
446.14	31.29
446.225	33.01
446.311	34.41
446.396	26.95
446.482	34.57
446.567	30.39
446.653	34.32
446.738	43.34
446.823	50.71
446.909	49.56
446.994	43.58
447.08	38.75
447.165	43.91
447.251	33.83
447.336	37.27
447.421	46.61
447.507	49.81
447.592	37.68
447.677	39.98
447.763	32.28
447.848	32.19
447.933	31.87
448.019	41.78
448.104	45.22
448.189	48.82
448.275	38.67
448.36	29
448.445	35.88
448.53	45.14
448.616	40.39
448.701	51.85
448.786	58.65
448.872	55.05
448.957	50.71
449.042	53
449.127	37.93
449.212	36.54
449.298	39.98
449.383	29.33
449.468	24.9
449.553	43.91
449.638	38.17
449.724	32.28
449.809	44.24
449.894	47.51
449.979	36.78
450.064	48.66
450.149	42.68
450.234	34.98
450.319	31.62
450.405	27.69
450.49	19.5
450.575	26.46
450.66	24.49
450.745	37.85
450.83	44.48
450.915	45.3
451	41.61
451.085	49.4
451.17	54.23
451.255	48.17
451.34	53.41
451.425	61.28
451.51	58.9
451.595	47.19
451.68	51.94
451.765	46.2
451.85	46.12
451.935	46.04
452.02	39.08
452.105	34.32
452.19	46.28
452.275	52.84
452.36	51.44
452.445	51.69
452.53	66.44
452.615	57.1
452.699	49.48
452.784	52.18
452.869	58.41
452.954	43.83
453.039	48.82
453.124	49.89
453.209	49.15
453.293	48.5
453.378	57.26
453.463	53.08
453.548	48.5
453.633	48.66
453.718	55.62
453.802	53.41
453.887	62.42
453.972	67.01
454.057	69.3
454.141	71.76
454.226	72.99
454.311	69.14
454.396	63.9
454.48	61.28
454.565	43.34
454.65	37.6
454.735	35.88
454.819	41.7
454.904	50.13
454.989	63.73
455.073	62.75
455.158	68.4
455.243	65.62
455.327	66.68
455.412	62.09
455.497	73.24
455.581	70.29
455.666	68.89
455.75	53.41
455.835	61.36
455.92	56.52
456.004	51.53
456.089	47.43
456.173	52.67
456.258	44.07
456.343	34.16
456.427	38.26
456.512	45.71
456.596	46.78
456.681	52.1
456.765	57.67
456.85	53.82
456.934	43.01
457.019	38.01
457.103	38.75
457.188	38.75
457.272	44.07
457.357	54.89
457.441	55.62
457.526	45.22
457.61	49.07
457.694	39.16
457.779	36.95
457.863	45.22
457.948	59.96
458.032	54.56
458.116	60.95
458.201	54.48
458.285	44.56
458.37	36.54
458.454	55.46
458.538	63.65
458.623	71.43
458.707	76.51
458.791	72.5
458.876	59.88
458.96	49.81
459.044	47.35
459.129	50.71
459.213	47.51
459.297	46.61
459.381	52.92
459.466	55.05
459.55	48.25
459.634	48.5
459.718	45.46
459.803	41.94
459.887	35.14
459.971	43.42
460.055	53.17
460.14	53.08
460.224	48.33
460.308	50.3
460.392	43.5
460.476	37.27
460.56	29.41
460.645	30.97
460.729	31.13
460.813	30.97
460.897	32.6
460.981	45.63
461.065	46.04
461.149	42.35
461.233	43.58
461.318	45.38
461.402	37.19
461.486	29.41
461.57	33.83
461.654	39.24
461.738	28.84
461.822	34.9
461.906	48.5
461.99	46.69
462.074	47.84
462.158	59.39
462.242	65.53
462.326	68.07
462.41	70.2
462.494	61.77
462.578	53
462.662	43.74
462.746	35.23
462.83	30.64
462.914	36.78
462.998	48.58
463.082	43.91
463.166	47.1
463.25	49.97
463.334	50.63
463.417	50.3
463.501	51.77
463.585	57.59
463.669	58.9
463.753	47.02
463.837	43.58
463.921	45.3
464.004	36.54
464.088	35.88
464.172	44.81
464.256	40.63
464.34	37.35
464.424	33.5
464.507	30.64
464.591	27.61
464.675	23.51
464.759	31.78
464.842	42.52
464.926	45.3
465.01	51.04
465.094	61.03
465.177	53.08
465.261	48.41
465.345	49.32
465.429	43.09
465.512	31.54
465.596	25.72
465.68	22.04
465.763	19.5
465.847	15.24
465.931	15.4
466.014	23.1
466.098	26.62
466.182	26.46
466.265	27.69
466.349	28.92
466.433	30.47
466.516	25.72
466.6	24.33
466.683	29.08
466.767	29.82
466.851	22.86
466.934	14.75
467.018	14.34
467.101	11.8
467.185	14.91
467.268	16.47
467.352	24.99
467.435	28.51
467.519	34.24
467.602	31.62
467.686	39.24
467.769	42.27
467.853	35.96
467.936	21.79
468.02	27.03
468.103	24.17
468.187	20.97
468.27	26.62
468.354	31.78
468.437	29.24
468.52	23.02
468.604	21.79
468.687	25.39
468.771	26.62
468.854	24.33
468.937	31.21
469.021	31.37
469.104	28.18
469.187	20.73
469.271	18.35
469.354	17.69
469.437	19.66
469.521	24.08
469.604	32.69
469.687	44.24
469.771	45.96
469.854	45.71
469.937	33.42
470.021	33.01
470.104	34.82
470.187	37.11
470.27	39.65
470.354	42.6
470.437	39.65
470.52	26.71
470.603	19.91
470.686	19.91
470.77	15.97
470.853	20.81
470.936	23.02
471.019	22.53
471.102	14.34
471.186	23.92
471.269	22.94
471.352	17.53
471.435	23.1
471.518	24.99
471.601	15.24
471.684	8.77
471.768	17.61
471.851	13.19
471.934	16.63
472.017	20.81
472.1	23.76
472.183	20.64
472.266	12.53
472.349	19.74
472.432	23.02
472.515	17.94
472.598	24.25
472.681	31.46
472.764	24
472.847	15.4
472.93	21.14
473.013	18.68
473.096	20.73
473.179	17.37
473.262	28.92
473.345	32.03
473.428	35.23
473.511	37.52
473.594	34.32
473.677	26.95
473.76	33.67
473.843	24.99
473.926	20.56
474.009	23.02
474.091	24.41
474.174	12.21
474.257	18.68
474.34	22.36
474.423	30.72
474.506	33.01
474.589	28.59
474.671	21.46
474.754	24.33
474.837	15.97
474.92	14.5
475.003	20.15
475.085	16.3
475.168	12.21
475.251	4.92
475.334	4.51
475.417	6.55
475.499	18.84
475.582	14.83
475.665	21.22
475.748	21.22
475.83	18.1
475.913	12.53
475.996	11.63
476.078	13.03
476.161	13.43
476.244	5.16
476.326	9.34
476.409	14.25
476.492	9.83
476.574	16.96
476.657	23.59
476.74	21.38
476.822	11.55
476.905	16.79
476.988	7.37
477.07	11.3
477.153	8.03
477.235	16.88
477.318	16.55
477.4	28.75
477.483	27.52
477.566	25.64
477.648	25.31
477.731	30.64
477.813	24.58
477.896	25.89
477.978	28.67
478.061	26.71
478.143	25.89
478.226	26.54
478.308	26.21
478.391	24.99
478.473	29.33
478.556	30.15
478.638	24.74
478.72	37.52
478.803	39.73
478.885	35.47
478.968	37.03
479.05	40.96
479.133	28.59
479.215	22.28
479.297	17.61
479.38	17.61
479.462	16.3
479.544	11.47
479.627	12.78
479.709	18.02
479.792	5.32
479.874	12.04
479.956	14.66
480.039	22.28
480.121	26.05
480.203	28.67
480.285	20.97
480.368	19.09
480.45	17.2
480.532	4.83
480.615	5.49
480.697	7.13
480.779	10.24
480.861	13.84
480.943	20.15
481.026	21.79
481.108	16.55
481.19	15.97
481.272	11.3
481.354	17.04
481.437	14.5
481.519	21.3
481.601	31.62
481.683	37.68
481.765	26.62
481.847	35.39
481.93	34.41
482.012	19.66
482.094	2.05
482.176	13.6
482.258	6.31
482.34	12.86
482.422	20.4
482.504	32.6
482.586	25.97
482.668	30.23
482.75	8.6
482.833	4.67
482.915	5.24
482.997	7.13
483.079	2.29
483.161	16.63
483.243	20.23
483.325	15.32
483.407	16.14
483.489	27.69
483.571	31.62
483.653	31.13
483.735	39.4
483.816	37.44
483.898	37.93
483.98	33.34
484.062	21.63
484.144	23.59
484.226	34.82
484.308	34.41
484.39	36.86
484.472	46.78
484.554	53.41
484.636	46.12
484.717	43.42
484.799	45.63
484.881	43.09
484.963	25.97
485.045	22.28
485.127	10.16
485.208	7.05
485.29	12.86
485.372	23.18
485.454	32.03
485.536	38.09
485.617	40.39
485.699	39.16
485.781	31.62
485.863	32.11
485.944	41.37
486.026	40.63
486.108	45.87
486.19	49.81
486.271	56.61
486.353	54.39
486.435	46.45
486.516	42.43
486.598	45.87
486.68	36.13
486.761	37.6
486.843	55.95
486.925	34.41
487.006	27.69
487.088	28.84
487.17	28.75
487.251	19.74
487.333	38.58
487.414	41.7
487.496	37.85
487.578	36.62
487.659	31.21
487.741	30.23
487.822	39.81
487.904	40.8
487.985	46.04
488.067	55.46
488.148	59.96
488.23	57.1
488.311	53.49
488.393	42.93
488.474	28.75
488.556	32.69
488.637	24.33
488.719	35.63
488.8	39.32
488.882	41.45
488.963	36.29
489.045	34
489.126	25.72
489.207	25.31
489.289	33.5
489.37	40.14
489.452	42.68
489.533	46.28
489.614	46.69
489.696	48.74
489.777	44.32
489.859	48.17
489.94	42.93
490.021	44.48
490.103	49.89
490.184	47.51
490.265	46.12
490.347	41.78
490.428	35.8
490.509	32.93
490.59	33.75
490.672	33.18
490.753	42.35
490.834	36.37
490.915	29.24
490.997	21.79
491.078	22.2
491.159	20.64
491.24	26.05
491.322	23.02
491.403	31.7
491.484	31.87
491.565	28.26
491.646	31.87
491.728	40.14
491.809	34.16
491.89	33.1
491.971	36.45
492.052	40.63
492.133	35.88
492.214	41.53
492.296	52.43
492.377	57.92
492.458	52.35
492.539	62.5
492.62	64.8
492.701	48.58
492.782	56.85
492.863	67.83
492.944	65.29
493.025	67.34
493.106	82.98
493.187	70.2
493.268	63.81
493.349	58.57
493.43	44.81
493.511	39.65
493.592	37.19
493.673	37.52
493.754	41.29
493.835	55.95
493.916	60.7
493.997	64.96
494.078	57.26
494.159	54.8
494.24	55.3
494.321	42.76
494.402	41.78
494.483	54.89
494.564	57.83
494.644	61.6
494.725	69.47
494.806	69.96
494.887	64.8
494.968	63
495.049	57.59
495.13	67.09
495.21	61.93
495.291	53.98
495.372	44.24
495.453	43.58
495.534	40.55
495.614	49.97
495.695	57.51
495.776	67.17
495.857	71.11
495.938	70.12
496.018	58.65
496.099	52.35
496.18	51.12
496.26	54.48
496.341	50.05
496.422	62.91
496.503	74.87
496.583	70.45
496.664	70.53
496.745	75.77
496.825	64.39
496.906	61.93
496.987	69.88
497.067	57.83
497.148	54.23
497.228	65.45
497.309	69.3
497.39	75.53
497.47	87.57
497.551	81.59
497.632	73.07
497.712	71.6
497.793	55.95
497.873	54.07
497.954	56.69
498.034	58.82
498.115	59.64
498.195	68.98
498.276	74.05
498.356	74.87
498.437	77.25
498.517	71.76
498.598	79.05
498.678	75.77
498.759	81.26
498.839	83.72
498.92	88.96
499	88.23
499.081	91.91
499.161	97.65
499.242	100.1
499.322	105.27
499.402	105.27
499.483	100.19
499.563	93.63
499.644	96.01
499.724	89.7
499.804	87.9
499.885	89.62
499.965	87.24
500.045	89.29
500.126	93.8
500.206	83.48
500.286	81.18
500.367	80.61
500.447	86.01
500.527	91.01
500.608	101.25
500.688	107.97
500.768	114.44
500.848	110.02
500.929	101.09
501.009	105.84
501.089	104.36
501.169	103.63
501.25	110.1
501.33	110.1
501.41	99.37
501.49	100.35
501.57	97.24
501.651	105.1
501.731	120.34
501.811	141.56
501.891	143.85
501.971	155.07
502.051	139.59
502.131	132.95
502.212	119.36
502.292	121.98
502.372	117.8
502.452	117.23
502.532	111.66
502.612	116.08
502.692	110.43
502.772	114.44
502.852	122.96
502.932	131.97
503.012	134.59
503.092	137.13
503.172	139.51
503.252	134.67
503.332	131.89
503.412	126.24
503.492	127.3
503.572	115.26
503.652	123.86
503.732	123.7
503.812	132.63
503.892	135.99
503.972	152.37
504.052	154.09
504.132	161.22
504.212	166.79
504.292	170.31
504.372	171.78
504.452	170.23
504.532	170.31
504.612	176.37
504.691	185.71
504.771	181.45
504.851	190.38
504.931	187.18
505.011	189.89
505.091	183.66
505.17	183.58
505.25	171.46
505.33	179.4
505.41	175.8
505.49	180.06
505.57	190.79
505.649	208.07
505.729	207.83
505.809	194.72
505.889	197.83
505.968	203.65
506.048	205.04
506.128	202.26
506.207	217.58
506.287	221.43
506.367	212.82
506.447	210.94
506.526	221.51
506.606	225.52
506.686	237.65
506.765	238.55
506.845	242.89
506.925	254.69
507.004	247.64
507.084	229.95
507.163	229.86
507.243	227.65
507.323	219.05
507.402	229.13
507.482	239.69
507.561	252.23
507.641	250.67
507.721	254.11
507.8	257.14
507.88	257.8
507.959	263.7
508.039	271.23
508.118	280.82
508.198	283.77
508.277	299.9
508.357	296.46
508.436	289.58
508.516	291.06
508.595	294.74
508.675	285.73
508.754	279.59
508.834	302.61
508.913	296.87
508.993	297.61
509.072	301.22
509.151	306.62
509.231	297.53
509.31	304
509.39	301.95
509.469	302.03
509.548	320.3
509.628	329.64
509.707	343.08
509.786	350.04
509.866	359.3
509.945	354.79
510.025	354.87
510.104	346.6
510.183	354.05
510.262	354.13
510.342	362.65
510.421	364.13
510.5	369.7
510.58	370.03
510.659	369.78
510.738	367
510.817	367.24
510.897	371.26
510.976	381.99
511.055	387.39
511.134	397.14
511.213	412.95
511.293	430.97
511.372	442.53
511.451	448.26
511.53	452.6
511.609	456.78
511.689	456.86
511.768	454.81
511.847	462.02
511.926	472.02
512.005	468.74
512.084	473.16
512.163	477.67
512.242	481.52
512.322	486.02
512.401	497.08
512.48	500.2
512.559	500.03
512.638	512.48
512.717	521.82
512.796	524.61
512.875	517.48
512.954	529.36
513.033	533.37
513.112	524.2
513.191	545.33
513.27	563.93
513.349	565.98
513.428	579.25
513.507	593.91
513.586	593.83
513.665	597.19
513.744	601.04
513.823	597.35
513.902	599.97
513.981	600.38
514.06	606.53
514.138	613.9
514.217	619.8
514.296	626.27
514.375	626.11
514.454	620.29
514.533	628.4
514.612	627.58
514.691	629.05
514.769	636.43
514.848	645.36
514.927	637.98
515.006	644.13
515.085	647.81
515.163	646.91
515.242	640.44
515.321	646.34
515.4	643.14
515.479	640.69
515.557	639.79
515.636	660.67
515.715	665.75
515.794	676.73
515.872	675.01
515.951	686.97
516.03	675.83
516.108	679.93
516.187	672.96
516.266	681.73
516.344	681.81
516.423	693.69
516.502	693.93
516.58	687.38
516.659	689.02
516.738	685.82
516.816	683.86
516.895	688.53
516.974	703.85
517.052	706.71
517.131	706.79
517.209	718.35
517.288	719.16
517.367	728.34
517.445	739.15
517.524	752.92
517.602	759.14
517.681	762.42
517.759	756.19
517.838	769.05
517.916	779.78
517.995	772.25
518.073	787.08
518.152	800.67
518.23	799.04
518.309	810.09
518.387	808.87
518.466	800.67
518.544	811.24
518.623	814.6
518.701	806.24
518.779	822.96
518.858	837.78
518.936	840.08
519.015	837.62
519.093	836.8
519.171	835.08
519.25	831.48
519.328	831.48
519.407	838.11
519.485	845.81
519.563	851.46
519.642	852.28
519.72	856.62
519.798	865.47
519.876	855.81
519.955	866.37
520.033	881.28
520.111	880.22
520.19	876.37
520.268	881.28
520.346	879.07
520.424	872.76
520.503	871.62
520.581	870.55
520.659	886.03
520.737	891.36
520.816	899.22
520.894	904.96
520.972	898.65
521.05	889.23
521.128	884.48
521.206	869.49
521.285	866.95
521.363	871.62
521.441	868.58
521.519	861.21
521.597	865.96
521.675	861.05
521.753	860.15
521.832	854.17
521.91	848.35
521.988	832.21
522.066	826.89
522.144	818.04
522.222	823.04
522.3	811.41
522.378	822.63
522.456	820.01
522.534	820.25
522.612	806.49
522.69	802.56
522.768	795.92
522.846	787.48
522.924	781.5
523.002	787.24
523.08	786.75
523.158	786.17
523.236	795.35
523.314	783.14
523.392	784.45
523.47	783.39
523.548	780.69
523.626	763.97
523.704	766.19
523.781	751.19
523.859	750.87
523.937	739.23
524.015	735.06
524.093	730.88
524.171	728.18
524.249	724.65
524.327	724.74
524.404	720.23
524.482	719.57
524.56	718.84
524.638	711.63
524.716	697.62
524.793	702.37
524.871	697.37
524.949	695
525.027	703.11
525.104	719
525.182	732.68
525.26	735.63
525.338	737.19
525.415	730.8
525.493	717.77
525.571	714.74
525.649	711.96
525.726	710.97
525.804	716.87
525.882	723.59
525.959	709.66
526.037	702.04
526.115	697.21
526.192	688.69
526.27	681.81
526.347	668.7
526.425	662.07
526.503	662.07
526.58	657.4
526.658	666.33
526.736	673.29
526.813	685.17
526.891	683.45
526.968	674.85
527.046	646.67
527.123	650.68
527.201	639.54
527.278	632.9
527.356	633.56
527.433	647.16
527.511	630.69
527.588	629.46
527.666	618.49
527.743	618.81
527.821	610.62
527.898	606.2
527.976	596.61
528.053	594.48
528.131	585.39
528.208	570.89
528.285	577.12
528.363	571.79
528.44	573.84
528.518	569.25
528.595	574.33
528.672	550.58
528.75	552.95
528.827	540.58
528.905	536.81
528.982	519.77
529.059	518.46
529.137	507.81
529.214	494.38
529.291	483.89
529.369	493.72
529.446	493.89
529.523	479.31
529.6	476.77
529.678	474.8
529.755	459.89
529.832	450.47
529.909	456.37
529.987	447.11
530.064	431.63
530.141	426.96
530.218	422.7
530.296	405.74
530.373	398.45
530.45	390.26
530.527	381
530.604	365.52
530.681	359.95
530.759	358.19
530.836	358.39
