198.396	-34.41
198.5	-17.82
198.604	-10.32
198.708	0.82
198.812	-0.25
198.916	10.65
199.02	3.85
199.125	-0.66
199.229	-16.14
199.333	-4.01
199.437	-8.11
199.541	-3.85
199.645	-0.16
199.749	4.75
199.853	7.7
199.957	6.39
200.061	3.77
200.165	2.62
200.269	0.98
200.373	-7.37
200.477	-11.14
200.581	-14.17
200.685	-16.47
200.789	-4.01
200.893	-3.85
200.996	9.58
201.1	14.42
201.204	17.94
201.308	18.68
201.412	27.93
201.516	26.54
201.62	26.21
201.724	33.01
201.828	29.08
201.932	24
202.035	8.93
202.139	7.86
202.243	-5.32
202.347	-6.88
202.451	-6.64
202.555	-2.13
202.659	1.39
202.762	6.23
202.866	9.91
202.97	2.46
203.074	6.23
203.178	0.57
203.281	3.93
203.385	-4.01
203.489	7.21
203.593	6.88
203.697	6.64
203.8	3.69
203.904	8.77
204.008	9.5
204.112	9.01
204.215	8.11
204.319	5.9
204.423	0.9
204.527	0.98
204.63	4.26
204.734	-1.97
204.838	-0.98
204.941	-0.08
205.045	-1.88
205.149	-0.16
205.252	12.12
205.356	14.83
205.46	16.79
205.563	12.04
205.667	-0.66
205.771	-2.62
205.874	-7.45
205.978	4.34
206.082	2.95
206.185	8.85
206.289	6.31
206.392	15.24
206.496	-2.87
206.6	-6.14
206.703	2.05
206.807	-0.49
206.91	-4.83
207.014	-0.16
207.117	10.57
207.221	8.27
207.324	12.53
207.428	22.61
207.531	28.26
207.635	21.22
207.739	19.99
207.842	19.01
207.946	1.88
208.049	1.15
208.153	0.08
208.256	1.8
208.359	-1.31
208.463	-5.57
208.566	-5.98
208.67	-1.15
208.773	2.38
208.877	0.49
208.98	7.86
209.084	4.42
209.187	-5.65
209.29	-6.64
209.394	10.57
209.497	15.65
209.601	25.64
209.704	32.52
209.807	20.48
209.911	9.83
210.014	2.7
210.118	3.19
210.221	0.74
210.324	14.83
210.428	9.26
210.531	20.07
210.634	7.37
210.738	11.3
210.841	7.7
210.944	7.45
211.048	-0.82
211.151	6.88
211.254	4.01
211.357	9.01
211.461	13.27
211.564	19.41
211.667	5.65
211.77	12.45
211.874	0.41
211.977	2.21
212.08	-9.67
212.183	-0.82
212.287	-4.67
212.39	-3.03
212.493	-2.79
212.596	0.74
212.7	5.9
212.803	12.94
212.906	16.96
213.009	22.2
213.112	38.67
213.215	25.15
213.319	20.32
213.422	20.64
213.525	10.73
213.628	-2.38
213.731	9.99
213.834	5.49
213.937	4.51
214.041	6.8
214.144	11.71
214.247	1.64
214.35	3.03
214.453	-7.29
214.556	-2.54
214.659	-5.41
214.762	-1.15
214.865	4.42
214.968	7.86
215.071	1.23
215.174	3.19
215.277	9.01
215.38	-0.74
215.483	7.86
215.586	15.4
215.689	10.4
215.792	4.34
215.895	9.09
215.998	8.19
216.101	8.52
216.204	11.47
216.307	11.8
216.41	15.24
216.513	6.14
216.616	3.28
216.719	1.88
216.822	-0.25
216.925	-6.14
217.028	-0.16
217.131	4.83
217.234	8.52
217.337	16.38
217.44	22.69
217.542	30.97
217.645	19.41
217.748	14.5
217.851	11.22
217.954	3.69
218.057	-13.03
218.16	-6.14
218.263	-4.34
218.365	-2.54
218.468	-0.41
218.571	1.64
218.674	-8.6
218.777	-4.83
218.879	-4.26
218.982	-6.23
219.085	5.49
219.188	21.71
219.291	18.19
219.393	19.82
219.496	23.84
219.599	26.13
219.702	9.5
219.804	16.63
219.907	17.04
220.01	15.15
220.113	9.75
220.215	17.28
220.318	6.55
220.421	-1.31
220.523	3.52
220.626	0.98
220.729	-2.29
220.831	0.49
220.934	4.1
221.037	4.83
221.139	-1.88
221.242	2.62
221.345	-4.51
221.447	-3.6
221.55	-6.14
221.653	3.69
221.755	9.58
221.858	17.28
221.96	17.61
222.063	14.58
222.166	14.34
222.268	17.78
222.371	18.92
222.473	24.66
222.576	25.89
222.679	21.22
222.781	-3.6
222.884	-7.37
222.986	-12.04
223.089	-13.76
223.191	-14.58
223.294	4.51
223.396	10.16
223.499	14.34
223.601	17.2
223.704	15.89
223.806	18.92
223.909	12.62
224.011	5.24
224.114	-4.1
224.216	8.36
224.319	3.69
224.421	1.31
224.523	12.45
224.626	20.64
224.728	14.91
224.831	5.73
224.933	13.68
225.036	11.8
225.138	14.01
225.24	15.4
225.343	28.51
225.445	29.41
225.547	18.27
225.65	19.09
225.752	14.09
225.855	5.08
225.957	5.41
226.059	10.57
226.162	5.32
226.264	0.16
226.366	-3.6
226.469	-13.6
226.571	-15.97
226.673	-20.4
226.775	-16.06
226.878	-8.03
226.98	-6.14
227.082	-8.68
227.185	-3.36
227.287	-10.98
227.389	-13.84
227.491	-11.71
227.594	-3.11
227.696	-6.31
227.798	-4.1
227.9	-2.79
228.002	1.39
228.105	-1.56
228.207	2.79
228.309	14.75
228.411	5.9
228.513	1.23
228.616	9.99
228.718	3.03
228.82	-8.03
228.922	1.31
229.024	2.46
229.126	-7.29
229.228	-4.26
229.331	3.93
229.433	7.78
229.535	14.34
229.637	12.78
229.739	16.47
229.841	12.7
229.943	8.52
230.045	28.67
230.147	39.57
230.249	32.6
230.352	33.1
230.454	35.47
230.556	-0.9
230.658	-13.43
230.76	-7.05
230.862	-11.71
230.964	-9.26
231.066	-5.9
231.168	-9.42
231.27	-2.38
231.372	3.93
231.474	-1.15
231.576	2.95
231.678	10.24
231.78	2.87
231.882	3.93
231.984	-2.7
232.086	5.73
232.187	3.93
232.289	5.24
232.391	7.95
232.493	12.78
232.595	9.17
232.697	9.34
232.799	-0.57
232.901	2.46
233.003	6.72
233.105	12.86
233.207	17.53
233.308	25.48
233.41	18.92
233.512	12.21
233.614	5.98
233.716	1.88
233.818	9.75
233.919	4.67
234.021	7.37
234.123	1.47
234.225	1.39
234.327	-8.93
234.428	7.29
234.53	3.69
234.632	12.62
234.734	14.25
234.836	21.22
234.937	8.85
235.039	10.81
235.141	-1.97
235.243	-7.86
235.344	-15.4
235.446	-16.55
235.548	-13.76
235.649	0.49
235.751	4.26
235.853	13.03
235.955	24.17
236.056	22.36
236.158	18.76
236.26	23.1
236.361	12.29
236.463	4.83
236.565	1.15
236.666	-1.56
236.768	-6.55
236.87	1.31
236.971	5.98
237.073	18.02
237.174	19.25
237.276	14.99
237.378	14.83
237.479	4.51
237.581	-8.03
237.682	-13.19
237.784	-4.83
237.885	-9.09
237.987	-12.53
238.089	-7.54
238.19	-6.8
238.292	-17.28
238.393	-18.6
238.495	-3.77
238.596	-7.37
238.698	-2.38
238.799	4.34
238.901	10.16
239.002	0.08
239.104	9.26
239.205	8.68
239.307	13.19
239.408	15.48
239.51	12.94
239.611	5.57
239.713	5.65
239.814	5.49
239.915	9.42
240.017	19.82
240.118	17.2
240.22	8.6
240.321	7.45
240.422	8.6
240.524	1.97
240.625	11.39
240.727	23.67
240.828	23.92
240.929	9.58
241.031	17.78
241.132	16.3
241.233	3.6
241.335	-3.69
241.436	10.08
241.537	-1.8
241.639	-4.26
241.74	-0.57
241.841	0.74
241.943	-9.42
242.044	-3.19
242.145	-4.92
242.246	2.54
242.348	18.6
242.449	20.15
242.55	8.6
242.652	8.93
242.753	4.42
242.854	-13.52
242.955	-16.71
243.056	2.46
243.158	-5.65
243.259	-3.6
243.36	0.25
243.461	5.16
243.562	1.39
243.664	16.3
243.765	10.81
243.866	16.22
243.967	8.03
244.068	4.92
244.169	-0.33
244.271	1.97
244.372	-6.39
244.473	-3.69
244.574	-4.75
244.675	-11.06
244.776	-7.29
244.877	-1.23
244.978	4.42
245.08	9.91
245.181	10.32
245.282	2.62
245.383	0.16
245.484	-2.21
245.585	-5.98
245.686	-8.03
245.787	-1.23
245.888	-6.06
245.989	-7.86
246.09	-12.12
246.191	-11.8
246.292	-10.08
246.393	-4.75
246.494	-1.47
246.595	-5.57
246.696	9.01
246.797	2.87
246.898	5.08
246.999	4.18
247.1	3.52
247.201	-2.38
247.302	10.65
247.403	13.19
247.504	16.14
247.605	25.97
247.705	24.9
247.806	11.88
247.907	4.92
248.008	9.26
248.109	11.06
248.21	12.12
248.311	7.54
248.412	23.18
248.513	21.14
248.613	19.17
248.714	25.39
248.815	24.74
248.916	6.64
249.017	-2.46
249.118	-5.32
249.218	-14.34
249.319	-4.26
249.42	5.49
249.521	8.6
249.622	7.21
249.722	9.01
249.823	5.57
249.924	7.7
250.025	-1.8
250.125	1.88
250.226	6.06
250.327	7.7
250.428	7.78
250.528	18.1
250.629	10.81
250.73	6.39
250.83	4.67
250.931	-1.39
251.032	3.19
251.133	9.42
251.233	8.44
251.334	5.9
251.435	4.18
251.535	1.31
251.636	-0.57
251.736	3.52
251.837	13.11
251.938	6.8
252.038	9.58
252.139	11.14
252.24	4.1
252.34	-5.41
252.441	-2.62
252.541	-5.82
252.642	2.7
252.743	1.56
252.843	20.32
252.944	23.35
253.044	27.2
253.145	17.86
253.245	22.36
253.346	5.41
253.446	5.49
253.547	-3.52
253.647	-2.79
253.748	-8.44
253.848	-5.41
253.949	-13.43
254.049	-6.8
254.15	-21.46
254.25	-10.98
254.351	-14.01
254.451	-8.68
254.552	-12.62
254.652	3.36
254.753	6.14
254.853	2.54
254.954	-0.9
255.054	2.05
255.154	0.74
255.255	-8.27
255.355	-1.23
255.456	-3.11
255.556	-3.93
255.656	-8.03
255.757	-0.9
255.857	-2.29
255.957	3.28
256.058	6.64
256.158	5
256.258	5.57
256.359	-1.56
256.459	-1.8
256.559	-4.75
256.66	-3.11
256.76	-15.89
256.86	-14.58
256.961	-3.85
257.061	-4.75
257.161	-4.34
257.261	3.93
257.362	6.8
257.462	-1.06
257.562	2.54
257.662	5.9
257.763	0.57
257.863	9.26
257.963	12.12
258.063	-0.98
258.164	-7.95
258.264	-9.58
258.364	-15.56
258.464	-17.28
258.564	-12.37
258.665	-8.11
258.765	-7.62
258.865	-7.95
258.965	-11.8
259.065	-7.13
259.165	2.46
259.265	7.21
259.366	5
259.466	2.95
259.566	1.31
259.666	-4.83
259.766	-5.98
259.866	0.66
259.966	11.96
260.066	14.91
260.166	13.35
260.266	18.02
260.366	2.13
260.467	-3.52
260.567	-3.77
260.667	8.85
260.767	2.62
260.867	14.75
260.967	10.9
261.067	6.55
261.167	-12.62
261.267	-6.72
261.367	2.79
261.467	0.82
261.567	3.36
261.667	14.83
261.767	4.01
261.867	-2.29
261.967	0.98
262.066	-4.34
262.166	-12.04
262.266	-5.24
262.366	-17.69
262.466	-16.47
262.566	-13.84
262.666	-8.27
262.766	-7.62
262.866	0.33
262.966	-2.62
263.066	-0.25
263.165	-6.23
263.265	-14.91
263.365	-13.27
263.465	1.64
263.565	-2.87
263.665	-9.99
263.764	2.7
263.864	-1.8
263.964	-17.53
264.064	-5.9
264.164	12.37
264.263	6.64
264.363	15.89
264.463	25.56
264.563	14.34
264.663	3.52
264.762	4.83
264.862	7.62
264.962	-4.34
265.062	-0.33
265.161	4.83
265.261	4.51
265.361	-2.05
265.46	-1.72
265.56	2.79
265.66	6.47
265.76	3.19
265.859	-1.88
265.959	1.97
266.059	3.93
266.158	8.03
266.258	10.08
266.358	8.68
266.457	6.72
266.557	3.85
266.657	7.21
266.756	16.22
266.856	28.84
266.955	29.16
267.055	22.45
267.155	3.93
267.254	-6.64
267.354	-11.88
267.453	-2.54
267.553	0.33
267.652	6.31
267.752	3.03
267.852	4.01
267.951	-0.41
268.051	-3.85
268.15	-7.13
268.25	4.34
268.349	2.05
268.449	-8.11
268.548	-7.05
268.648	-1.56
268.747	-9.67
268.847	-9.17
268.946	1.47
269.046	9.91
269.145	6.96
269.244	20.07
269.344	11.55
269.443	10.81
269.543	0.9
269.642	-2.46
269.742	-17.53
269.841	-10.98
269.94	-10.9
270.04	-9.09
270.139	-7.7
270.239	-8.27
270.338	-4.18
270.437	-9.99
270.537	-6.23
270.636	3.28
270.735	8.19
270.835	1.39
270.934	-6.31
271.033	-9.01
271.133	-19.74
271.232	-11.55
271.331	-4.83
271.431	9.75
271.53	14.58
271.629	18.27
271.729	11.71
271.828	5.82
271.927	-5.65
272.026	-8.27
272.126	-10.57
272.225	-9.99
272.324	-5.9
272.423	-0.33
272.523	8.77
272.622	9.83
272.721	7.54
272.82	6.96
272.919	14.25
273.019	8.11
273.118	13.03
273.217	16.38
273.316	17.37
273.415	11.63
273.514	8.44
273.614	4.18
273.713	2.7
273.812	2.05
273.911	0.74
274.01	-1.39
274.109	1.47
274.208	10.73
274.307	10.24
274.407	18.76
274.506	21.87
274.605	21.63
274.704	5.08
274.803	12.21
274.902	9.99
275.001	6.96
275.1	2.62
275.199	10.9
275.298	12.29
275.397	19.33
275.496	18.51
275.595	11.96
275.694	8.52
275.793	-6.47
275.892	-24.58
275.991	-22.94
276.09	-9.75
276.189	-1.72
276.288	14.91
276.387	24.74
276.486	28.59
276.585	20.48
276.684	19.09
276.783	9.42
276.882	4.92
276.981	1.31
277.08	8.93
277.178	9.42
277.277	12.86
277.376	18.35
277.475	12.21
277.574	4.01
277.673	-5
277.772	-15.24
277.871	-17.45
277.969	-13.93
278.068	-1.72
278.167	-1.31
278.266	3.93
278.365	4.42
278.464	9.01
278.562	11.3
278.661	12.7
278.76	12.94
278.859	19.82
278.958	20.89
279.056	9.67
279.155	12.29
279.254	12.53
279.353	1.39
279.451	2.29
279.55	-3.93
279.649	-8.6
279.748	-13.84
279.846	-7.78
279.945	-7.29
280.044	-13.35
280.142	-14.66
280.241	-8.77
280.34	-7.7
280.438	-14.83
280.537	-1.88
280.636	3.69
280.734	10.65
280.833	18.35
280.932	19.09
281.03	15.89
281.129	12.37
281.228	3.6
281.326	-9.42
281.425	-4.67
281.523	-0.82
281.622	-0.98
281.721	0.16
281.819	1.97
281.918	5.98
282.016	-3.6
282.115	-10.08
282.213	-12.45
282.312	-14.83
282.41	-29.08
282.509	-19.99
282.607	-5.16
282.706	-4.34
282.805	4.34
282.903	14.25
283.002	12.62
283.1	7.78
283.198	14.5
283.297	7.78
283.395	6.72
283.494	5.9
283.592	5.41
283.691	10.24
283.789	4.34
283.888	2.21
283.986	4.92
284.085	6.72
284.183	4.18
284.281	17.86
284.38	21.46
284.478	27.85
284.576	32.03
284.675	16.14
284.773	7.7
284.872	-2.13
284.97	-8.93
285.068	-11.3
285.167	-4.18
285.265	-5.82
285.363	-3.93
285.462	-0.98
285.56	-11.63
285.658	-6.39
285.757	-5.41
285.855	-0.16
285.953	-2.87
286.051	8.6
286.15	-3.93
286.248	-5.73
286.346	-12.53
286.444	-10.49
286.543	-16.14
286.641	-5.32
286.739	3.52
286.837	12.7
286.936	5.32
287.034	3.44
287.132	2.87
287.23	-3.03
287.328	-6.47
287.427	5.41
287.525	5.41
287.623	9.91
287.721	3.28
287.819	6.47
287.917	4.34
288.016	15.56
288.114	9.09
288.212	17.86
288.31	21.38
288.408	23.43
288.506	5.41
288.604	3.69
288.702	13.52
288.8	22.36
288.899	10.98
288.997	25.97
289.095	30.88
289.193	23.35
289.291	9.75
289.389	19.66
289.487	11.96
289.585	3.93
289.683	6.23
289.781	13.27
289.879	9.42
289.977	18.68
290.075	21.38
290.173	18.43
290.271	13.84
290.369	16.55
290.467	3.85
290.565	9.5
290.663	12.37
290.761	14.91
290.859	4.75
290.957	14.42
291.055	25.72
291.152	15.07
291.25	9.5
291.348	19.33
291.446	17.61
291.544	9.26
291.642	20.56
291.74	20.23
291.838	20.32
291.936	21.87
292.033	17.04
292.131	5.57
292.229	14.25
292.327	10.4
292.425	9.42
292.523	14.01
292.62	22.28
292.718	13.93
292.816	9.99
292.914	9.5
293.012	10.08
293.109	7.21
293.207	12.37
293.305	11.39
293.403	11.06
293.5	2.13
293.598	0.08
293.696	-12.94
293.794	0.49
293.891	2.62
293.989	15.15
294.087	22.36
294.185	27.36
294.282	18.02
294.38	17.78
294.478	7.78
294.575	2.05
294.673	14.25
294.771	11.88
294.868	2.05
294.966	11.8
295.064	18.43
295.161	12.94
295.259	13.76
295.356	23.26
295.454	17.86
295.552	7.54
295.649	4.42
295.747	-1.88
295.844	-4.42
295.942	-9.67
296.04	0.74
296.137	4.42
296.235	15.4
296.332	17.69
296.43	13.93
296.527	15.4
296.625	-3.93
296.722	-11.47
296.82	-7.05
296.917	-5.57
297.015	-8.36
297.112	5.73
297.21	8.52
297.307	1.31
297.405	-1.15
297.502	-7.05
297.6	-8.27
297.697	-2.7
297.795	-2.79
297.892	2.54
297.99	6.64
298.087	13.52
298.184	9.58
298.282	3.85
298.379	-1.88
298.477	-1.23
298.574	-6.64
298.671	-3.6
298.769	0.74
298.866	10.65
298.964	-5.98
299.061	-2.7
299.158	1.23
299.256	-6.96
299.353	-8.36
299.45	7.05
299.548	-2.38
299.645	-9.83
299.742	-4.92
299.839	-5.82
299.937	-11.71
300.034	-3.03
300.131	0.98
300.229	1.97
300.326	-0.25
300.423	-0.41
300.52	1.97
300.618	-7.29
300.715	-0.82
300.812	0.57
300.909	11.22
301.006	7.54
301.104	22.04
301.201	19.58
301.298	19.91
301.395	2.54
301.492	-3.93
301.59	-9.26
301.687	-5.73
301.784	-11.22
301.881	-1.8
301.978	-2.46
302.075	-1.64
302.173	-5
302.27	-2.54
302.367	10.81
302.464	9.5
302.561	6.8
302.658	15.65
302.755	14.99
302.852	2.7
302.949	14.66
303.046	12.7
303.143	-0.98
303.24	0.57
303.338	10.65
303.435	5.08
303.532	12.94
303.629	15.48
303.726	19.66
303.823	9.09
303.92	0.33
304.017	-3.93
304.114	-3.03
304.211	-2.38
304.308	-4.18
304.405	6.39
304.502	5.49
304.599	18.1
304.695	20.48
304.792	18.1
304.889	5.08
304.986	0.66
305.083	-15.81
305.18	-24.25
305.277	-14.5
305.374	1.8
305.471	-3.6
305.568	-2.7
305.665	-4.83
305.761	-11.63
305.858	-8.77
305.955	3.69
306.052	5.9
306.149	14.25
306.246	19.01
306.343	16.63
306.439	9.5
306.536	7.05
306.633	3.6
306.73	8.52
306.827	7.29
306.923	2.13
307.02	9.91
307.117	13.11
307.214	15.32
307.31	8.93
307.407	27.44
307.504	26.54
307.601	17.04
307.697	20.56
307.794	8.77
307.891	-5.82
307.988	-3.93
308.084	8.93
308.181	-2.54
308.278	14.58
308.374	19.99
308.471	22.86
308.568	19.41
308.664	27.52
308.761	26.95
308.858	23.76
308.954	26.87
309.051	26.87
309.147	10.4
309.244	12.21
309.341	20.4
309.437	11.8
309.534	6.88
309.63	6.23
309.727	14.25
309.824	3.69
309.92	7.21
310.017	7.13
310.113	12.53
310.21	3.77
310.306	4.1
310.403	-5.65
310.499	-13.03
310.596	-9.01
310.693	-11.8
310.789	-12.45
310.886	-4.67
310.982	4.83
311.078	1.97
311.175	3.28
311.271	8.03
311.368	9.67
311.464	10.24
311.561	18.84
311.657	25.89
311.754	24.33
311.85	20.23
311.947	10.98
312.043	6.55
312.139	4.59
312.236	3.69
312.332	4.26
312.429	16.96
312.525	9.91
312.621	10.16
312.718	13.93
312.814	10.4
312.91	5.82
313.007	10.98
313.103	1.56
313.199	-1.15
313.296	4.51
313.392	1.88
313.488	-3.36
313.585	-1.72
313.681	6.06
313.777	5.49
313.873	8.52
313.97	6.64
314.066	0.98
314.162	2.87
314.259	-10.57
314.355	-3.44
314.451	1.72
314.547	12.78
314.643	8.93
314.74	20.81
314.836	21.46
314.932	25.64
315.028	16.14
315.124	14.34
315.221	6.64
315.317	1.15
315.413	-10.57
315.509	-5.32
315.605	-12.12
315.701	-0.82
315.798	-2.54
315.894	5.73
315.99	5.08
316.086	6.55
316.182	2.54
316.278	13.11
316.374	14.5
316.47	9.17
316.566	11.55
316.662	16.96
316.759	4.34
316.855	7.54
316.951	17.04
317.047	23.1
317.143	9.01
317.239	8.11
317.335	-6.64
317.431	-12.04
317.527	-27.44
317.623	-22.86
317.719	-14.66
317.815	-3.69
317.911	5.65
318.007	4.51
318.103	6.8
318.199	-8.77
318.295	0.16
318.391	-5.9
318.487	7.05
318.582	11.39
318.678	24.58
318.774	8.19
318.87	10.4
318.966	-4.75
319.062	-12.7
319.158	-19.09
319.254	-17.28
319.35	-23.59
319.446	-15.4
319.541	-6.55
319.637	-11.8
319.733	-4.75
319.829	1.06
319.925	8.93
320.021	-3.85
320.116	9.75
320.212	9.5
320.308	13.84
320.404	8.36
320.5	16.63
320.595	14.42
320.691	15.4
320.787	14.99
320.883	10.24
320.978	12.37
321.074	10.24
321.17	9.91
321.266	-0.08
321.361	16.88
321.457	22.69
321.553	17.78
321.649	14.34
321.744	12.94
321.84	5.41
321.936	-5.73
322.031	-2.95
322.127	-7.29
322.223	5.08
322.318	4.75
322.414	13.19
322.51	18.19
322.605	14.75
322.701	16.79
322.796	14.42
322.892	9.99
322.988	7.54
323.083	17.94
323.179	15.56
323.274	15.73
323.37	15.89
323.466	15.4
323.561	12.53
323.657	-4.01
323.752	-1.23
323.848	-0.57
323.943	-5.98
324.039	-11.06
324.134	-4.1
324.23	2.54
324.325	0.74
324.421	8.52
324.516	25.64
324.612	22.2
324.707	12.86
324.803	15.4
324.898	9.58
324.994	-8.19
325.089	-10.65
325.185	-5.08
325.28	-6.39
325.375	3.44
325.471	5.9
325.566	19.58
325.662	17.53
325.757	19.5
325.853	18.6
325.948	32.19
326.043	19.5
326.139	25.07
326.234	20.97
326.329	11.47
326.425	-0.98
326.52	7.21
326.615	-3.85
326.711	-5.41
326.806	-4.51
326.901	-1.06
326.997	-5
327.092	3.19
327.187	5.08
327.283	6.96
327.378	6.39
327.473	5.08
327.568	-7.95
327.664	-17.37
327.759	-18.68
327.854	-14.75
327.949	-6.88
328.045	-0.33
328.14	19.99
328.235	15.73
328.33	18.35
328.425	17.45
328.521	16.55
328.616	8.52
328.711	13.27
328.806	0.16
328.901	-8.68
328.996	-1.97
329.092	-2.95
329.187	7.21
329.282	1.39
329.377	16.71
329.472	15.32
329.567	24.33
329.662	4.34
329.757	8.85
329.853	2.87
329.948	-0.9
330.043	-15.81
330.138	-0.08
330.233	8.27
330.328	0.33
330.423	3.52
330.518	3.93
330.613	-0.82
330.708	1.15
330.803	3.93
330.898	8.44
330.993	15.48
331.088	20.97
331.183	11.3
331.278	17.94
331.373	10.81
331.468	11.3
331.563	8.93
331.658	11.47
331.753	12.53
331.848	19.66
331.943	17.94
332.038	14.42
332.133	19.58
332.227	12.04
332.322	-4.34
332.417	-0.33
332.512	-3.52
332.607	-7.54
332.702	-4.34
332.797	7.45
332.892	8.77
332.987	9.91
333.081	11.8
333.176	8.77
333.271	5.32
333.366	-8.36
333.461	-5.57
333.556	-2.87
333.65	-6.47
333.745	-13.84
333.84	-18.84
333.935	-18.27
334.029	-25.72
334.124	-16.88
334.219	-3.19
334.314	10.24
334.409	6.06
334.503	9.83
334.598	1.88
334.693	-9.42
334.787	-11.39
334.882	-8.68
334.977	-18.02
335.072	-11.8
335.166	-9.09
335.261	-9.75
335.356	-9.58
335.45	-2.54
335.545	-1.47
335.64	9.83
335.734	27.77
335.829	30.23
335.924	38.91
336.018	37.68
336.113	19.5
336.207	1.15
336.302	-5.32
336.397	-2.13
336.491	0.08
336.586	13.27
336.68	12.37
336.775	12.62
336.869	2.38
336.964	1.15
337.059	-2.87
337.153	1.56
337.248	14.09
337.342	14.42
337.437	11.47
337.531	13.52
337.626	8.44
337.72	6.23
337.815	14.5
337.909	16.14
338.004	9.42
338.098	12.29
338.193	3.52
338.287	1.64
338.381	6.47
338.476	9.83
338.57	15.97
338.665	14.17
338.759	-0.49
338.854	-8.27
338.948	-0.74
339.042	-3.19
339.137	0.49
339.231	26.38
339.326	34.08
339.42	36.78
339.514	41.94
339.609	43.01
339.703	23.18
339.797	13.6
339.892	12.12
339.986	7.37
340.08	0.16
340.175	1.56
340.269	-2.21
340.363	-10.57
340.457	-16.63
340.552	-3.77
340.646	-1.97
340.74	4.51
340.835	6.06
340.929	5.16
341.023	-2.13
341.117	-0.66
341.212	3.6
341.306	-2.13
341.4	-3.52
341.494	1.23
341.588	9.09
341.683	-0.25
341.777	10.65
341.871	19.01
341.965	19.5
342.059	12.78
342.153	22.94
342.248	18.35
342.342	13.84
342.436	9.09
342.53	20.64
342.624	17.2
342.718	15.07
342.812	18.19
342.906	15.24
343.001	5.82
343.095	6.14
343.189	13.6
343.283	6.72
343.377	10.9
343.471	12.62
343.565	12.29
343.659	8.19
343.753	8.03
343.847	7.29
343.941	-0.9
344.035	-2.29
344.129	-3.93
344.223	2.7
344.317	1.15
344.411	4.1
344.505	5.16
344.599	14.09
344.693	18.1
344.787	25.89
344.881	29.65
344.975	34.98
345.069	33.75
345.163	30.97
345.257	23.51
345.351	19.41
345.444	13.6
345.538	-1.56
345.632	-2.13
345.726	-7.78
345.82	-9.67
345.914	-10.08
346.008	-2.54
346.102	-8.6
346.195	0.9
346.289	10.9
346.383	5.98
346.477	2.79
346.571	-0.08
346.665	-4.92
346.758	-11.14
346.852	-5.24
346.946	2.21
347.04	8.93
347.133	14.83
347.227	11.63
347.321	18.84
347.415	8.77
347.509	1.31
347.602	-5.24
347.696	-3.19
347.79	-13.52
347.883	-2.46
347.977	8.44
348.071	7.13
348.165	12.53
348.258	8.77
348.352	-0.74
348.446	-2.95
348.539	-7.54
348.633	-9.34
348.727	-9.99
348.82	-1.47
348.914	-7.7
349.007	-1.72
349.101	-4.75
349.195	2.29
349.288	-1.39
349.382	1.88
349.476	4.75
349.569	-7.78
349.663	-13.76
349.756	-20.89
349.85	-14.99
349.943	-16.96
350.037	-4.26
350.13	7.78
350.224	17.2
350.318	14.75
350.411	22.12
350.505	26.13
350.598	18.92
350.692	13.19
350.785	9.58
350.879	-8.03
350.972	-7.62
351.066	-9.91
351.159	-5.57
351.252	1.15
351.346	17.86
351.439	15.48
351.533	18.1
351.626	13.19
351.72	8.19
351.813	-8.44
351.906	-10.08
352	-10.32
352.093	-9.58
352.187	-5.41
352.28	6.14
352.373	3.11
352.467	10.65
352.56	8.85
352.653	4.92
352.747	8.52
352.84	11.06
352.933	1.23
353.027	4.26
353.12	6.8
353.213	0.74
353.307	0.57
353.4	4.34
353.493	1.8
353.586	1.64
353.68	6.88
353.773	17.37
353.866	15.97
353.96	18.68
354.053	13.35
354.146	13.03
354.239	-4.42
354.332	-13.76
354.426	-17.94
354.519	-19.99
354.612	-17.78
354.705	-7.05
354.798	9.09
354.892	24.17
354.985	34.73
355.078	29.82
355.171	23.76
355.264	8.36
355.357	-2.7
355.45	-5.41
355.544	-8.85
355.637	-6.72
355.73	11.22
355.823	17.94
355.916	18.84
356.009	22.12
356.102	12.21
356.195	2.62
356.288	-0.16
356.381	4.1
356.474	9.83
356.567	27.44
356.66	32.28
356.754	28.59
356.847	27.03
356.94	23.59
357.033	13.93
357.126	12.45
357.219	12.62
357.312	8.11
357.405	7.29
357.497	8.68
357.59	4.59
357.683	5.57
357.776	-0.9
357.869	4.18
357.962	-0.49
358.055	6.64
358.148	10.73
358.241	13.43
358.334	-2.13
358.427	5
358.52	-1.15
358.613	-6.55
358.705	-0.9
358.798	13.68
358.891	7.62
358.984	8.44
359.077	9.58
359.17	11.55
359.263	8.85
359.355	13.6
359.448	16.3
359.541	15.24
359.634	9.75
359.727	6.31
359.819	6.23
359.912	5
360.005	5.41
360.098	-2.38
360.19	7.78
360.283	0.25
360.376	-6.23
360.469	-1.64
360.561	4.67
360.654	-11.22
360.747	3.44
360.84	3.77
360.932	9.17
361.025	12.45
361.118	14.83
361.21	13.68
361.303	23.51
361.396	11.14
361.488	13.03
361.581	24.41
361.674	21.22
361.766	17.86
361.859	19.58
361.951	9.34
362.044	-2.38
362.137	0.82
362.229	0.9
362.322	4.51
362.414	11.47
362.507	22.12
362.6	18.27
362.692	9.91
362.785	2.62
362.877	1.88
362.97	3.28
363.062	1.8
363.155	13.35
363.247	20.81
363.34	21.3
363.432	10.65
363.525	8.36
363.617	8.93
363.71	9.34
363.802	12.29
363.895	20.64
363.987	26.71
364.08	15.24
364.172	10.49
364.265	6.96
364.357	-0.41
364.449	-11.55
364.542	1.97
364.634	3.19
364.727	2.21
364.819	-2.7
364.911	1.39
365.004	-11.06
365.096	-6.96
365.188	-5.49
365.281	9.67
365.373	9.99
365.466	13.84
365.558	19.17
365.65	15.4
365.742	19.99
365.835	21.05
365.927	19.5
366.019	17.28
366.112	28.1
366.204	14.66
366.296	18.84
366.389	14.58
366.481	7.05
366.573	8.03
366.665	17.2
366.758	13.11
366.85	21.63
366.942	30.31
367.034	16.79
367.126	17.61
367.219	21.54
367.311	17.61
367.403	6.88
367.495	10.81
367.587	9.91
367.679	-9.34
367.772	-5.16
367.864	-1.31
367.956	-4.83
368.048	-19.66
368.14	-0.16
368.232	-4.75
368.324	-2.7
368.417	5.65
368.509	12.94
368.601	7.45
368.693	5
368.785	6.72
368.877	3.44
368.969	10.57
369.061	11.3
369.153	15.15
369.245	15.32
369.337	19.25
369.429	8.19
369.521	7.45
369.613	12.45
369.705	12.04
369.797	4.18
369.889	19.17
369.981	14.5
370.073	11.22
370.165	1.64
370.257	4.83
370.349	-16.71
370.441	-4.18
370.533	-8.93
370.625	-7.37
370.717	-5.65
370.809	3.28
370.901	-6.72
370.993	-9.91
371.084	-3.03
371.176	-3.36
371.268	-4.67
371.36	-1.31
371.452	12.12
371.544	9.01
371.636	10.49
371.727	17.37
371.819	11.88
371.911	6.55
372.003	1.88
372.095	-6.8
372.187	-16.3
372.278	-17.86
372.37	-18.35
372.462	-11.88
372.554	-7.37
372.645	-2.87
372.737	13.43
372.829	15.48
372.921	14.17
373.012	18.6
373.104	19.82
373.196	15.48
373.288	11.96
373.379	11.96
373.471	3.69
373.563	8.03
373.654	2.13
373.746	9.01
373.838	6.8
373.929	10.73
374.021	1.47
374.113	2.87
374.204	-2.29
374.296	0.98
374.388	0.08
374.479	9.75
374.571	12.62
374.662	14.66
374.754	8.6
374.846	6.96
374.937	5.16
375.029	-2.54
375.12	-15.4
375.212	-8.85
375.304	-4.01
375.395	-7.78
375.487	-0.98
375.578	3.36
375.67	0.08
375.761	-0.82
375.853	-2.13
375.944	-2.79
376.036	5.08
376.127	3.19
376.219	7.37
376.31	5.82
376.402	6.8
376.493	8.52
376.584	15.32
376.676	-0.74
376.767	1.06
376.859	-7.13
376.95	-15.15
377.042	-14.75
377.133	-5.65
377.224	-4.75
377.316	-1.06
377.407	-3.93
377.499	-3.77
377.59	4.42
377.681	9.26
377.773	12.45
377.864	21.14
377.955	24.74
378.047	24.08
378.138	19.99
378.229	16.38
378.321	18.92
378.412	7.45
378.503	3.11
378.595	3.19
378.686	9.5
378.777	1.8
378.868	9.01
378.96	2.87
379.051	-0.98
379.142	0.82
379.233	5.65
379.325	3.69
379.416	3.28
379.507	3.44
379.598	4.18
379.689	5.65
379.781	1.8
379.872	11.3
379.963	19.33
380.054	5.49
380.145	3.36
380.236	13.52
380.328	12.12
380.419	12.21
380.51	19.58
380.601	23.51
380.692	7.95
380.783	8.44
380.874	2.62
380.965	-0.41
381.056	-6.23
381.148	0.82
381.239	2.29
381.33	0.66
381.421	6.06
381.512	7.7
381.603	10.73
381.694	-5.98
381.785	-4.42
381.876	-10.98
381.967	-9.42
382.058	-13.43
382.149	1.8
382.24	2.79
382.331	7.7
382.422	-0.9
382.513	-4.51
382.604	-6.23
382.695	-5.65
382.786	-6.14
382.877	11.88
382.968	13.6
383.059	25.31
383.149	28.43
383.24	25.15
383.331	11.88
383.422	16.71
383.513	-3.44
383.604	-11.8
383.695	-9.26
383.786	-1.31
383.877	-10.57
383.967	-4.92
384.058	1.72
384.149	14.5
384.24	8.68
384.331	18.84
384.421	34.49
384.512	32.69
384.603	24
384.694	22.12
384.785	16.96
384.875	3.69
384.966	3.36
385.057	2.54
385.148	2.38
385.238	-7.21
385.329	-9.99
385.42	-6.96
385.511	-13.68
385.601	-12.7
385.692	0.08
385.783	-0.41
385.873	-10.4
385.964	1.39
386.055	2.62
386.146	2.46
386.236	3.52
386.327	17.2
386.417	3.28
386.508	-2.29
386.599	-2.38
386.689	3.36
386.78	-2.38
386.871	4.83
386.961	10.24
387.052	12.53
387.142	7.7
387.233	9.67
387.324	16.3
387.414	10.81
387.505	10.73
387.595	14.91
387.686	20.81
387.776	25.72
387.867	30.39
387.957	21.46
388.048	23.26
388.138	11.8
388.229	-0.41
388.319	0.16
388.41	6.72
388.5	-1.56
388.591	0.57
388.681	-0.49
388.772	8.19
388.862	1.8
388.953	7.45
389.043	8.85
389.134	12.45
389.224	5.08
389.314	19.25
389.405	22.69
389.495	26.87
389.586	27.12
389.676	26.71
389.766	20.07
389.857	16.55
389.947	17.12
390.037	21.54
390.128	26.62
390.218	23.02
390.308	26.95
390.399	26.13
390.489	10.65
390.579	6.23
390.67	4.59
390.76	-0.66
390.85	-4.26
390.94	-1.23
391.031	1.8
391.121	3.6
391.211	3.6
391.301	10.4
391.392	14.09
391.482	4.42
391.572	9.42
391.662	4.67
391.753	-5.16
391.843	-11.06
391.933	-7.95
392.023	-21.14
392.113	-15.4
392.204	-7.05
392.294	7.37
392.384	4.42
392.474	24.49
392.564	17.04
392.654	5.32
392.744	-2.46
392.835	2.95
392.925	-0.49
393.015	7.37
393.105	16.96
393.195	18.35
393.285	18.68
393.375	16.22
393.465	10.65
393.555	-0.74
393.645	0.41
393.735	-1.64
393.825	-12.78
393.915	-14.66
394.005	0.08
394.095	-3.93
394.185	-4.01
394.275	4.01
394.365	-0.9
394.455	-6.64
394.545	3.28
394.635	6.55
394.725	8.93
394.815	23.35
394.905	20.81
394.995	3.69
395.085	0.41
395.175	-4.26
395.265	-6.96
395.355	-9.09
395.445	-3.69
395.535	-5.73
395.625	-2.29
395.714	-5.9
395.804	5.73
395.894	3.03
395.984	9.99
396.074	4.42
396.164	7.13
396.254	-7.78
396.343	0.57
396.433	-4.18
396.523	-5.16
396.613	-11.88
396.703	-4.92
396.792	-17.37
396.882	-17.61
396.972	-17.12
397.062	-3.52
397.151	3.11
397.241	3.52
397.331	8.77
397.421	13.6
397.51	12.29
397.6	9.17
397.69	17.2
397.78	20.64
397.869	11.55
397.959	3.11
398.049	5.65
398.138	24.66
398.228	21.95
398.318	30.97
398.407	35.39
398.497	35.31
398.587	17.2
398.676	13.19
398.766	16.47
398.856	8.11
398.945	-7.29
399.035	-6.64
399.124	-2.13
399.214	-7.37
399.303	-1.72
399.393	2.7
399.483	1.47
399.572	4.01
399.662	10.32
399.751	3.11
399.841	-5.98
399.93	-7.37
400.02	-22.69
400.109	-24.99
400.199	-17.2
400.288	-2.87
400.378	-4.34
400.467	4.75
400.557	-3.44
400.646	7.45
400.736	4.42
400.825	14.09
400.915	9.5
401.004	14.17
401.094	7.05
401.183	11.63
401.272	-3.6
401.362	-4.59
401.451	3.11
401.541	10.57
401.63	6.14
401.719	21.46
401.809	17.04
401.898	-0.08
401.987	-4.51
402.077	-5
402.166	-14.09
402.255	-4.26
402.345	10.49
402.434	2.46
402.523	10.9
402.613	13.84
402.702	13.35
402.791	8.03
402.881	9.17
402.97	2.7
403.059	3.28
403.148	2.29
403.238	1.39
403.327	-0.9
403.416	-10.4
403.505	-2.62
403.594	-0
403.684	2.79
403.773	3.52
403.862	20.07
403.951	3.69
404.04	2.79
404.13	-7.78
404.219	-9.58
404.308	-10.65
404.397	-3.85
404.486	-10.4
404.575	-0.25
404.665	-5.49
404.754	-18.6
404.843	-23.18
404.932	-19.82
405.021	-20.89
405.11	-14.09
405.199	-10.9
405.288	-1.8
405.377	-5.73
405.466	-4.18
405.555	-5.65
405.644	-1.39
405.733	-2.46
405.823	3.85
405.912	7.37
406.001	9.91
406.09	19.09
406.179	16.14
406.268	20.81
406.357	22.04
406.446	19.5
406.534	5.41
406.623	14.66
406.712	17.37
406.801	13.52
406.89	17.53
406.979	14.75
407.068	9.01
407.157	0.25
407.246	-6.64
407.335	1.88
407.424	12.29
407.513	8.19
407.602	5.16
407.69	11.63
407.779	5.9
407.868	2.29
407.957	14.75
408.046	14.83
408.135	2.95
408.223	0.41
408.312	2.7
408.401	-1.47
408.49	2.62
408.579	14.01
408.668	0.9
408.756	-7.37
408.845	-19.33
408.934	-22.77
409.023	-36.62
409.111	-25.72
409.2	-20.15
409.289	-21.79
409.378	-15.07
409.466	-1.56
409.555	0.25
409.644	1.56
409.732	14.58
409.821	14.83
409.91	22.77
409.998	20.89
410.087	9.99
410.176	2.21
410.264	-4.92
410.353	-2.38
410.442	-1.15
410.53	6.64
410.619	8.68
410.708	13.6
410.796	0.33
410.885	-1.56
410.973	6.39
411.062	6.55
411.151	4.92
411.239	0.9
411.328	10.4
411.416	8.77
411.505	0.41
411.593	7.86
411.682	17.53
411.77	2.46
411.859	-2.21
411.947	18.68
412.036	22.45
412.124	17.53
412.213	25.23
412.301	25.89
412.39	15.97
412.478	10.24
412.567	10.4
412.655	-0.41
412.744	1.23
412.832	2.7
412.92	-4.01
413.009	-0.08
413.097	11.22
413.186	12.04
413.274	10.57
413.363	6.96
413.451	7.21
413.539	3.52
413.628	-10.81
413.716	-23.35
413.804	-22.69
413.893	-25.64
413.981	-28.92
414.069	-15.4
414.158	-7.13
414.246	-0.66
414.334	4.42
414.423	9.99
414.511	5.24
414.599	2.87
414.687	2.95
414.776	3.52
414.864	1.97
414.952	2.13
415.04	12.53
415.129	19.5
415.217	14.25
415.305	15.48
415.393	25.23
415.482	25.31
415.57	20.97
415.658	21.14
415.746	24.74
415.834	11.8
415.922	7.29
416.011	6.72
416.099	2.7
416.187	-3.93
416.275	-1.64
416.363	-4.59
416.451	-5.57
416.539	-13.43
416.628	-15.32
416.716	-21.54
416.804	-26.46
416.892	-24.82
416.98	-21.63
417.068	-9.99
417.156	3.36
417.244	5.41
417.332	-1.39
417.42	0.66
417.508	-12.21
417.596	-13.27
417.684	-5
417.772	3.77
417.86	13.76
417.948	19.82
418.036	17.78
418.124	7.37
418.212	-0.98
418.3	0.16
418.388	8.11
418.476	5.24
418.564	11.71
418.652	16.38
418.74	14.17
418.828	7.78
418.916	9.34
419.004	23.18
419.091	32.36
419.179	24.99
419.267	23.76
419.355	16.55
419.443	8.03
419.531	-9.91
419.619	-17.28
419.706	-16.06
419.794	-2.95
419.882	-6.47
419.97	-5.98
420.058	5.16
420.146	0.16
420.233	-2.13
420.321	-4.1
420.409	1.31
420.497	3.93
420.584	3.93
420.672	3.52
420.76	3.44
420.848	-7.95
420.935	-7.21
421.023	-3.52
421.111	-2.87
421.199	-3.28
421.286	-0.41
421.374	-6.8
421.462	-6.06
421.549	-9.67
421.637	-7.7
421.725	-1.97
421.812	1.56
421.9	-0.82
421.988	-0.9
422.075	4.59
422.163	5.16
422.25	2.95
422.338	13.6
422.426	14.99
422.513	-1.97
422.601	-4.26
422.688	-3.19
422.776	-17.61
422.864	-15.32
422.951	-8.36
423.039	-0.82
423.126	6.72
423.214	6.64
423.301	11.06
423.389	14.66
423.476	7.05
423.564	9.09
423.651	12.21
423.739	5.24
423.826	12.86
423.914	21.54
424.001	10.4
424.089	2.46
424.176	3.85
424.264	-1.06
424.351	-2.38
424.438	16.88
424.526	33.83
424.613	34.98
424.701	26.54
424.788	24.17
424.876	3.69
424.963	-10.16
425.05	-17.45
425.138	-15.4
425.225	-15.24
425.312	-7.86
425.4	-0
425.487	14.01
425.574	25.23
425.662	29.65
425.749	28.43
425.836	29.08
425.924	18.1
426.011	17.69
426.098	10.98
426.185	5.73
426.273	-0.25
426.36	4.83
426.447	2.46
426.534	7.45
426.622	2.29
426.709	19.58
426.796	10.73
426.883	0.25
426.971	-6.72
427.058	-6.8
427.145	-7.37
427.232	-0.49
427.319	-0.25
427.406	-1.15
427.494	12.62
427.581	1.15
427.668	2.87
427.755	6.72
427.842	25.56
427.929	22.77
428.016	21.71
428.104	19.58
428.191	27.36
428.278	17.86
428.365	12.12
428.452	29.98
428.539	34.57
428.626	26.38
428.713	21.87
428.8	35.55
428.887	26.38
428.974	31.54
429.061	40.88
429.148	45.79
429.235	35.47
429.322	37.6
429.409	37.27
429.496	36.95
429.583	30.8
429.67	28.51
429.757	18.51
429.844	7.21
429.931	-4.26
430.018	2.38
430.105	7.7
430.192	8.11
430.279	19.01
430.366	28.18
430.453	19.33
430.539	12.37
430.626	15.56
430.713	11.14
430.8	11.88
430.887	17.04
430.974	24.9
431.061	26.21
431.147	29.49
431.234	18.43
431.321	25.89
431.408	21.46
431.495	20.89
431.582	11.63
431.668	18.02
431.755	12.12
431.842	14.01
431.929	18.6
432.015	22.12
432.102	34.16
432.189	30.39
432.276	28.02
432.362	21.71
432.449	23.43
432.536	19.82
432.623	23.92
432.709	26.87
432.796	28.34
432.883	29.24
432.969	26.79
433.056	23.26
433.143	23.67
433.229	31.13
433.316	36.04
433.403	30.64
433.489	35.14
433.576	40.71
433.662	38.26
433.749	35.23
433.836	42.84
433.922	42.35
434.009	43.25
434.095	43.25
434.182	49.97
434.268	48.66
434.355	51.61
434.442	59.39
434.528	67.99
434.615	70.04
434.701	69.88
434.788	69.06
434.874	63.16
434.961	60.21
435.047	60.78
435.134	63.57
435.22	68.65
435.307	61.52
435.393	58.33
435.48	48.74
435.566	50.87
435.652	57.02
435.739	66.93
435.825	67.91
435.912	68.73
435.998	59.31
436.084	51.04
436.171	52.76
436.257	52.43
436.344	55.38
436.43	68.89
436.516	76.51
436.603	72.01
436.689	79.38
436.775	84.21
436.862	81.43
436.948	83.64
437.034	86.92
437.121	81.75
437.207	83.97
437.293	93.14
437.38	87.65
437.466	97.81
437.552	110.75
437.638	117.64
437.725	114.6
437.811	124.43
437.897	125.58
437.983	121.49
438.07	116.65
438.156	117.88
438.242	116.08
438.328	121.73
438.414	117.47
438.501	116.24
438.587	117.8
438.673	137.13
438.759	131.32
438.845	136.97
438.931	148.85
439.017	148.11
439.104	127.47
439.19	129.35
439.276	134.43
439.362	134.92
439.448	137.62
439.534	147.13
439.62	143.52
439.706	154.09
439.792	151.39
439.878	162.53
439.964	162.77
440.05	178.42
440.137	169.65
440.223	170.88
440.309	167.36
440.395	179.57
440.481	167.52
440.567	173.91
440.653	184.89
440.739	185.87
440.825	181.12
440.911	193
440.996	190.46
441.082	191.2
441.168	192.51
441.254	194.15
441.34	196.69
441.426	197.92
441.512	196.69
441.598	196.69
441.684	200.7
441.77	205.7
441.856	206.19
441.941	214.79
442.027	227.16
442.113	233.14
442.199	236.58
442.285	243.95
442.371	253.05
442.457	252.72
442.542	261.98
442.628	246.08
442.714	257.31
442.8	248.46
442.886	260.17
442.971	258.21
443.057	289.66
443.143	288.44
443.229	284.67
443.314	280.82
443.4	290.73
443.486	278.61
443.572	287.7
443.657	297.12
443.743	302.69
443.829	301.3
443.914	317.6
444	314.49
444.086	331.12
444.171	328.74
444.257	319.32
444.343	321.29
444.428	336.36
444.514	342.42
444.6	353.81
444.685	359.38
444.771	354.71
444.857	353.07
444.942	350.04
445.028	354.38
445.113	370.44
445.199	367.98
445.285	372.57
445.37	378.46
445.456	381.91
445.541	385.84
445.627	400.99
445.712	407.96
445.798	411.48
445.883	413.12
445.969	409.18
446.054	410.41
446.14	405.91
446.225	403.7
446.311	413.44
446.396	425.4
446.482	421.23
446.567	434.42
446.653	453.09
446.738	460.96
446.823	456.94
446.909	476.11
446.994	489.79
447.08	489.3
447.165	490.61
447.251	513.71
447.336	526.82
447.421	515.35
447.507	523.38
447.592	526.41
447.677	520.51
447.763	515.6
447.848	516.99
447.933	517.97
448.019	531.57
448.104	542.38
448.189	549.92
448.275	564.5
448.36	568.19
448.445	567.37
448.53	578.1
448.616	588.91
448.701	595.22
448.786	602.43
448.872	614.06
448.957	610.38
449.042	621.03
449.127	615.62
449.212	624.47
449.298	630.28
449.383	637.9
449.468	639.38
449.553	665.18
449.638	661
449.724	656.25
449.809	661.49
449.894	669.36
449.979	658.22
450.064	667.39
450.149	680.17
450.234	701.47
450.319	701.47
450.405	716.54
450.49	724.24
450.575	739.73
450.66	731.04
450.745	730.55
450.83	736.53
450.915	734.24
451	717.36
451.085	731.37
451.17	733.99
451.255	736.12
451.34	747.26
451.425	766.43
451.51	775.52
451.595	790.76
451.68	805.02
451.765	814.76
451.85	832.7
451.935	831.64
452.02	823.69
452.105	835.82
452.19	848.68
452.275	831.88
452.36	825.99
452.445	835.33
452.53	837.46
452.615	836.72
452.699	858.18
452.784	872.6
452.869	885.13
452.954	883.08
453.039	888.98
453.124	879.4
453.209	876.78
453.293	872.76
453.378	871.12
453.463	867.6
453.548	883.58
453.633	887.43
453.718	911.43
453.802	916.59
453.887	925.19
453.972	921.75
454.057	924.13
454.141	909.38
454.226	911.59
454.311	920.77
454.396	918.88
454.48	926.91
454.565	927.16
454.65	929.94
454.735	931.09
454.819	934.61
454.904	933.3
454.989	934.94
455.073	936.09
455.158	930.6
455.243	941.82
455.327	951.57
455.412	950.42
455.497	957.47
455.581	956.07
455.666	960.58
455.75	946.73
455.835	938.87
455.92	943.87
456.004	950.09
456.089	936.9
456.173	941
456.258	945.83
456.343	923.96
456.427	927.32
456.512	933.38
456.596	940.59
456.681	958.04
456.765	965.82
456.85	959.84
456.934	962.14
457.019	944.11
457.103	945.26
457.188	949.44
457.272	948.37
457.357	946.57
457.441	953.62
457.526	937.72
457.61	944.93
457.694	947.47
457.779	948.29
457.863	941.33
457.948	949.44
458.032	936.58
458.116	927.32
458.201	918.23
458.285	926.5
458.37	913.97
458.454	907.17
458.538	906.27
458.623	914.38
458.707	902.34
458.791	905.28
458.876	906.35
458.96	911.1
459.044	898.4
459.129	897.58
459.213	899.39
459.297	900.45
459.381	885.71
459.466	875.55
459.55	882.02
459.634	865.23
459.718	855.64
459.803	849.99
459.887	845.4
459.971	828.28
460.055	836.96
460.14	842.29
460.224	846.06
460.308	846.3
460.392	840.65
460.476	828.44
460.56	816.65
460.645	831.72
460.729	811.9
460.813	808.7
460.897	808.05
460.981	806.57
461.065	782.24
461.149	789.12
461.233	782.98
461.318	790.11
461.402	787.98
461.486	773.72
461.57	778.15
461.654	780.19
461.738	769.54
461.822	764.79
461.906	773.23
461.99	760.94
462.074	755.37
462.158	738.42
462.242	721.54
462.326	710.48
462.41	709.09
462.494	716.46
462.578	712.94
462.662	710.4
462.746	701.8
462.83	691.15
462.914	679.6
462.998	679.6
463.082	679.43
463.166	680.09
463.25	678.21
463.334	667.31
463.417	656.82
463.501	651.42
463.585	651.99
463.669	658.87
463.753	660.1
463.837	664.93
463.921	665.67
464.004	676.32
464.088	660.51
464.172	657.15
464.256	654.2
464.34	640.52
464.424	611.52
464.507	619.22
464.591	612.18
464.675	614.72
464.759	603
464.842	597.27
464.926	582.61
465.01	569.66
465.094	554.26
465.177	560.73
465.261	552.95
465.345	545.01
465.429	545.09
465.512	536.9
465.596	534.44
465.68	534.85
465.763	541.32
465.847	541.73
465.931	536.4
466.014	537.31
466.098	527.88
466.182	510.6
466.265	507.08
466.349	506.18
466.433	497.98
466.516	501.92
466.6	493.56
466.683	490.78
466.767	486.6
466.851	480.13
466.934	474.8
467.018	477.83
467.101	471.69
467.185	460.79
467.268	459.48
467.352	456.37
467.435	455.63
467.519	450.06
467.602	450.39
467.686	435.23
467.769	421.64
467.853	418.6
467.936	412.95
468.02	417.7
468.103	418.6
468.187	430.97
468.27	409.18
468.354	410.41
468.437	402.38
468.52	402.71
468.604	395.09
468.687	417.54
468.771	409.92
468.854	412.79
468.937	408.36
469.021	394.6
469.104	375.27
469.187	369.29
469.271	359.79
469.354	360.77
469.437	375.19
469.521	370.93
469.604	374.94
469.687	372.57
469.771	363.06
469.854	356.1
469.937	351.51
470.021	356.51
470.104	356.76
470.187	360.11
470.27	349.14
470.354	363.23
470.437	344.47
470.52	333.08
470.603	327.02
470.686	329.72
470.77	318.83
470.853	320.06
470.936	325.22
471.019	322.43
471.102	320.88
471.186	319.24
471.269	319.32
471.352	321.45
471.435	319.07
471.518	313.09
471.601	316.45
471.684	317.35
471.768	321.94
471.851	318.99
471.934	322.68
472.017	313.83
472.1	313.09
472.183	295.73
472.266	305.56
472.349	300.72
472.432	309.98
472.515	304.49
472.598	304.74
472.681	293.68
472.764	290.81
472.847	281.39
472.93	280.9
473.013	282.54
473.096	283.93
473.179	290.57
473.262	296.22
473.345	294.17
473.428	295.97
473.511	294.42
473.594	291.14
473.677	285.57
473.76	286.14
473.843	285.65
473.926	287.86
474.009	285.08
474.091	294.5
474.174	301.38
474.257	302.2
474.34	295.48
474.423	285.32
474.506	277.62
474.589	270.09
474.671	263.61
474.754	260.01
474.837	260.26
474.92	250.92
475.003	246.74
475.085	240.76
475.168	245.51
475.251	245.51
475.334	251.65
475.417	247.23
475.499	245.51
475.582	240.76
475.665	244.86
475.748	236.75
475.83	240.68
475.913	246.33
475.996	249.85
476.078	248.54
476.161	244.69
476.244	242.64
476.326	236.01
476.409	237.81
476.492	233.06
476.574	242.48
476.657	246.17
476.74	243.71
476.822	244.28
476.905	253.21
476.988	239.86
477.07	239.69
477.153	246.82
477.235	239.45
477.318	235.76
477.4	244.94
477.483	241.41
477.566	241.41
477.648	248.71
477.731	252.39
477.813	252.39
477.896	250.02
477.978	243.95
478.061	228.55
478.143	221.02
478.226	217
478.308	214.95
478.391	218.31
478.473	222.49
478.556	225.03
478.638	221.34
478.72	236.66
478.803	224.95
478.885	224.7
478.968	220.2
479.05	223.06
479.133	205.94
479.215	216.35
479.297	216.43
479.38	221.34
479.462	229.21
479.544	232.08
479.627	223.64
479.709	219.71
479.792	203.24
479.874	185.38
479.956	175.14
480.039	178.17
480.121	182.84
480.203	192.43
480.285	198.33
480.368	205.37
480.45	203.81
480.532	198.9
480.615	200.29
480.697	201.36
480.779	193.16
480.861	187.35
480.943	188.5
481.026	181.29
481.108	171.7
481.19	179.16
481.272	179.73
481.354	182.92
481.437	188.17
481.519	192.18
481.601	194.23
481.683	194.48
481.765	190.05
481.847	191.69
481.93	191.44
482.012	190.3
482.094	196.11
482.176	195.38
482.258	188.99
482.34	197.42
482.422	195.29
482.504	204.06
482.586	203.98
482.668	202.26
482.75	197.83
482.833	195.29
482.915	187.68
482.997	188.9
483.079	190.05
483.161	186.53
483.243	194.39
483.325	191.53
483.407	185.46
483.489	188.58
483.571	186.61
483.653	184.89
483.735	180.88
483.816	181.78
483.898	179.48
483.98	185.14
484.062	161.38
484.144	163.59
484.226	168.92
484.308	172.6
484.39	169.08
484.472	179.89
484.554	187.1
484.636	177.19
484.717	175.88
484.799	174.24
484.881	175.31
484.963	177.35
485.045	190.54
485.127	187.84
485.208	193.98
485.29	191.61
485.372	180.47
485.454	173.42
485.536	171.13
485.617	166.3
485.699	165.64
485.781	170.47
485.863	168.59
485.944	167.93
486.026	166.13
486.108	173.09
486.19	166.54
486.271	161.3
486.353	160.89
486.435	160.31
486.516	150.73
486.598	150.16
486.68	159.09
486.761	152.21
486.843	150.4
486.925	165.31
487.006	168.59
487.088	152.78
487.17	158.1
487.251	156.22
487.333	154.91
487.414	155.48
487.496	172.03
487.578	172.6
487.659	170.96
487.741	158.35
487.822	146.55
487.904	139.67
487.985	142.05
488.067	144.18
488.148	155.07
488.23	161.22
488.311	158.92
488.393	158.68
488.474	158.1
488.556	152.29
488.637	145.73
488.719	141.97
488.8	130.99
488.882	127.3
488.963	125.34
489.045	132.71
489.126	133.61
489.207	144.1
489.289	149.01
489.37	147.37
489.452	137.87
489.533	139.92
489.614	135.99
489.696	133.28
489.777	138.61
489.859	144.83
489.94	145
490.021	153.84
490.103	148.52
490.184	144.18
490.265	142.62
490.347	151.39
490.428	132.71
490.509	135.82
490.59	132.95
490.672	127.38
490.753	111.66
490.834	110.02
490.915	108.05
490.997	102.56
491.078	105.1
491.159	113.62
491.24	114.52
491.322	118.86
491.403	122.96
491.484	127.3
491.565	118.37
491.646	120.34
491.728	112.31
491.809	110.1
491.89	105.02
491.971	105.27
492.052	105.84
492.133	110.02
492.214	113.21
492.296	111.9
492.377	108.95
492.458	119.11
492.539	106.9
492.62	100.92
492.701	105.27
492.782	108.87
492.863	93.31
492.944	98.96
493.025	113.54
493.106	100.76
493.187	100.19
493.268	96.83
493.349	108.71
493.43	89.95
493.511	91.42
493.592	85.93
493.673	86.42
493.754	72.5
493.835	73.32
493.916	80.12
493.997	82.57
494.078	89.05
494.159	96.91
494.24	98.47
494.321	92.9
494.402	99.53
494.483	99.37
494.564	93.47
494.644	96.01
494.725	101.91
494.806	95.19
494.887	94.78
494.968	101.66
495.049	92.16
495.13	85.11
495.21	79.05
495.291	77.41
495.372	70.94
495.453	77.17
495.534	72.25
495.614	79.71
495.695	76.43
495.776	65.53
495.857	54.64
495.938	60.46
496.018	58.16
496.099	63.24
496.18	69.88
496.26	85.11
496.341	91.09
496.422	90.6
496.503	83.23
496.583	81.75
496.664	70.12
496.745	67.66
496.825	67.09
496.906	71.19
496.987	71.27
497.067	72.66
497.148	71.11
497.228	76.35
497.309	80.53
497.39	78.97
497.47	85.2
497.551	76.27
497.632	68.65
497.712	66.68
497.793	67.42
497.873	61.44
497.954	69.39
498.034	67.91
498.115	57.67
498.195	57.1
498.276	57.83
498.356	52.18
498.437	54.07
498.517	63.16
498.598	80.2
498.678	76.51
498.759	81.84
498.839	72.58
498.92	70.29
499	62.09
499.081	58.98
499.161	51.44
499.242	62.75
499.322	61.03
499.402	43.09
499.483	59.23
499.563	60.13
499.644	45.46
499.724	45.38
499.804	54.07
499.885	41.86
499.965	50.79
500.045	64.72
500.126	68.48
500.206	67.99
500.286	76.1
500.367	67.17
500.447	58.41
500.527	56.93
500.608	53
500.688	51.69
500.768	45.63
500.848	55.87
500.929	55.38
501.009	63.98
501.089	60.7
501.169	62.01
501.25	52.59
501.33	46.12
501.41	42.68
501.49	37.44
501.57	35.55
501.651	40.71
501.731	34.82
501.811	34.73
501.891	38.83
501.971	40.96
502.051	38.26
502.131	35.88
502.212	46.78
502.292	46.69
502.372	56.61
502.452	51.94
502.532	57.18
502.612	45.96
502.692	40.14
502.772	37.03
502.852	48.91
502.932	54.23
503.012	46.61
503.092	46.53
503.172	40.71
503.252	33.01
503.332	28.26
503.412	47.84
503.492	53.82
503.572	45.22
503.652	37.85
503.732	45.22
503.812	28.51
503.892	18.02
503.972	25.97
504.052	32.52
504.132	24.49
504.212	32.6
504.292	43.58
504.372	45.79
504.452	44.24
504.532	53.82
504.612	49.81
504.691	37.68
504.771	32.36
504.851	32.11
504.931	24
505.011	27.12
505.091	40.39
505.17	45.14
505.25	46.04
505.33	41.86
505.41	33.1
505.49	26.87
505.57	23.26
505.649	24.82
505.729	34.16
505.809	44.81
505.889	45.55
505.968	60.46
506.048	55.87
506.128	52.1
506.207	37.52
506.287	43.42
506.367	31.46
506.447	29.33
506.526	24.66
506.606	28.59
506.686	18.1
506.765	19.41
506.845	21.38
506.925	22.61
507.004	26.87
507.084	32.19
507.163	24.9
507.243	36.21
507.323	29.49
507.402	24.33
507.482	24.58
507.561	19.09
507.641	10.16
507.721	13.11
507.8	12.37
507.88	2.87
507.959	11.06
508.039	16.38
508.118	27.52
508.198	28.59
508.277	37.03
508.357	42.76
508.436	26.54
508.516	17.45
508.595	17.2
508.675	7.54
508.754	11.63
508.834	24.08
508.913	25.31
508.993	31.78
509.072	41.29
509.151	37.44
509.231	36.04
509.31	31.05
509.39	18.92
509.469	24
509.548	26.05
509.628	29.49
509.707	32.6
509.786	27.61
509.866	20.89
509.945	16.38
510.025	9.67
510.104	11.55
510.183	24.58
510.262	31.87
510.342	36.7
510.421	33.34
510.5	36.29
510.58	30.64
510.659	23.92
510.738	13.68
510.817	16.88
510.897	14.09
510.976	11.8
511.055	6.8
511.134	3.52
511.213	3.85
511.293	6.23
511.372	16.63
511.451	16.63
511.53	30.97
511.609	35.8
511.689	40.14
511.768	36.37
511.847	39.89
511.926	27.52
512.005	22.45
512.084	15.48
512.163	9.01
512.242	12.29
512.322	17.86
512.401	18.92
512.48	14.01
512.559	19.66
512.638	25.56
512.717	24.17
512.796	24.58
512.875	31.21
512.954	42.02
513.033	29.08
513.112	29.08
513.191	30.15
513.27	30.8
513.349	16.22
513.428	8.36
513.507	9.75
513.586	10.81
513.665	7.05
513.744	4.75
513.823	18.92
513.902	16.71
513.981	13.35
514.06	16.96
514.138	15.97
514.217	8.44
514.296	12.62
514.375	6.06
514.454	7.37
514.533	11.47
514.612	13.84
514.691	5.24
514.769	8.36
514.848	-5
514.927	-5.49
515.006	4.26
515.085	9.58
515.163	4.18
515.242	18.27
515.321	21.63
515.4	16.96
515.479	22.94
515.557	27.77
515.636	19.58
515.715	21.05
515.794	14.91
515.872	1.88
515.951	1.97
516.03	9.34
516.108	4.83
516.187	4.34
516.266	18.68
516.344	21.46
516.423	8.68
516.502	8.77
516.58	20.97
516.659	14.34
516.738	16.55
516.816	25.15
516.895	31.29
516.974	22.86
517.052	28.92
517.131	30.23
517.209	32.44
517.288	28.02
517.367	38.67
517.445	39.57
517.524	39.32
517.602	32.69
517.681	45.22
517.759	34.24
517.838	27.03
517.916	34
517.995	34.16
518.073	20.73
518.152	14.99
518.23	6.72
518.309	4.01
518.387	11.39
518.466	4.01
518.544	6.96
518.623	14.01
518.701	13.35
518.779	11.22
518.858	17.69
518.936	20.07
519.015	21.63
519.093	12.45
519.171	5.32
519.25	15.24
519.328	7.86
519.407	1.8
519.485	15.15
519.563	26.46
519.642	20.64
519.72	32.85
519.798	28.34
519.876	19.66
519.955	9.75
520.033	9.75
520.111	-3.11
520.19	7.78
520.268	5.73
520.346	10.57
520.424	6.39
520.503	9.58
520.581	0.74
520.659	4.67
520.737	12.94
520.816	12.62
520.894	7.45
520.972	25.8
521.05	24.49
521.128	6.8
521.206	18.19
521.285	33.34
521.363	20.07
521.441	16.96
521.519	27.77
521.597	16.47
521.675	9.75
521.753	9.42
521.832	7.95
521.91	5.24
521.988	8.36
522.066	10.32
522.144	17.2
522.222	18.68
522.3	17.28
522.378	17.61
522.456	17.69
522.534	15.81
522.612	16.3
522.69	15.73
522.768	8.77
522.846	7.54
522.924	7.37
523.002	5.9
523.08	0.57
523.158	8.11
523.236	7.95
523.314	8.6
523.392	12.45
523.47	28.59
523.548	22.53
523.626	17.2
523.704	20.15
523.781	24.58
523.859	11.14
523.937	15.32
524.015	20.81
524.093	12.37
524.171	9.83
524.249	14.42
524.327	10.73
524.404	3.93
524.482	7.62
524.56	-5.24
524.638	-5.82
524.716	-6.88
524.793	7.37
524.871	13.03
524.949	34.32
525.027	26.54
525.104	35.55
525.182	28.75
525.26	26.46
525.338	11.71
525.415	19.91
525.493	11.06
525.571	15.32
525.649	14.17
525.726	22.61
525.804	18.51
525.882	27.28
525.959	25.15
526.037	17.04
526.115	13.19
526.192	23.26
526.27	18.1
526.347	13.76
526.425	19.58
526.503	16.3
526.58	11.39
526.658	15.48
526.736	16.06
526.813	17.86
526.891	16.38
526.968	18.19
527.046	23.18
527.123	13.52
527.201	11.14
527.278	9.26
527.356	4.01
527.433	-9.01
527.511	2.62
527.588	-9.09
527.666	-6.55
527.743	-6.31
527.821	-1.06
527.898	-3.52
527.976	11.63
528.053	9.5
528.131	4.59
528.208	-4.1
528.285	-1.64
528.363	-7.95
528.44	-1.31
528.518	-0.33
528.595	12.78
528.672	1.88
528.75	4.01
528.827	6.8
528.905	16.63
528.982	3.52
529.059	15.56
529.137	10.81
529.214	8.27
529.291	-0.74
529.369	9.01
529.446	6.8
529.523	4.75
529.6	14.99
529.678	19.5
529.755	24.74
529.832	31.87
529.909	35.96
529.987	13.68
530.064	9.67
530.141	1.88
530.218	-12.7
530.296	-13.93
530.373	-2.7
530.45	5.49
530.527	-2.79
530.604	7.86
530.681	5.98
530.759	2.15
530.836	-6.55
