198.396	-13.55
198.5	-10.38
198.604	-3.88
198.708	-2.08
198.812	0.95
198.916	6.27
199.02	-2.57
199.125	-14.7
199.229	-20.51
199.333	-13.39
199.437	-16.66
199.541	-10.11
199.645	0.7
199.749	8.57
199.853	13.97
199.957	0.62
200.061	4.47
200.165	-1.18
200.269	-14.94
200.373	-35.18
200.477	-24.04
200.581	-31
200.685	-26.49
200.789	-17.4
200.893	-23.87
200.996	-16.34
201.1	-13.3
201.204	-22.4
201.308	-31.57
201.412	-27.39
201.516	-37.96
201.62	-37.72
201.724	-33.38
201.828	-21.17
201.932	-17.24
202.035	-21.99
202.139	-28.38
202.243	-23.05
202.347	-24.45
202.451	-21.01
202.555	-18.88
202.659	-11.26
202.762	-19.45
202.866	-25.18
202.97	-32.97
203.074	-32.72
203.178	-33.05
203.281	-30.67
203.385	-23.79
203.489	-18.3
203.593	-14.7
203.697	-10.44
203.8	-13.14
203.904	-18.55
204.008	-16.09
204.112	-19.94
204.215	-26.25
204.319	-17.65
204.423	-23.14
204.527	-21.33
204.63	-18.88
204.734	-16.25
204.838	-32.15
204.941	-28.71
205.045	-24.86
205.149	-26.66
205.252	-28.79
205.356	-22.64
205.46	-13.55
205.563	-15.52
205.667	-7.9
205.771	-13.47
205.874	-12.57
205.978	-21.17
206.082	-20.02
206.185	-17.48
206.289	-20.84
206.392	-17.16
206.496	-7.98
206.6	-13.8
206.703	-19.61
206.807	-13.47
206.91	-22.4
207.014	-27.15
207.117	-32.39
207.221	-42.3
207.324	-41.81
207.428	-33.62
207.531	-30.92
207.635	-28.05
207.739	-25.02
207.842	-26.9
207.946	-25.02
208.049	-38.95
208.153	-33.78
208.256	-23.46
208.359	-23.87
208.463	-25.02
208.566	-20.6
208.67	-24.77
208.773	-31.16
208.877	-31.98
208.98	-37.14
209.084	-20.92
209.187	-11.42
209.29	-9.62
209.394	-7.65
209.497	-13.3
209.601	-25.27
209.704	-27.8
209.807	-29.69
209.911	-28.38
210.014	-13.96
210.118	-1.59
210.221	-3.23
210.324	3.08
210.428	7.67
210.531	0.62
210.634	-9.45
210.738	-13.96
210.841	-15.27
210.944	-15.76
211.048	-8.8
211.151	-14.7
211.254	-16.83
211.357	-21.09
211.461	-32.8
211.564	-49.1
211.667	-48.69
211.77	-54.18
211.874	-54.43
211.977	-45.99
212.08	-43.21
212.183	-44.43
212.287	-35.01
212.39	-27.64
212.493	-27.89
212.596	-28.13
212.7	-21.33
212.803	-21.41
212.906	-29.2
213.009	-33.54
213.112	-18.14
213.215	-18.14
213.319	-18.96
213.422	-18.38
213.525	-7.73
213.628	-16.99
213.731	-19.37
213.834	-17.81
213.937	-1.67
214.041	-12.08
214.144	-3.72
214.247	1.03
214.35	4.31
214.453	-17.56
214.556	-13.47
214.659	-19.53
214.762	-21.41
214.865	-38.21
214.968	-34.19
215.071	-37.96
215.174	-32.64
215.277	-25.76
215.38	-19.94
215.483	-26.74
215.586	-23.05
215.689	-34.52
215.792	-41.49
215.895	-41.16
215.998	-32.23
216.101	-34.77
216.204	-25.43
216.307	-27.31
216.41	-17.4
216.513	-17.16
216.616	-17.24
216.719	-20.1
216.822	-9.05
216.925	-21.09
217.028	-20.84
217.131	-21.99
217.234	-17.56
217.337	-27.72
217.44	-18.55
217.542	-14.62
217.645	-10.77
217.748	-17.56
217.851	-15.03
217.954	-15.52
218.057	-18.79
218.16	-15.6
218.263	-12.24
218.365	-18.55
218.468	-27.8
218.571	-27.72
218.674	-30.59
218.777	-35.67
218.879	-24.36
218.982	-12.24
219.085	-10.68
219.188	-16.34
219.291	-4.62
219.393	-16.58
219.496	-24.53
219.599	-13.22
219.702	-15.03
219.804	-27.64
219.907	-30.51
220.01	-26.99
220.113	-37.88
220.215	-28.13
220.318	-29.93
220.421	-23.22
220.523	-16.91
220.626	-17.97
220.729	-22.64
220.831	-22.56
220.934	-21.25
221.037	-38.95
221.139	-42.39
221.242	-37.63
221.345	-34.52
221.447	-38.37
221.55	-25.18
221.653	-24.12
221.755	-30.18
221.858	-22.73
221.96	-24.77
222.063	-27.31
222.166	-26.82
222.268	-18.06
222.371	-21.82
222.473	-13.39
222.576	-4.62
222.679	0.05
222.781	-3.15
222.884	-3.15
222.986	-4.29
223.089	-2.74
223.191	-9.7
223.294	-8.88
223.396	-11.67
223.499	-3.64
223.601	-5.36
223.704	3
223.806	2.59
223.909	1.52
224.011	-19.45
224.114	-28.21
224.216	-28.38
224.319	-35.5
224.421	-35.42
224.523	-29.44
224.626	-34.85
224.728	-28.05
224.831	-19.53
224.933	-24.2
225.036	-18.47
225.138	-11.42
225.24	-12.24
225.343	-18.71
225.445	-7.9
225.547	-6.34
225.65	-11.42
225.752	-14.53
225.855	-5.11
225.957	-3.8
226.059	-12.24
226.162	0.21
226.264	-7.24
226.366	-12.4
226.469	-11.26
226.571	-4.79
226.673	-10.85
226.775	-4.62
226.878	-14.12
226.98	-16.01
227.082	-5.85
227.185	-11.75
227.287	-14.45
227.389	-2.33
227.491	-5.52
227.594	-10.6
227.696	-14.7
227.798	-17.32
227.9	-31.08
228.002	-34.36
228.105	-30.51
228.207	-18.71
228.309	-15.35
228.411	-3.15
228.513	-3.15
228.616	4.72
228.718	-2.9
228.82	-4.05
228.922	-9.13
229.024	3.41
229.126	-19.2
229.228	-18.55
229.331	-18.22
229.433	-12.98
229.535	-11.01
229.637	-0.03
229.739	11.02
229.841	3.41
229.943	-2.41
230.045	-1.26
230.147	-0.44
230.249	-15.93
230.352	-15.6
230.454	-11.01
230.556	-21.82
230.658	-37.31
230.76	-37.06
230.862	-32.8
230.964	-38.13
231.066	-38.86
231.168	-30.02
231.27	-30.75
231.372	-35.5
231.474	-32.97
231.576	-29.36
231.678	-24.2
231.78	-19.78
231.882	-19.61
231.984	-18.88
232.086	-35.26
232.187	-39.93
232.289	-37.8
232.391	-41.73
232.493	-46.32
232.595	-34.36
232.697	-31.49
232.799	-27.23
232.901	-16.58
233.003	-14.12
233.105	-17.89
233.207	-16.83
233.308	-12.08
233.41	-12.81
233.512	-7.9
233.614	-6.01
233.716	-11.26
233.818	-14.62
233.919	-15.19
234.021	-10.6
234.123	-7.49
234.225	-1.67
234.327	2.51
234.428	-3.23
234.53	-10.52
234.632	-14.37
234.734	-21.33
234.836	-13.55
234.937	-11.75
235.039	-16.66
235.141	-17.07
235.243	-11.42
235.344	-34.77
235.446	-26.9
235.548	-24.12
235.649	-18.14
235.751	-14.04
235.853	-1.34
235.955	-5.6
236.056	-8.8
236.158	-10.6
236.26	-12.08
236.361	-16.99
236.463	-23.71
236.565	-13.47
236.666	-17.65
236.768	-24.36
236.87	-20.1
236.971	-12.49
237.073	-24.61
237.174	-26.74
237.276	-25.02
237.378	-34.52
237.479	-34.28
237.581	-27.23
237.682	-25.18
237.784	-30.67
237.885	-16.91
237.987	-16.66
238.089	-13.8
238.19	-10.19
238.292	-4.05
238.393	-16.58
238.495	-24.12
238.596	-19.53
238.698	-19.37
238.799	-15.52
238.901	-17.32
239.002	-16.25
239.104	-21.17
239.205	-22.97
239.307	3.82
239.408	9.55
239.51	7.01
239.611	3
239.713	6.6
239.814	-31.49
239.915	-31.57
240.017	-18.88
240.118	-16.66
240.22	-18.47
240.321	-17.16
240.422	-17.24
240.524	-19.12
240.625	-15.35
240.727	-16.5
240.828	-5.6
240.929	-0.94
241.031	0.21
241.132	-2.25
241.233	3.57
241.335	-5.11
241.436	-4.05
241.537	-2.74
241.639	1.36
241.74	1.69
241.841	6.93
241.943	-1.1
242.044	-10.27
242.145	-16.09
242.246	-25.92
242.348	-23.22
242.449	-27.15
242.55	-24.36
242.652	-25.02
242.753	-24.69
242.854	-25.18
242.955	-21.74
243.056	-19.78
243.158	-20.92
243.259	-11.5
243.36	-22.64
243.461	-13.71
243.562	-12.4
243.664	-10.93
243.765	-12.9
243.866	-6.18
243.967	-19.04
244.068	-15.6
244.169	-14.86
244.271	-18.06
244.372	-17.32
244.473	-12.65
244.574	-19.78
244.675	-19.2
244.776	-22.15
244.877	-21.17
244.978	-16.01
245.08	-12.57
245.181	-12.65
245.282	-10.19
245.383	-6.51
245.484	-13.63
245.585	-21.25
245.686	-5.03
245.787	1.52
245.888	1.52
245.989	1.69
246.09	6.03
246.191	-14.04
246.292	-8.55
246.393	-21.58
246.494	-17.07
246.595	-21.66
246.696	-20.19
246.797	-33.95
246.898	-33.95
246.999	-35.91
247.1	-31.16
247.201	-27.48
247.302	-27.8
247.403	-17.32
247.504	-17.16
247.605	-14.7
247.705	-19.94
247.806	-32.64
247.907	-27.39
248.008	-38.13
248.109	-42.14
248.21	-42.88
248.311	-24.77
248.412	-31.49
248.513	-35.01
248.613	-32.31
248.714	-24.36
248.815	-25.84
248.916	-24.12
249.017	-3.07
249.118	-4.95
249.218	-7.49
249.319	-1.59
249.42	1.28
249.521	-1.59
249.622	-3.97
249.722	-12.73
249.823	-26.41
249.924	-33.05
250.025	-40.01
250.125	-31.74
250.226	-27.56
250.327	-26.58
250.428	-23.87
250.528	-29.12
250.629	-41.24
250.73	-34.6
250.83	-22.73
250.931	-33.78
251.032	-18.22
251.133	-15.03
251.233	-17.97
251.334	-21.09
251.435	-9.7
251.535	-18.71
251.636	-5.69
251.736	-10.19
251.837	-6.34
251.938	-10.11
252.038	-5.44
252.139	-18.88
252.24	-18.06
252.34	-24.36
252.441	-18.47
252.541	-15.68
252.642	-10.93
252.743	2.26
252.843	9.96
252.944	12.75
253.044	6.68
253.145	6.52
253.245	-2.49
253.346	-14.21
253.446	-17.89
253.547	-12.16
253.647	-13.96
253.748	-12.73
253.848	-15.52
253.949	-16.83
254.049	-19.04
254.15	-17.32
254.25	-19.2
254.351	-16.09
254.451	-21.01
254.552	-18.22
254.652	-23.63
254.753	-29.36
254.853	-29.2
254.954	-25.51
255.054	-35.5
255.154	-35.59
255.255	-27.97
255.355	-32.88
255.456	-37.72
255.556	-33.78
255.656	-33.38
255.757	-35.91
255.857	-28.87
255.957	-24.28
256.058	-27.31
256.158	-21.5
256.258	-23.3
256.359	-25.51
256.459	-25.59
256.559	-26.25
256.66	-36.49
256.76	-40.34
256.86	-35.75
256.961	-40.34
257.061	-35.5
257.161	-29.61
257.261	-15.11
257.362	-18.14
257.462	-17.89
257.562	-16.17
257.662	-13.14
257.763	-26.99
257.863	-31
257.963	-32.39
258.063	-41.24
258.164	-42.39
258.264	-34.93
258.364	-27.97
258.464	-23.46
258.564	-23.46
258.665	-21.01
258.765	-27.31
258.865	-32.56
258.965	-25.51
259.065	-14.53
259.165	-16.75
259.265	-17.48
259.366	-9.21
259.466	-18.79
259.566	-24.28
259.666	-34.93
259.766	-28.62
259.866	-38.54
259.966	-33.05
260.066	-31.82
260.166	-20.19
260.266	-23.87
260.366	-25.1
260.467	-30.02
260.567	-24.28
260.667	-24.69
260.767	-19.29
260.867	-15.93
260.967	-11.26
261.067	-17.4
261.167	-17.32
261.267	-25.35
261.367	-13.22
261.467	-6.01
261.567	-0.2
261.667	-8.39
261.767	-8.23
261.867	-21.66
261.967	-35.67
262.066	-44.19
262.166	-32.06
262.266	-30.59
262.366	-33.13
262.466	-19.61
262.566	-8.31
262.666	-13.71
262.766	-3.31
262.866	7.5
262.966	3.9
263.066	-8.23
263.165	-12.73
263.265	-22.32
263.365	-26.49
263.465	-27.64
263.565	-19.61
263.665	-17.81
263.764	-14.7
263.864	-18.79
263.964	-23.22
264.064	-24.61
264.164	-20.43
264.263	-18.47
264.363	-8.72
264.463	-10.77
264.563	-14.12
264.663	-16.66
264.762	-14.04
264.862	-24.69
264.962	-20.35
265.062	-18.96
265.161	-18.38
265.261	-12.81
265.361	-0.77
265.46	-9.05
265.56	-11.26
265.66	-12.9
265.76	-17.73
265.859	-21.58
265.959	-17.81
266.059	-23.22
266.158	-20.43
266.258	-21.09
266.358	-17.56
266.457	-11.58
266.557	-2.57
266.657	-0.12
266.756	-4.79
266.856	-16.09
266.955	-26.33
267.055	-27.97
267.155	-33.7
267.254	-35.18
267.354	-37.06
267.453	-26.66
267.553	-27.89
267.652	-23.46
267.752	-23.38
267.852	-19.04
267.951	-27.48
268.051	-23.87
268.15	-27.31
268.25	-19.04
268.349	-7.32
268.449	-6.18
268.548	-0.03
268.648	0.95
268.747	0.62
268.847	-8.47
268.946	3.57
269.046	2.51
269.145	1.85
269.244	-5.85
269.344	-4.05
269.443	-5.93
269.543	-23.87
269.642	-20.76
269.742	-21.5
269.841	-14.29
269.94	-23.46
270.04	-15.84
270.139	-19.86
270.239	-28.79
270.338	-37.31
270.437	-29.61
270.537	-28.05
270.636	-25.27
270.735	-1.02
270.835	-7.98
270.934	-25.51
271.033	-23.22
271.133	-11.67
271.232	-33.7
271.331	-39.19
271.431	-24.36
271.53	-32.23
271.629	-45.09
271.729	-34.19
271.828	-24.28
271.927	-23.71
272.026	-21.33
272.126	-8.72
272.225	-20.92
272.324	-13.71
272.423	-11.18
272.523	-8.55
272.622	-19.29
272.721	-10.27
272.82	-18.14
272.919	-29.2
273.019	-24.69
273.118	-29.36
273.217	-27.97
273.316	-26.41
273.415	-25.51
273.514	-28.54
273.614	-19.61
273.713	-17.89
273.812	-19.45
273.911	-13.55
274.01	-13.88
274.109	-10.19
274.208	-11.75
274.307	-0.77
274.407	-0.2
274.506	-0.44
274.605	-3.8
274.704	0.29
274.803	-6.75
274.902	-16.83
275.001	-20.35
275.1	-23.87
275.199	-39.85
275.298	-38.62
275.397	-38.78
275.496	-33.21
275.595	-36.16
275.694	-25.18
275.793	-29.77
275.892	-22.48
275.991	-30.18
276.09	-25.59
276.189	-26.74
276.288	-27.56
276.387	-26.66
276.486	-24.69
276.585	-28.79
276.684	-30.34
276.783	-23.54
276.882	-26.58
276.981	-21.74
277.08	-12.9
277.178	-14.62
277.277	-17.81
277.376	-25.43
277.475	-16.75
277.574	-18.22
277.673	-10.27
277.772	-7.82
277.871	-0.69
277.969	-8.55
278.068	-17.56
278.167	-38.21
278.266	-40.5
278.365	-44.43
278.464	-47.96
278.562	-44.43
278.661	-23.3
278.76	-20.84
278.859	-2.57
278.958	-2.08
279.056	3.08
279.155	-4.38
279.254	-11.75
279.353	-32.88
279.451	-31.16
279.55	-38.7
279.649	-27.31
279.748	-24.77
279.846	-16.01
279.945	-12.98
280.044	-16.66
280.142	-29.36
280.241	-24.28
280.34	-22.89
280.438	-34.28
280.537	-29.12
280.636	-20.51
280.734	-16.66
280.833	-19.94
280.932	-3.47
281.03	-10.27
281.129	-13.22
281.228	-16.75
281.326	-19.86
281.425	-24.69
281.523	-24.61
281.622	-18.71
281.721	-21.5
281.819	-17.65
281.918	-16.42
282.016	-10.36
282.115	-13.71
282.213	-13.06
282.312	-10.03
282.41	-18.55
282.509	-10.85
282.607	-11.67
282.706	-20.84
282.805	-26.9
282.903	-25.35
283.002	-32.15
283.1	-29.61
283.198	-17.4
283.297	-9.95
283.395	-8.31
283.494	-7.16
283.592	-10.52
283.691	-7.41
283.789	-13.8
283.888	-13.55
283.986	-19.69
284.085	-22.07
284.183	-31
284.281	-30.18
284.38	-33.46
284.478	-24.12
284.576	-25.92
284.675	-19.61
284.773	-21.01
284.872	-22.23
284.97	-23.63
285.068	-21.74
285.167	-27.07
285.265	-29.12
285.363	-24.94
285.462	-27.72
285.56	-34.77
285.658	-47.3
285.757	-43.61
285.855	-42.63
285.953	-44.6
286.051	-34.44
286.15	-12.24
286.248	-8.39
286.346	-11.42
286.444	-11.26
286.543	-13.63
286.641	-30.51
286.739	-33.54
286.837	-31.57
286.936	-25.43
287.034	-22.15
287.132	-24.2
287.23	-23.14
287.328	-22.07
287.427	-31.41
287.525	-31.33
287.623	-18.47
287.721	-21.74
287.819	-22.64
287.917	-21.58
288.016	-30.26
288.114	-34.6
288.212	-34.85
288.31	-25.67
288.408	-28.54
288.506	-20.35
288.604	-14.21
288.702	-4.21
288.8	-8.47
288.899	4.72
288.997	-7.98
289.095	-20.76
289.193	-28.13
289.291	-28.87
289.389	-32.31
289.487	-8.55
289.585	-1.02
289.683	2.75
289.781	-5.2
289.879	-9.29
289.977	-25.27
290.075	-21.17
290.173	-17.65
290.271	-16.58
290.369	-10.68
290.467	-7.82
290.565	-11.26
290.663	-17.16
290.761	-15.6
290.859	-27.72
290.957	-32.97
291.055	-44.02
291.152	-41.57
291.25	-37.63
291.348	-35.1
291.446	-23.3
291.544	-13.22
291.642	-10.52
291.74	-7.9
291.838	-4.05
291.936	-19.04
292.033	-19.12
292.131	-24.2
292.229	-42.06
292.327	-34.52
292.425	-23.38
292.523	-21.66
292.62	-27.23
292.718	-21.82
292.816	-25.35
292.914	-29.69
293.012	-30.84
293.109	-26.25
293.207	-25.59
293.305	-26.74
293.403	-29.03
293.5	-27.72
293.598	-23.87
293.696	-14.29
293.794	-9.05
293.891	1.19
293.989	-13.88
294.087	-17.89
294.185	-11.58
294.282	-9.45
294.38	-17.81
294.478	-8.72
294.575	-9.62
294.673	-20.43
294.771	-38.95
294.868	-30.59
294.966	-30.67
295.064	-26.49
295.161	-15.76
295.259	-3.56
295.356	0.05
295.454	2.91
295.552	1.52
295.649	-11.58
295.747	-13.96
295.844	-18.55
295.942	-20.6
296.04	-19.2
296.137	-18.96
296.235	-15.68
296.332	-21.17
296.43	-17.65
296.527	-29.61
296.625	-24.04
296.722	-35.83
296.82	-34.44
296.917	-41.08
297.015	-33.05
297.112	-33.46
297.21	-26.17
297.307	-23.54
297.405	-14.53
297.502	-14.45
297.6	-11.83
297.697	-13.47
297.795	-16.09
297.892	-25.84
297.99	-31.98
298.087	-35.5
298.184	-36.49
298.282	-44.02
298.379	-40.67
298.477	-34.85
298.574	-38.95
298.671	-37.8
298.769	-31.57
298.866	-25.27
298.964	-30.18
299.061	-16.75
299.158	-16.09
299.256	-23.46
299.353	-32.23
299.45	-26.99
299.548	-26.08
299.645	-22.81
299.742	-9.45
299.839	-9.29
299.937	-10.03
300.034	-10.11
300.131	-27.64
300.229	-46.56
300.326	-37.31
300.423	-30.1
300.52	-42.88
300.618	-25.92
300.715	-14.21
300.812	-20.84
300.909	-25.67
301.006	-17.97
301.104	-17.32
301.201	-13.47
301.298	-5.2
301.395	-0.03
301.492	-8.72
301.59	-20.76
301.687	-13.55
301.784	-20.6
301.881	-24.61
301.978	-13.55
302.075	-7.9
302.173	-22.56
302.27	-22.23
302.367	-14.04
302.464	-14.45
302.561	-14.53
302.658	-13.63
302.755	-7.65
302.852	-17.97
302.949	-18.88
303.046	-19.61
303.143	-12.4
303.24	-13.88
303.338	-13.96
303.435	-13.71
303.532	-19.29
303.629	-29.03
303.726	-38.62
303.823	-36.41
303.92	-40.83
304.017	-33.95
304.114	-26.9
304.211	-28.87
304.308	-25.67
304.405	-19.53
304.502	-13.47
304.599	-11.01
304.695	-5.85
304.792	-3.39
304.889	-20.6
304.986	-25.35
305.083	-30.51
305.18	-25.76
305.277	-32.97
305.374	-33.95
305.471	-31.33
305.568	-39.03
305.665	-38.7
305.761	-38.86
305.858	-29.52
305.955	-30.75
306.052	-26.17
306.149	-29.2
306.246	-28.71
306.343	-37.55
306.439	-34.19
306.536	-31.41
306.633	-28.87
306.73	-37.72
306.827	-27.31
306.923	-28.46
307.02	-17.24
307.117	-18.06
307.214	-3.47
307.31	0.62
307.407	-6.51
307.504	-18.63
307.601	-19.53
307.697	-22.64
307.794	-25.51
307.891	-14.78
307.988	-11.75
308.084	-9.45
308.181	-17.48
308.278	-24.28
308.374	-33.29
308.471	-37.47
308.568	-31.25
308.664	-25.67
308.761	-27.97
308.858	-23.46
308.954	-23.14
309.051	-28.05
309.147	-25.59
309.244	-16.09
309.341	-14.45
309.437	-11.91
309.534	-8.47
309.63	-9.21
309.727	0.05
309.824	-7.16
309.92	-10.27
310.017	-16.58
310.113	-26.25
310.21	-38.37
310.306	-40.17
310.403	-40.75
310.499	-40.17
310.596	-26.25
310.693	-22.23
310.789	-15.27
310.886	-8.55
310.982	-13.96
311.078	-21.74
311.175	-29.36
311.271	-21.09
311.368	-21.91
311.464	-19.2
311.561	-20.6
311.657	-19.86
311.754	-26.25
311.85	-23.46
311.947	-23.05
312.043	-18.14
312.139	-4.38
312.236	-7
312.332	-15.27
312.429	-0.12
312.525	-9.7
312.621	-10.44
312.718	-12.73
312.814	-4.29
312.91	-19.78
313.007	-8.23
313.103	-24.2
313.199	-18.47
313.296	-14.21
313.392	-10.6
313.488	-15.84
313.585	-8.96
313.681	-16.42
313.777	-31.57
313.873	-32.15
313.97	-28.54
314.066	-26.33
314.162	-28.3
314.259	-13.06
314.355	-21.91
314.451	-18.14
314.547	-30.84
314.643	-16.17
314.74	-18.06
314.836	-16.99
314.932	-24.45
315.028	-17.4
315.124	-22.07
315.221	-30.84
315.317	-13.55
315.413	-8.72
315.509	-18.14
315.605	-24.53
315.701	-21.5
315.798	-27.07
315.894	-33.46
315.99	-14.78
316.086	-6.83
316.182	-11.09
316.278	-21.66
316.374	-21.25
316.47	-25.67
316.566	-24.2
316.662	-23.54
316.759	-22.56
316.855	-21.91
316.951	-19.86
317.047	-29.52
317.143	-18.22
317.239	-14.21
317.335	-14.29
317.431	-15.84
317.527	-0.77
317.623	-13.47
317.719	-18.06
317.815	-18.22
317.911	-21.41
318.007	-29.77
318.103	-22.81
318.199	-18.79
318.295	-20.35
318.391	-16.5
318.487	-13.96
318.582	-12.57
318.678	-9.7
318.774	-9.37
318.87	-11.5
318.966	-23.3
319.062	-29.44
319.158	-32.39
319.254	-19.12
319.35	-16.17
319.446	-6.51
319.541	-11.5
319.637	-17.24
319.733	-26.82
319.829	-28.13
319.925	-22.64
320.021	-15.11
320.116	-0.53
320.212	-2.25
320.308	-1.75
320.404	-3.56
320.5	-8.14
320.595	-23.14
320.691	-23.3
320.787	-19.53
320.883	-26.66
320.978	-18.22
321.074	-10.6
321.17	-3.72
321.266	-12.98
321.361	-13.14
321.457	-14.86
321.553	-14.29
321.649	-18.14
321.744	-14.94
321.84	-11.26
321.936	-21.99
322.031	-27.48
322.127	-27.07
322.223	-24.12
322.318	-21.91
322.414	-14.37
322.51	0.05
322.605	-5.93
322.701	-12.57
322.796	-9.62
322.892	-6.92
322.988	-9.45
323.083	-4.29
323.179	-2.16
323.274	-5.6
323.37	-7.98
323.466	-19.45
323.561	-23.14
323.657	-24.36
323.752	-29.52
323.848	-28.71
323.943	-33.87
324.039	-22.07
324.134	-21.5
324.23	-24.69
324.325	-32.97
324.421	-18.47
324.516	-24.53
324.612	-21.5
324.707	-26.41
324.803	-13.8
324.898	-22.07
324.994	-19.12
325.089	-19.94
325.185	-7.49
325.28	-22.4
325.375	-20.1
325.471	-26.49
325.566	-23.87
325.662	-24.69
325.757	-5.93
325.853	1.36
325.948	1.52
326.043	-7.24
326.139	-7.98
326.234	-23.14
326.329	-22.81
326.425	-16.09
326.52	-11.34
326.615	-12.4
326.711	-8.64
326.806	-12.4
326.901	-18.71
326.997	-17.48
327.092	-17.48
327.187	-22.23
327.283	-24.53
327.378	-20.35
327.473	-22.32
327.568	-27.64
327.664	-24.2
327.759	-28.79
327.854	-17.4
327.949	-11.99
328.045	-12.08
328.14	-9.37
328.235	-1.43
328.33	-19.45
328.425	-26.25
328.521	-32.06
328.616	-32.31
328.711	-36.49
328.806	-36.98
328.901	-28.21
328.996	-25.02
329.092	-24.61
329.187	-20.6
329.282	-24.36
329.377	-25.59
329.472	-22.64
329.567	-32.23
329.662	-32.8
329.757	-25.1
329.853	-35.59
329.948	-30.18
330.043	-22.64
330.138	-30.43
330.233	-35.59
330.328	-34.28
330.423	-31.98
330.518	-30.59
330.613	-30.02
330.708	-26.99
330.803	-25.67
330.898	-27.31
330.993	-22.56
331.088	-22.81
331.183	-28.21
331.278	-27.15
331.373	-25.43
331.468	-32.15
331.563	-32.64
331.658	-28.21
331.753	-18.38
331.848	-28.95
331.943	-28.54
332.038	-19.78
332.133	-10.93
332.227	-14.78
332.322	-3.64
332.417	-8.06
332.512	-10.77
332.607	-20.92
332.702	-28.46
332.797	-36.82
332.892	-24.53
332.987	-28.54
333.081	-24.94
333.176	-21.99
333.271	-22.4
333.366	-28.71
333.461	-27.89
333.556	-25.35
333.65	-19.94
333.745	-12.73
333.84	-9.95
333.935	-0.69
334.029	0.05
334.124	-0.94
334.219	-8.06
334.314	-9.86
334.409	-20.76
334.503	-26.08
334.598	-30.75
334.693	-20.43
334.787	-22.15
334.882	-18.55
334.977	-11.5
335.072	-0.03
335.166	-5.11
335.261	-6.92
335.356	-15.84
335.45	-20.43
335.545	-26.82
335.64	-22.64
335.734	-23.46
335.829	-19.94
335.924	-25.1
336.018	-33.21
336.113	-40.01
336.207	-34.28
336.302	-28.71
336.397	-24.12
336.491	-18.63
336.586	-21.09
336.68	-23.22
336.775	-16.5
336.869	-3.15
336.964	-1.84
337.059	0.79
337.153	-0.85
337.248	-11.26
337.342	-26.58
337.437	-32.56
337.531	-35.83
337.626	-28.13
337.72	-24.04
337.815	-27.72
337.909	-28.21
338.004	-21.25
338.098	-24.53
338.193	-30.51
338.287	-29.12
338.381	-29.61
338.476	-34.03
338.57	-42.55
338.665	-42.88
338.759	-39.11
338.854	-40.09
338.948	-44.11
339.042	-31.57
339.137	-29.44
339.231	-20.1
339.326	-12.57
339.42	-10.11
339.514	-21.66
339.609	-23.54
339.703	-29.77
339.797	-32.56
339.892	-28.46
339.986	-23.87
340.08	-23.05
340.175	-23.79
340.269	-21.91
340.363	-15.93
340.457	-9.21
340.552	0.21
340.646	1.93
340.74	0.46
340.835	-19.37
340.929	-25.35
341.023	-31.16
341.117	-38.45
341.212	-36.73
341.306	-20.6
341.4	-19.45
341.494	-14.53
341.588	-4.87
341.683	-2
341.777	-8.06
341.871	-11.83
341.965	-16.5
342.059	-30.75
342.153	-39.68
342.248	-29.12
342.342	-37.55
342.436	-43.04
342.53	-31.41
342.624	-27.07
342.718	-38.78
342.812	-23.95
342.906	-17.4
343.001	-27.48
343.095	-22.15
343.189	-24.53
343.283	-23.05
343.377	-23.63
343.471	-18.79
343.565	-28.13
343.659	-24.94
343.753	-31.98
343.847	-28.79
343.941	-27.48
344.035	-26.41
344.129	-26.9
344.223	-18.3
344.317	-15.6
344.411	-11.18
344.505	-4.7
344.599	2.67
344.693	2.34
344.787	-6.59
344.881	-3.64
344.975	-9.05
345.069	-11.18
345.163	-16.09
345.257	-15.27
345.351	-27.8
345.444	-30.51
345.538	-31.9
345.632	-41.24
345.726	-44.11
345.82	-41.32
345.914	-32.56
346.008	-25.1
346.102	-11.99
346.195	-5.77
346.289	-2.57
346.383	-6.92
346.477	-15.76
346.571	-21.41
346.665	-22.32
346.758	-16.58
346.852	-17.97
346.946	-15.84
347.04	-19.04
347.133	-28.46
347.227	-29.93
347.321	-24.12
347.415	-21.91
347.509	-24.36
347.602	-13.47
347.696	-20.19
347.79	-26
347.883	-30.84
347.977	-20.19
348.071	-21.99
348.165	-17.65
348.258	-7.08
348.352	-3.23
348.446	-7.16
348.539	-9.37
348.633	-15.6
348.727	-25.92
348.82	-23.3
348.914	-17.48
349.007	-20.76
349.101	-11.01
349.195	-8.47
349.288	-16.34
349.382	-20.92
349.476	-14.45
349.569	-16.83
349.663	-21.58
349.756	-11.18
349.85	-16.17
349.943	-13.88
350.037	-10.6
350.13	-3.07
350.224	-9.37
350.318	-10.11
350.411	-3.31
350.505	-7.9
350.598	-14.45
350.692	-9.95
350.785	-9.62
350.879	-17.65
350.972	-25.27
351.066	-21.58
351.159	-19.2
351.252	-25.27
351.346	-24.36
351.439	-12.9
351.533	-6.1
351.626	-12.81
351.72	-0.85
351.813	-9.21
351.906	-13.3
352	-26.58
352.093	-27.89
352.187	-31.16
352.28	-25.51
352.373	-27.48
352.467	-33.78
352.56	-34.36
352.653	-38.45
352.747	-39.19
352.84	-47.3
352.933	-33.29
353.027	-29.61
353.12	-19.04
353.213	-16.42
353.307	-2.9
353.4	-7
353.493	-6.67
353.586	-14.45
353.68	-12.49
353.773	-14.7
353.866	-12.57
353.96	-13.22
354.053	-6.1
354.146	-1.75
354.239	-5.52
354.332	-5.85
354.426	-2.82
354.519	-6.1
354.612	-14.7
354.705	-13.8
354.798	-17.07
354.892	-27.72
354.985	-35.83
355.078	-25.18
355.171	-19.45
355.264	-9.21
355.357	-4.05
355.45	-1.1
355.544	-15.52
355.637	-17.97
355.73	-22.89
355.823	-24.12
355.916	-27.89
356.009	-20.19
356.102	-21.33
356.195	-25.02
356.288	-31.49
356.381	-22.81
356.474	-13.39
356.567	-9.29
356.66	-2.66
356.754	5.86
356.847	8.73
356.94	5.54
357.033	-1.84
357.126	-9.54
357.219	-13.71
357.312	-10.68
357.405	-24.04
357.497	-21.5
357.59	-14.86
357.683	-7.98
357.776	-14.7
357.869	-9.7
357.962	-1.84
358.055	-6.51
358.148	-11.75
358.241	-13.8
358.334	-18.14
358.427	-23.79
358.52	-21.01
358.613	-23.14
358.705	-16.91
358.798	-11.83
358.891	-7.73
358.984	-11.09
359.077	-2.41
359.17	-10.11
359.263	-13.71
359.355	-24.12
359.448	-18.96
359.541	-21.33
359.634	-12.57
359.727	-16.66
359.819	-13.14
359.912	-15.43
360.005	-20.35
360.098	-24.94
360.19	-24.28
360.283	-35.42
360.376	-45.25
360.469	-45.83
360.561	-43.53
360.654	-42.39
360.747	-33.05
360.84	-16.91
360.932	-12.9
361.025	-20.68
361.118	-12.57
361.21	1.19
361.303	-2.16
361.396	-9.95
361.488	1.93
361.581	3.16
361.674	-20.19
361.766	-26.49
361.859	-15.27
361.951	-27.89
362.044	-38.95
362.137	-26.82
362.229	-20.68
362.322	-34.77
362.414	-38.13
362.507	-34.03
362.6	-40.83
362.692	-43.29
362.785	-30.92
362.877	-14.94
362.97	-10.44
363.062	-8.55
363.155	-10.03
363.247	-13.71
363.34	-24.53
363.432	-30.92
363.525	-34.6
363.617	-40.67
363.71	-31.82
363.802	-34.28
363.895	-38.7
363.987	-30.84
364.08	-23.38
364.172	-28.3
364.265	-21.01
364.357	-14.04
364.449	-8.64
364.542	-8.55
364.634	-13.47
364.727	-18.3
364.819	-20.84
364.911	-19.53
365.004	-20.27
365.096	-19.04
365.188	-19.12
365.281	-8.06
365.373	-21.41
365.466	-25.35
365.558	-25.92
365.65	-23.05
365.742	-28.13
365.835	-20.27
365.927	-21.33
366.019	-19.29
366.112	-27.15
366.204	-34.69
366.296	-36.73
366.389	-27.31
366.481	-33.05
366.573	-25.59
366.665	-19.45
366.758	-17.56
366.85	-24.12
366.942	-23.87
367.034	-25.27
367.126	-22.56
367.219	-22.4
367.311	-19.94
367.403	-17.48
367.495	-14.86
367.587	-20.43
367.679	-24.86
367.772	-23.79
367.864	-26
367.956	-32.47
368.048	-25.35
368.14	-22.56
368.232	-24.69
368.324	-20.92
368.417	-18.96
368.509	-14.45
368.601	-16.75
368.693	-23.87
368.785	-26.58
368.877	-20.27
368.969	-29.12
369.061	-22.15
369.153	-12.57
369.245	-6.34
369.337	-10.77
369.429	-13.55
369.521	-23.79
369.613	-29.69
369.705	-30.43
369.797	-26.66
369.889	-23.3
369.981	-12.08
370.073	-10.85
370.165	-5.03
370.257	2.26
370.349	1.03
370.441	-10.6
370.533	-14.37
370.625	-23.87
370.717	-41.89
370.809	-40.83
370.901	-34.11
370.993	-28.21
371.084	-23.54
371.176	-15.93
371.268	-9.78
371.36	-12.81
371.452	-10.27
371.544	-16.91
371.636	-30.1
371.727	-42.06
371.819	-37.31
371.911	-37.06
372.003	-33.7
372.095	-9.29
372.187	-9.54
372.278	-12.16
372.37	-15.93
372.462	-16.99
372.554	-25.51
372.645	-10.27
372.737	-14.12
372.829	-24.04
372.921	-24.2
373.012	-26.74
373.104	-39.52
373.196	-33.95
373.288	-20.51
373.379	-22.64
373.471	-18.88
373.563	-11.91
373.654	-13.55
373.746	-13.8
373.838	-16.5
373.929	-12.57
374.021	-14.37
374.113	-7.08
374.204	-1.18
374.296	5.86
374.388	8.24
374.479	6.85
374.571	4.55
374.662	-0.77
374.754	-8.31
374.846	-17.81
374.937	-21.09
375.029	-30.1
375.12	-26.74
375.212	-11.58
375.304	-11.75
375.395	-8.72
375.487	-13.3
375.578	-25.43
375.67	-27.89
375.761	-28.05
375.853	-22.07
375.944	-0.36
376.036	-1.75
376.127	-2.66
376.219	-4.05
376.31	-19.29
376.402	-25.27
376.493	-22.89
376.584	-26.08
376.676	-21.82
376.767	-10.85
376.859	-19.78
376.95	-9.05
377.042	-4.87
377.133	-3.15
377.224	-10.85
377.316	-12.32
377.407	-15.19
377.499	-14.53
377.59	-18.38
377.681	-6.75
377.773	1.52
377.864	-3.56
377.955	-7.9
378.047	-0.61
378.138	-7.24
378.229	-3.97
378.321	-5.93
378.412	-7.9
378.503	-13.55
378.595	-2.66
378.686	1.11
378.777	8.65
378.868	8.9
378.96	11.27
379.051	3.16
379.142	-1.34
379.233	-2.74
379.325	-0.36
379.416	-7.9
379.507	-7.65
379.598	-9.86
379.689	-18.06
379.781	-16.42
379.872	-9.7
379.963	-5.69
380.054	-2.82
380.145	2.75
380.236	6.77
380.328	9.47
380.419	6.68
380.51	0.46
380.601	-8.88
380.692	-13.3
380.783	-13.22
380.874	-10.52
380.965	-13.3
381.056	-5.28
381.148	-5.69
381.239	-14.45
381.33	-17.89
381.421	-12.57
381.512	-4.46
381.603	-11.18
381.694	-13.88
381.785	-21.09
381.876	-31.33
381.967	-44.19
382.058	-32.72
382.149	-28.62
382.24	-29.36
382.331	-26.08
382.422	-13.88
382.513	-10.85
382.604	-16.5
382.695	-12.65
382.786	-4.54
382.877	-2.25
382.968	-15.27
383.059	-12.57
383.149	-14.45
383.24	-18.63
383.331	-26.41
383.422	-32.64
383.513	-21.74
383.604	-14.62
383.695	-5.44
383.786	2.18
383.877	4.47
383.967	4.96
384.058	-3.23
384.149	-10.03
384.24	-18.14
384.331	-12.73
384.421	-5.85
384.512	-2.08
384.603	-6.75
384.694	-9.54
384.785	-3.97
384.875	-18.06
384.966	-16.83
385.057	-16.17
385.148	-11.91
385.238	-23.79
385.329	-14.7
385.42	-17.16
385.511	-14.7
385.601	-25.27
385.692	-15.35
385.783	-22.73
385.873	-20.6
385.964	-15.43
386.055	-14.78
386.146	-20.1
386.236	-30.02
386.327	-29.85
386.417	-36.49
386.508	-20.43
386.599	-21.01
386.689	-7.98
386.78	-15.03
386.871	-9.7
386.961	-24.04
387.052	-20.92
387.142	-23.3
387.233	-19.86
387.324	-18.38
387.414	-13.71
387.505	-12.32
387.595	-6.92
387.686	3.73
387.776	-9.21
387.867	-8.55
387.957	-8.14
388.048	-10.44
388.138	-14.7
388.229	-11.67
388.319	-18.3
388.41	-20.27
388.5	-21.66
388.591	-33.05
388.681	-36.24
388.772	-34.36
388.862	-35.83
388.953	-40.83
389.043	-32.47
389.134	-22.48
389.224	-23.3
389.314	-16.66
389.405	-13.96
389.495	-9.78
389.586	-7
389.676	-5.36
389.766	-14.94
389.857	-19.45
389.947	-19.45
390.037	-30.18
390.128	-21.5
390.218	-13.63
390.308	-6.18
390.399	-9.95
390.489	-8.06
390.579	-17.56
390.67	-19.29
390.76	-28.71
390.85	-30.92
390.94	-30.75
391.031	-29.93
391.121	-30.84
391.211	-21.5
391.301	-22.64
391.392	-28.62
391.482	-22.07
391.572	-28.3
391.662	-26.17
391.753	-30.34
391.843	-26.82
391.933	-32.72
392.023	-29.2
392.113	-33.46
392.204	-32.47
392.294	-30.75
392.384	-29.12
392.474	-32.72
392.564	-34.11
392.654	-30.02
392.744	-26.9
392.835	-27.23
392.925	-22.32
393.015	-23.3
393.105	-21.01
393.195	-12.65
393.285	-17.81
393.375	-19.45
393.465	-21.82
393.555	-23.05
393.645	-31
393.735	-29.03
393.825	-19.04
393.915	-16.66
394.005	-12.9
394.095	-8.64
394.185	-3.97
394.275	-13.71
394.365	-10.11
394.455	-14.45
394.545	-7.57
394.635	-3.97
394.725	1.52
394.815	-0.69
394.905	3.32
394.995	-2.33
395.085	-4.38
395.175	-9.54
395.265	-13.47
395.355	-18.55
395.445	-22.23
395.535	-13.96
395.625	-10.11
395.714	-13.88
395.804	-16.5
395.894	-1.92
395.984	-17.73
396.074	-20.1
396.164	-16.34
396.254	-26.33
396.343	-39.19
396.433	-33.78
396.523	-31.9
396.613	-30.92
396.703	-19.29
396.792	-16.83
396.882	-14.94
396.972	-13.55
397.062	-13.39
397.151	-9.21
397.241	-16.75
397.331	-18.22
397.421	-22.73
397.51	-26.9
397.6	-26.17
397.69	-27.64
397.78	-26
397.869	-32.23
397.959	-27.64
398.049	-32.39
398.138	-35.91
398.228	-30.84
398.318	-21.74
398.407	-23.38
398.497	-17.24
398.587	-14.12
398.676	-16.66
398.766	-16.91
398.856	-24.53
398.945	-17.24
399.035	-17.73
399.124	-11.09
399.214	-12.32
399.303	-0.03
399.393	-11.99
399.483	-10.19
399.572	-18.71
399.662	-21.17
399.751	-30.51
399.841	-28.46
399.93	-20.6
400.02	-19.94
400.109	-12.65
400.199	-2.66
400.288	-0.69
400.378	-4.29
400.467	-4.79
400.557	-7.08
400.646	-17.16
400.736	-10.19
400.825	-19.61
400.915	-18.79
401.004	-24.61
401.094	-20.43
401.183	-38.54
401.272	-40.34
401.362	-42.88
401.451	-40.91
401.541	-34.11
401.63	-30.51
401.719	-22.64
401.809	-17.97
401.898	-10.44
401.987	-9.37
402.077	-11.99
402.166	-13.8
402.255	-19.78
402.345	-33.29
402.434	-32.8
402.523	-23.87
402.613	-29.61
402.702	-28.46
402.791	-21.58
402.881	-32.31
402.97	-39.76
403.059	-30.34
403.148	-36.08
403.238	-40.26
403.327	-33.21
403.416	-28.79
403.505	-33.95
403.594	-27.97
403.684	-15.35
403.773	-22.15
403.862	-25.59
403.951	-28.38
404.04	-27.8
404.13	-38.29
404.219	-29.44
404.308	-29.36
404.397	-27.89
404.486	-28.21
404.575	-23.54
404.665	-27.72
404.754	-31.08
404.843	-21.99
404.932	-19.53
405.021	-26.58
405.11	-28.87
405.199	-21.25
405.288	-22.23
405.377	-27.64
405.466	-18.96
405.555	-18.06
405.644	-14.53
405.733	-23.87
405.823	-19.12
405.912	-24.45
406.001	-25.76
406.09	-28.54
406.179	-32.88
406.268	-43.45
406.357	-39.68
406.446	-41.65
406.534	-43.7
406.623	-32.06
406.712	-17.48
406.801	-24.36
406.89	-18.88
406.979	-11.83
407.068	-15.35
407.157	-22.81
407.246	-17.73
407.335	-24.2
407.424	-28.13
407.513	-33.38
407.602	-28.13
407.69	-30.02
407.779	-15.6
407.868	-12.73
407.957	-6.83
408.046	-5.6
408.135	-7.82
408.223	-14.29
408.312	-12.65
408.401	-17.73
408.49	-24.45
408.579	-20.02
408.668	-21.33
408.756	-30.26
408.845	-27.8
408.934	-32.64
409.023	-30.75
409.111	-35.34
409.2	-34.77
409.289	-35.75
409.378	-30.34
409.466	-31.08
409.555	-27.72
409.644	-31.25
409.732	-36.82
409.821	-34.11
409.91	-38.37
409.998	-39.36
410.087	-34.03
410.176	-21.99
410.264	-14.62
410.353	-12.32
410.442	-17.4
410.53	-11.91
410.619	-11.01
410.708	-16.25
410.796	-22.15
410.885	-17.97
410.973	-17.56
411.062	-12.24
411.151	-21.41
411.239	-18.88
411.328	-11.34
411.416	-20.51
411.505	-31.16
411.593	-26
411.682	-24.04
411.77	-29.2
411.859	-28.21
411.947	-22.48
412.036	-27.07
412.124	-25.59
412.213	-25.43
412.301	-18.22
412.39	-21.09
412.478	-17.73
412.567	-21.33
412.655	-19.86
412.744	-33.54
412.832	-31.41
412.92	-27.97
413.009	-20.43
413.097	-26
413.186	-16.58
413.274	-21.25
413.363	-15.52
413.451	-21.91
413.539	-11.67
413.628	-14.53
413.716	-13.88
413.804	-26.25
413.893	-29.44
413.981	-34.03
414.069	-30.26
414.158	-36.98
414.246	-33.78
414.334	-31.41
414.423	-32.97
414.511	-34.6
414.599	-26.49
414.687	-29.61
414.776	-29.36
414.864	-28.62
414.952	-31.41
415.04	-34.19
415.129	-32.06
415.217	-26.9
415.305	-32.8
415.393	-31.98
415.482	-25.92
415.57	-20.6
415.658	-26.58
415.746	-19.29
415.834	-11.75
415.922	-14.62
416.011	-20.51
416.099	-27.23
416.187	-26.08
416.275	-27.56
416.363	-28.79
416.451	-25.84
416.539	-19.29
416.628	-20.51
416.716	-22.89
416.804	-25.67
416.892	-27.56
416.98	-21.91
417.068	-25.02
417.156	-21.82
417.244	-29.03
417.332	-24.69
417.42	-25.92
417.508	-24.86
417.596	-24.28
417.684	-9.21
417.772	-7.73
417.86	-10.36
417.948	-8.64
418.036	-15.68
418.124	-18.88
418.212	-23.54
418.3	-16.83
418.388	-22.48
418.476	-23.79
418.564	-34.36
418.652	-25.84
418.74	-24.69
418.828	-22.73
418.916	-16.17
419.004	-2.08
419.091	-8.8
419.179	-14.7
419.267	-9.95
419.355	-14.21
419.443	-11.5
419.531	-10.27
419.619	-9.95
419.706	-11.09
419.794	-8.72
419.882	-20.02
419.97	-18.38
420.058	-23.05
420.146	-26.82
420.233	-21.01
420.321	-19.86
420.409	-32.39
420.497	-35.34
420.584	-31.9
420.672	-42.55
420.76	-36.65
420.848	-30.84
420.935	-31.41
421.023	-25.27
421.111	-19.78
421.199	-20.51
421.286	-10.6
421.374	-13.55
421.462	-33.78
421.549	-35.26
421.637	-38.45
421.725	-45.42
421.812	-25.92
421.9	-4.79
421.988	-3.64
422.075	-4.38
422.163	-7.32
422.25	-8.64
422.338	-11.09
422.426	-14.04
422.513	-20.84
422.601	-16.34
422.688	-19.12
422.776	-23.3
422.864	-19.29
422.951	-7.98
423.039	-11.18
423.126	-14.94
423.214	-16.5
423.301	-21.82
423.389	-20.76
423.476	-7.98
423.564	-5.11
423.651	-5.93
423.739	-3.64
423.826	-8.39
423.914	-19.94
424.001	-28.46
424.089	-32.8
424.176	-38.13
424.264	-35.26
424.351	-26.25
424.438	-15.84
424.526	-5.93
424.613	-0.69
424.701	-5.93
424.788	-18.14
424.876	-23.05
424.963	-31.98
425.05	-32.31
425.138	-37.96
425.225	-33.46
425.312	-30.75
425.4	-30.26
425.487	-21.41
425.574	-14.29
425.662	-10.77
425.749	-16.58
425.836	-8.39
425.924	-8.88
426.011	-1.92
426.098	-0.69
426.185	-1.51
426.273	-6.01
426.36	-7.41
426.447	-4.7
426.534	-13.88
426.622	-6.18
426.709	-6.42
426.796	-14.7
426.883	-18.14
426.971	-11.91
427.058	-10.68
427.145	-6.83
427.232	-12.16
427.319	-5.93
427.406	-5.93
427.494	-6.51
427.581	-3.8
427.668	3.65
427.755	-3.23
427.842	-6.1
427.929	-4.87
428.016	-12.32
428.104	-7.73
428.191	-11.67
428.278	-2.16
428.365	-7.82
428.452	-4.29
428.539	-0.77
428.626	-6.1
428.713	-16.42
428.8	-24.77
428.887	-22.4
428.974	-19.86
429.061	-5.85
429.148	2.42
429.235	16.68
429.322	20.45
429.409	11.11
429.496	3.73
429.583	-6.67
429.67	-4.54
429.757	-1.75
429.844	-8.64
429.931	-0.69
430.018	2.75
430.105	-2.08
430.192	-4.13
430.279	22
430.366	11.76
430.453	12.5
430.539	6.68
430.626	-22.07
430.713	-39.03
430.8	-35.26
430.887	-27.56
430.974	-15.27
431.061	9.8
431.147	12.09
431.234	17.91
431.321	8.08
431.408	7.58
431.495	5.62
431.582	1.19
431.668	3.24
431.755	12.91
431.842	2.51
431.929	3.9
432.015	16.92
432.102	16.6
432.189	16.68
432.276	12.34
432.362	12.01
432.449	6.93
432.536	7.01
432.623	4.39
432.709	28.39
432.796	29.78
432.883	36.01
432.969	36.01
433.056	46.58
433.143	38.8
433.229	35.19
433.316	32.24
433.403	33.31
433.489	22.66
433.576	27.98
433.662	27.49
433.749	21.1
433.836	22.9
433.922	21.92
434.009	17.25
434.095	18.89
434.182	21.51
434.268	16.1
434.355	16.92
434.442	17.25
434.528	17.82
434.615	16.43
434.701	18.64
434.788	19.3
434.874	20.12
434.961	27.41
435.047	32.98
435.134	35.85
435.22	36.99
435.307	31.67
435.393	37.73
435.48	40.52
435.566	36.01
435.652	35.11
435.739	27.08
435.825	16.43
435.912	17.33
435.998	13.89
436.084	26.59
436.171	41.58
436.257	47.48
436.344	42.32
436.43	55.51
436.516	50.84
436.603	46.33
436.689	51.98
436.775	58.54
436.862	56.9
436.948	50.92
437.034	55.51
437.121	49.69
437.207	53.7
437.293	61.49
437.38	77.54
437.466	85.9
437.552	79.51
437.638	80.25
437.725	72.79
437.811	71.15
437.897	72.71
437.983	90.98
438.07	90.81
438.156	103.02
438.242	108.51
438.328	112.52
438.414	99.33
438.501	105.15
438.587	98.6
438.673	104.49
438.759	95.73
438.845	108.43
438.931	108.92
439.017	111.78
439.104	111.95
439.19	109.98
439.276	110.64
439.362	113.18
439.448	119.32
439.534	117.77
439.62	133.49
439.706	142.26
439.792	140.29
439.878	138.9
439.964	138
440.05	138
440.137	136.61
440.223	137.75
440.309	135.05
440.395	137.18
440.481	136.36
440.567	143.98
440.653	149.22
440.739	165.2
440.825	164.29
440.911	172.16
440.996	175.35
441.082	174.21
441.168	171.5
441.254	183.38
441.34	175.6
441.426	175.03
441.512	173.8
441.598	179.86
441.684	176.26
441.77	187.4
441.856	189.36
441.941	204.35
442.027	201.9
442.113	196.24
442.199	200.75
442.285	206.48
442.371	208.86
442.457	211.73
442.542	228.85
442.628	221.97
442.714	222.7
442.8	214.18
442.886	219.34
442.971	232.94
443.057	237.94
443.143	238.92
443.229	236.06
443.314	233.43
443.4	214.27
443.486	232.12
443.572	233.27
443.657	254.98
443.743	272.84
443.829	289.79
443.914	285.86
444	295.2
444.086	300.94
444.171	293.73
444.257	291.27
444.343	290.94
444.428	301.18
444.514	296.68
444.6	299.95
444.685	310.68
444.771	326.08
444.857	325.27
444.942	339.36
445.028	344.84
445.113	347.87
445.199	353.94
445.285	368.52
445.37	372.29
445.456	371.71
445.541	383.59
445.627	377.04
445.712	367.94
445.798	366.39
445.883	373.43
445.969	371.71
446.054	383.26
446.14	385.07
446.225	401.45
446.311	412.51
446.396	405.3
446.482	400.88
446.567	405.63
446.653	397.11
446.738	407.51
446.823	422.91
446.909	434.3
446.994	449.29
447.08	448.06
447.165	452.57
447.251	451.5
447.336	470.43
447.421	468.05
447.507	484.52
447.592	488.37
447.677	503.85
447.763	494.76
447.848	501.31
447.933	502.37
448.019	507.62
448.104	512.37
448.189	525.56
448.275	542.35
448.36	548.49
448.445	549.31
448.53	558.57
448.616	553.16
448.701	555.7
448.786	561.19
448.872	561.85
448.957	553.49
449.042	567.01
449.127	567.09
449.212	582.08
449.298	591.26
449.383	596.58
449.468	597.65
449.553	610.01
449.638	600.18
449.724	607.07
449.809	613.62
449.894	627.38
449.979	633.61
450.064	651.06
450.149	654.74
450.234	667.93
450.319	666.13
450.405	663.1
450.49	667.52
450.575	675.47
450.66	689.56
450.745	689.72
450.83	688
450.915	694.72
451	692.59
451.085	693.41
451.17	707.5
451.255	721.18
451.34	722.16
451.425	741.99
451.51	741
451.595	743.71
451.68	754.27
451.765	753.37
451.85	753.95
451.935	764.92
452.02	768.12
452.105	774.92
452.19	776.64
452.275	780.08
452.36	778.11
452.445	781.31
452.53	786.14
452.615	799.82
452.699	803.51
452.784	804.08
452.869	803.51
452.954	800.23
453.039	799.74
453.124	804
453.209	817.43
453.293	822.76
453.378	830.54
453.463	829.97
453.548	839.71
453.633	839.88
453.718	848.81
453.802	843.48
453.887	860.69
453.972	871.58
454.057	877.4
454.141	870.68
454.226	895.26
454.311	896.08
454.396	888.7
454.48	882.89
454.565	904.92
454.65	888.21
454.735	891.08
454.819	890.1
454.904	893.78
454.989	883.62
455.073	891.73
455.158	900.01
455.243	906.07
455.327	930.64
455.412	934.82
455.497	946.46
455.581	936.05
455.666	937.61
455.75	908.61
455.835	903.69
455.92	894.27
456.004	898.61
456.089	896.98
456.173	908.61
456.258	910.82
456.343	888.21
456.427	885.67
456.512	874.78
456.596	875.68
456.681	876.99
456.765	883.46
456.85	880.43
456.934	891.08
457.019	876.82
457.103	889.77
457.188	908.44
457.272	910.33
457.357	905
457.441	915.41
457.526	881.74
457.61	875.1
457.694	869.04
457.779	877.15
457.863	866.75
457.948	891.49
458.032	883.46
458.116	872.32
458.201	867.4
458.285	872.15
458.37	860.44
458.454	864.95
458.538	871.83
458.623	868.71
458.707	869.86
458.791	859.21
458.876	854.71
458.96	856.51
459.044	840.53
459.129	833.65
459.213	838.57
459.297	836.19
459.381	833.82
459.466	843.48
459.55	840.29
459.634	837.09
459.718	826.36
459.803	820.71
459.887	806.95
459.971	803.51
460.055	810.39
460.14	810.14
460.224	808.83
460.308	811.94
460.392	797.94
460.476	796.71
460.56	783.03
460.645	781.39
460.729	773.52
460.813	776.47
460.897	765.25
460.981	759.52
461.065	752.96
461.149	743.95
461.233	735.35
461.318	729.45
461.402	734.7
461.486	715.44
461.57	721.67
461.654	726.09
461.738	724.46
461.822	729.7
461.906	730.11
461.99	710.61
462.074	706.43
462.158	699.63
462.242	684.64
462.326	675.14
462.41	685.95
462.494	679.65
462.578	667.93
462.662	668.01
462.746	678.91
462.83	675.47
462.914	667.52
462.998	666.7
463.082	650.07
463.166	641.39
463.25	635.74
463.334	625.33
463.417	615.5
463.501	619.35
463.585	614.27
463.669	604.94
463.753	599.61
463.837	591.26
463.921	593.55
464.004	591.58
464.088	588.39
464.172	601.25
464.256	609.61
464.34	592.07
464.424	587.49
464.507	578.39
464.591	563.24
464.675	558.65
464.759	560.7
464.842	550.95
464.926	549.07
465.01	544.48
465.094	531.45
465.177	520.89
465.261	522.28
465.345	517.86
465.429	507.04
465.512	498.69
465.596	500.08
465.68	500.16
465.763	497.79
465.847	495.82
465.931	500.65
466.014	502.21
466.098	500.65
466.182	491.48
466.265	487.55
466.349	484.76
466.433	470.59
466.516	455.19
466.6	450.44
466.683	444.95
466.767	426.03
466.851	427.17
466.934	424.14
467.018	414.72
467.101	413.41
467.185	420.78
467.268	422.34
467.352	415.38
467.435	412.02
467.519	417.42
467.602	406.61
467.686	399.89
467.769	392.11
467.853	396.94
467.936	388.92
468.02	384.41
468.103	378.84
468.187	377.2
468.27	378.35
468.354	380.81
468.437	389.9
468.52	380.72
468.604	382.44
468.687	377.53
468.771	371.14
468.854	367.21
468.937	366.14
469.021	365.08
469.104	361.15
469.187	356.89
469.271	358.11
469.354	361.06
469.437	362.46
469.521	355.66
469.604	349.68
469.687	335.51
469.771	327.31
469.854	312.57
469.937	312.9
470.021	310.36
470.104	314.86
470.187	317.32
470.27	318.79
470.354	317.4
470.437	318.88
470.52	325.51
470.603	325.76
470.686	321.58
470.77	321.74
470.853	321.25
470.936	306.18
471.019	300.03
471.102	300.03
471.186	290.29
471.269	282.26
471.352	291.6
471.435	292.83
471.518	295.94
471.601	303.56
471.684	311.42
471.768	292.66
471.851	289.22
471.934	286.85
472.017	276.36
472.1	271.94
472.183	274.64
472.266	271.94
472.349	272.35
472.432	275.62
472.515	269.31
472.598	263.5
472.681	263.83
472.764	263.91
472.847	266.37
472.93	268.17
473.013	283.57
473.096	284.14
473.179	279.39
473.262	276.2
473.345	274.56
473.428	269.4
473.511	265.05
473.594	260.3
473.677	248.59
473.76	249.57
473.843	242.28
473.926	241.46
474.009	235.48
474.091	238.35
474.174	231.71
474.257	227.54
474.34	219.67
474.423	227.78
474.506	231.71
474.589	225.82
474.671	219.59
474.754	221.15
474.837	217.62
474.92	213.86
475.003	221.47
475.085	224.91
475.168	234.83
475.251	229.42
475.334	233.52
475.417	221.39
475.499	222.95
475.582	215.17
475.665	223.52
475.748	215.99
475.83	220.57
475.913	220.08
475.996	213.61
476.078	213.45
476.161	202.8
476.244	197.31
476.326	195.75
476.409	198.45
476.492	187.4
476.574	193.79
476.657	197.8
476.74	206.07
476.822	208.2
476.905	215.25
476.988	213.86
477.07	206.48
477.153	196.33
477.235	197.47
477.318	195.51
477.4	200.99
477.483	205.58
477.566	206.07
477.648	207.79
477.731	207.55
477.813	200.91
477.896	205.01
477.978	206.32
478.061	200.09
478.143	204.6
478.226	209.92
478.308	211.64
478.391	206.97
478.473	199.11
478.556	189.44
478.638	191.25
478.72	187.48
478.803	196.08
478.885	201.57
478.968	199.03
479.05	185.51
479.133	189.36
479.215	171.59
479.297	169.21
479.38	171.67
479.462	180.19
479.544	178.55
479.627	194.44
479.709	189.94
479.792	196.08
479.874	196.49
479.956	183.22
480.039	173.06
480.121	172.24
480.203	167.24
480.285	168.88
480.368	181.99
480.45	191.57
480.532	195.51
480.615	190.1
480.697	185.92
480.779	174.86
480.861	160.94
480.943	163.64
481.026	165.11
481.108	172.81
481.19	182.64
481.272	188.95
481.354	192.47
481.437	186.58
481.519	182.97
481.601	171.91
481.683	180.19
481.765	171.67
481.847	176.34
481.93	178.22
482.012	182.48
482.094	175.19
482.176	178.55
482.258	174.37
482.34	162.49
482.422	160.44
482.504	165.11
482.586	156.18
482.668	162.9
482.75	164.54
482.833	168.06
482.915	159.13
482.997	169.21
483.079	165.44
483.161	162.98
483.243	170.36
483.325	172.32
483.407	171.18
483.489	174.13
483.571	183.22
483.653	163.72
483.735	164.05
483.816	152.66
483.898	151.27
483.98	139.64
484.062	151.35
484.144	146.52
484.226	157.5
484.308	156.59
484.39	157.33
484.472	152.33
484.554	147.5
484.636	139.72
484.717	141.44
484.799	147.09
484.881	148.98
484.963	152.58
485.045	143.57
485.127	138.49
485.208	124.48
485.29	120.22
485.372	128.17
485.454	137.59
485.536	142.34
485.617	162.66
485.699	172.65
485.781	179.12
485.863	180.11
485.944	170.77
486.026	160.85
486.108	154.96
486.19	136.28
486.271	141.52
486.353	141.6
486.435	147.58
486.516	149.8
486.598	149.8
486.68	134.8
486.761	135.87
486.843	127.1
486.925	107.2
487.006	121.7
487.088	133.25
487.17	136.52
487.251	143.98
487.333	153.4
487.414	142.26
487.496	135.79
487.578	127.76
487.659	115.47
487.741	111.21
487.822	104.25
487.904	115.88
487.985	115.8
488.067	122.19
488.148	126.86
488.23	132.43
488.311	120.63
488.393	120.63
488.474	122.76
488.556	120.39
488.637	125.3
488.719	128.5
488.8	132.18
488.882	133.98
488.963	129.15
489.045	121.86
489.126	124.4
489.207	120.88
489.289	109.08
489.37	121.12
489.452	124.24
489.533	118.75
489.614	118.34
489.696	116.13
489.777	105.4
489.859	104.66
489.94	98.19
490.021	103.1
490.103	111.38
490.184	112.19
490.265	118.01
490.347	121.04
490.428	118.75
490.509	122.76
490.59	124.97
490.672	123.17
490.753	127.02
490.834	122.76
490.915	103.84
490.997	102.12
491.078	96.47
491.159	91.55
491.24	90.08
491.322	97.94
491.403	97.61
491.484	101.22
491.565	98.35
491.646	99.74
491.728	97.86
491.809	102.28
491.89	105.72
491.971	111.13
492.052	105.4
492.133	105.8
492.214	108.02
492.296	89.42
492.377	85.9
492.458	93.44
492.539	103.35
492.62	93.52
492.701	93.52
492.782	101.38
492.863	100.73
492.944	89.01
493.025	89.75
493.106	94.5
493.187	88.93
493.268	83.36
493.349	95.81
493.43	104
493.511	108.34
493.592	101.46
493.673	102.53
493.754	92.78
493.835	84.18
493.916	87.62
493.997	92.62
494.078	94.66
494.159	97.78
494.24	101.14
494.321	90.49
494.402	83.85
494.483	83.28
494.564	77.71
494.644	77.05
494.725	81.48
494.806	87.21
494.887	78.53
494.968	77.87
495.049	78.61
495.13	81.48
495.21	87.78
495.291	90.98
495.372	95.16
495.453	96.38
495.534	101.05
495.614	80.9
495.695	81.31
495.776	70.09
495.857	66.65
495.938	55.92
496.018	70.99
496.099	65.83
496.18	71.56
496.26	69.84
496.341	67.38
496.422	69.84
496.503	80.08
496.583	62.72
496.664	53.95
496.745	48.38
496.825	34.04
496.906	30.85
496.987	52.8
497.067	59.19
497.148	61.65
497.228	69.19
497.309	71.81
497.39	61.9
497.47	54.2
497.551	58.37
497.632	56.41
497.712	46.25
497.793	49.69
497.873	60.67
497.954	63.21
498.034	61.73
498.115	64.68
498.195	70.83
498.276	58.29
498.356	62.96
498.437	64.52
498.517	66.65
498.598	61.49
498.678	64.35
498.759	57.55
498.839	60.09
498.92	55.18
499	54.69
499.081	61.81
499.161	57.55
499.242	57.96
499.322	67.14
499.402	66.32
499.483	66.48
499.563	64.76
499.644	60.09
499.724	50.35
499.804	50.02
499.885	48.95
499.965	48.54
500.045	43.14
500.126	44.37
500.206	46.17
500.286	61.24
500.367	63.13
500.447	78.61
500.527	74.43
500.608	73.86
500.688	67.06
500.768	68.61
500.848	58.87
500.929	68.45
501.009	63.62
501.089	52.07
501.169	54.93
501.25	51.33
501.33	55.02
501.41	56.57
501.49	63.37
501.57	59.93
501.651	63.29
501.731	60.5
501.811	58.62
501.891	58.87
501.971	57.47
502.051	53.21
502.131	49.85
502.212	57.64
502.292	51.9
502.372	55.67
502.452	65.01
502.532	68.7
502.612	71.48
502.692	66.57
502.772	70.42
502.852	62.55
502.932	61.32
503.012	64.27
503.092	81.48
503.172	77.54
503.252	81.97
503.332	72.96
503.412	64.85
503.492	49.12
503.572	45.19
503.652	41.5
503.732	48.22
503.812	46.33
503.892	53.62
503.972	64.52
504.052	70.17
504.132	71.56
504.212	68.12
504.292	67.79
504.372	54.93
504.452	48.87
504.532	55.18
504.612	65.34
504.691	67.47
504.771	75.82
504.851	87.21
504.931	83.36
505.011	82.79
505.091	81.56
505.17	83.69
505.25	66.4
505.33	64.19
505.41	63.7
505.49	58.37
505.57	51.82
505.649	55.75
505.729	66.48
505.809	69.27
505.889	76.4
505.968	83.85
506.048	89.01
506.128	79.02
506.207	70.42
506.287	63.53
506.367	63.29
506.447	66.81
506.526	68.45
506.606	70.91
506.686	76.07
506.765	76.81
506.845	77.71
506.925	79.18
507.004	77.3
507.084	77.71
507.163	71.15
507.243	69.35
507.323	64.93
507.402	72.46
507.482	75.74
507.561	82.7
507.641	83.52
507.721	80.9
507.8	72.79
507.88	65.17
507.959	66.98
508.039	69.43
508.118	79.51
508.198	88.68
508.277	90.16
508.357	91.22
508.436	96.47
508.516	98.27
508.595	90.4
508.675	91.14
508.754	91.96
508.834	81.15
508.913	78.77
508.993	87.62
509.072	81.07
509.151	91.63
509.231	94.83
509.31	101.95
509.39	101.71
509.469	117.03
509.548	109.49
509.628	105.48
509.707	96.47
509.786	84.42
509.866	78.36
509.945	74.68
510.025	81.48
510.104	88.93
510.183	98.6
510.262	96.22
510.342	97.53
510.421	100.73
510.5	91.47
510.58	95.24
510.659	102.77
510.738	105.07
510.817	112.36
510.897	118.91
510.976	119.73
511.055	123.75
511.134	120.88
511.213	119.89
511.293	130.13
511.372	131.36
511.451	125.96
511.53	127.92
511.609	126.45
511.689	123.25
511.768	131.45
511.847	136.85
511.926	150.78
512.005	151.11
512.084	151.68
512.163	143
512.242	140.37
512.322	127.76
512.401	130.71
512.48	127.19
512.559	136.28
512.638	137.75
512.717	143.41
512.796	145.7
512.875	154.22
512.954	150.04
513.033	156.76
513.112	157.09
513.191	161.67
513.27	154.87
513.349	157.58
513.428	159.71
513.507	164.21
513.586	162.74
513.665	170.52
513.744	175.11
513.823	182.73
513.902	175.27
513.981	172.73
514.06	158.07
514.138	160.36
514.217	157
514.296	168.72
514.375	172.24
514.454	194.77
514.533	193.13
514.612	198.21
514.691	195.34
514.769	204.93
514.848	208.86
514.927	212.95
515.006	210.74
515.085	219.67
515.163	216.48
515.242	213.86
515.321	211.56
515.4	202.22
515.479	196.73
515.557	193.54
515.636	191.66
515.715	201.73
515.794	208.45
515.872	203.37
515.951	195.67
516.03	208.04
516.108	195.51
516.187	202.71
516.266	208.37
516.344	220.98
516.423	214.18
516.502	211.81
516.58	211.23
516.659	207.79
516.738	217.05
516.816	202.06
516.895	213.2
516.974	218.44
517.052	219.26
517.131	209.6
517.209	221.8
517.288	224.67
517.367	222.05
517.445	228.68
517.524	231.88
517.602	232.45
517.681	229.83
517.759	220.82
517.838	228.6
517.916	216.07
517.995	224.42
518.073	222.13
518.152	234.75
518.23	231.63
518.309	240.81
518.387	233.43
518.466	238.51
518.544	237.94
518.623	233.35
518.701	241.05
518.779	246.87
518.858	244.49
518.936	243.92
519.015	242.61
519.093	238.76
519.171	241.13
519.25	249.82
519.328	260.47
519.407	271.69
519.485	273.82
519.563	282.75
519.642	279.23
519.72	278.65
519.798	278.98
519.876	276.03
519.955	273.41
520.033	267.84
520.111	267.43
520.19	277.1
520.268	281.03
520.346	273.98
520.424	277.59
520.503	275.29
520.581	264.89
520.659	265.79
520.737	263.17
520.816	266.2
520.894	260.3
520.972	262.76
521.05	276.85
521.128	282.91
521.206	289.96
521.285	293.73
521.363	287.91
521.441	279.64
521.519	275.54
521.597	254.32
521.675	250.72
521.753	256.78
521.832	264.48
521.91	256.29
521.988	269.72
522.066	273.33
522.144	262.27
522.222	243.84
522.3	252.52
522.378	253.26
522.456	252.6
522.534	261.04
522.612	255.88
522.69	250.96
522.768	249.98
522.846	241.46
522.924	236.38
523.002	243.02
523.08	248.67
523.158	243.76
523.236	241.87
523.314	240.48
523.392	244.58
523.47	236.22
523.548	235.65
523.626	230.24
523.704	223.93
523.781	209.6
523.859	207.88
523.937	200.91
524.015	200.18
524.093	196.65
524.171	207.06
524.249	203.37
524.327	205.75
524.404	211.4
524.482	208.86
524.56	199.85
524.638	199.85
524.716	199.27
524.793	197.8
524.871	204.19
524.949	204.44
525.027	210.5
525.104	215.25
525.182	205.99
525.26	194.6
525.338	195.26
525.415	196.98
525.493	196.57
525.571	208.61
525.649	216.64
525.726	213.77
525.804	207.22
525.882	194.11
525.959	186.9
526.037	186.74
526.115	191.33
526.192	190.26
526.27	204.03
526.347	210.82
526.425	207.71
526.503	207.55
526.58	207.22
526.658	203.45
526.736	196.33
526.813	196.65
526.891	191.33
526.968	185.76
527.046	178.63
527.123	181.01
527.201	186.82
527.278	189.03
527.356	192.64
527.433	192.64
527.511	198.62
527.588	191.57
527.666	184.28
527.743	184.28
527.821	186.49
527.898	177.65
527.976	173.22
528.053	175.03
528.131	172.08
528.208	171.67
528.285	172.65
528.363	170.27
528.44	175.44
528.518	180.92
528.595	179.12
528.672	169.37
528.75	168.72
528.827	155.53
528.905	137.75
528.982	130.3
529.059	138.41
529.137	146.03
529.214	150.86
529.291	151.84
529.369	149.71
529.446	140.37
529.523	134.15
529.6	118.91
529.678	118.09
529.755	122.84
529.832	126.69
529.909	127.19
529.987	137.84
530.064	138.41
530.141	127.51
530.218	126.12
530.296	120.63
530.373	122.35
530.45	122.19
530.527	129.64
530.604	127.76
530.681	125.22
530.759	122.33
530.836	124.48
