198.396	3.04
198.5	-6.38
198.604	-11.79
198.708	-14.66
198.812	-11.54
198.916	-16.3
199.02	1.15
199.125	6.89
199.229	3.45
199.333	-0.57
199.437	3.94
199.541	-5.4
199.645	-2.53
199.749	-3.11
199.853	-0.89
199.957	-0.73
200.061	-2.94
200.165	4.43
200.269	5.9
200.373	9.92
200.477	4.43
200.581	10.08
200.685	3.53
200.789	9.43
200.893	1.15
200.996	9.67
201.1	-2.86
201.204	-8.35
201.308	-3.02
201.412	-1.3
201.516	1.48
201.62	8.61
201.724	13.61
201.828	7.95
201.932	15.82
202.035	16.23
202.139	19.26
202.243	10.08
202.347	5.74
202.451	0.74
202.555	-4.83
202.659	-12.53
202.762	-3.52
202.866	3.37
202.97	-1.96
203.074	-14.41
203.178	-11.87
203.281	-16.79
203.385	-22.11
203.489	-15.23
203.593	-0.89
203.697	-2.61
203.8	2.14
203.904	7.13
204.008	4.43
204.112	-4.58
204.215	-5.97
204.319	-9.33
204.423	-17.36
204.527	-23.75
204.63	-16.54
204.734	-12.36
204.838	-8.27
204.941	-1.8
205.045	11.07
205.149	7.71
205.252	14.34
205.356	12.21
205.46	7.22
205.563	3.78
205.667	15.82
205.771	5.25
205.874	7.22
205.978	9.18
206.082	2.22
206.185	-16.7
206.289	-10.31
206.392	-15.72
206.496	-9
206.6	-8.59
206.703	-6.38
206.807	-2.53
206.91	-0.4
207.014	1.24
207.117	3.37
207.221	7.79
207.324	5
207.428	9.59
207.531	5
207.635	7.95
207.739	18.93
207.842	15.98
207.946	7.79
208.049	8.77
208.153	6.31
208.256	0.99
208.359	5.74
208.463	2.22
208.566	-0.16
208.67	-1.63
208.773	-10.15
208.877	-6.87
208.98	8.53
209.084	7.79
209.187	12.87
209.29	20.65
209.394	18.27
209.497	9.43
209.601	10.98
209.704	4.92
209.807	-0.08
209.911	-9
210.014	-3.6
210.118	-17.61
210.221	-18.02
210.324	-12.2
210.428	-7.45
210.531	-15.39
210.634	-1.8
210.738	-6.46
210.841	-4.58
210.944	-7.37
211.048	4.43
211.151	0.25
211.254	9.1
211.357	8.61
211.461	11.8
211.564	11.15
211.667	19.83
211.77	23.35
211.874	16.96
211.977	21.63
212.08	13.03
212.183	9.43
212.287	2.79
212.39	10.33
212.493	-6.96
212.596	-2.29
212.7	-3.43
212.803	-7.61
212.906	-9.33
213.009	4.02
213.112	-6.38
213.215	-1.39
213.319	7.46
213.422	-6.46
213.525	-8.84
213.628	-1.63
213.731	-8.02
213.834	0.25
213.937	15.65
214.041	22.94
214.144	20.65
214.247	15.9
214.35	12.46
214.453	9.1
214.556	0.17
214.659	3.94
214.762	19.91
214.865	9.02
214.968	-0.89
215.071	-2.37
215.174	-2.86
215.277	-13.76
215.38	-10.31
215.483	-9.74
215.586	-2.78
215.689	-7.45
215.792	-3.27
215.895	1.07
215.998	4.92
216.101	0.91
216.204	-2.29
216.307	-8.92
216.41	-12.69
216.513	-9.25
216.616	-18.34
216.719	-1.8
216.822	-1.8
216.925	-7.61
217.028	-14.57
217.131	-8.68
217.234	-20.88
217.337	-14.41
217.44	-7.94
217.542	0.83
217.645	9.59
217.748	10.66
217.851	1.65
217.954	7.63
218.057	5.33
218.16	11.23
218.263	14.83
218.365	20.4
218.468	12.54
218.571	16.47
218.674	5.99
218.777	6.31
218.879	12.38
218.982	17.13
219.085	14.18
219.188	6.4
219.291	0.09
219.393	-7.69
219.496	-12.77
219.599	-7.69
219.702	-3.68
219.804	-2.45
219.907	-1.71
220.01	-2.53
220.113	-7.28
220.215	-8.59
220.318	-7.94
220.421	-18.75
220.523	-22.85
220.626	-9.82
220.729	-8.84
220.831	3.86
220.934	13.11
221.037	19.26
221.139	4.18
221.242	8.61
221.345	-2.78
221.447	-0.98
221.55	5.5
221.653	7.13
221.755	12.38
221.858	16.64
221.96	22.21
222.063	18.19
222.166	20
222.268	14.83
222.371	8.36
222.473	8.77
222.576	-0.89
222.679	-4.66
222.781	-9.91
222.884	-10.72
222.986	-16.62
223.089	-12.94
223.191	-4.17
223.294	-3.19
223.396	-4.58
223.499	0.91
223.601	3.78
223.704	-10.72
223.806	-12.61
223.909	-13.26
224.011	-19.16
224.114	-27.11
224.216	-14.74
224.319	-5.73
224.421	-0.32
224.523	3.78
224.626	16.88
224.728	7.87
224.831	-4.17
224.933	-9.58
225.036	-7.53
225.138	-20.06
225.24	-13.02
225.343	-9
225.445	-3.52
225.547	-12.94
225.65	-8.92
225.752	-8.1
225.855	-2.45
225.957	-7.69
226.059	-0.32
226.162	8.61
226.264	9.02
226.366	6.72
226.469	11.07
226.571	4.43
226.673	1.56
226.775	-0.89
226.878	1.97
226.98	-0.89
227.082	-5.4
227.185	-6.3
227.287	-0.24
227.389	1.56
227.491	4.92
227.594	11.89
227.696	12.29
227.798	7.3
227.9	8.53
228.002	11.56
228.105	17.54
228.207	17.54
228.309	16.39
228.411	14.83
228.513	2.87
228.616	-3.6
228.718	-4.58
228.82	-9.33
228.922	-23.5
229.024	-18.1
229.126	-31.29
229.228	-36.45
229.331	-35.14
229.433	-18.1
229.535	-11.46
229.637	1.48
229.739	2.71
229.841	13.52
229.943	7.87
230.045	4.92
230.147	13.28
230.249	8.77
230.352	-5.65
230.454	53.83
230.556	54.73
230.658	54.73
230.76	68.25
230.862	76.03
230.964	18.93
231.066	16.96
231.168	0.42
231.27	-12.85
231.372	-18.59
231.474	-24.32
231.576	-14.74
231.678	0.83
231.78	5.82
231.882	3.86
231.984	0.17
232.086	-10.72
232.187	-13.84
232.289	-13.84
232.391	-6.22
232.493	5.66
232.595	11.64
232.697	6.64
232.799	1.56
232.901	7.95
233.003	6.07
233.105	-0.81
233.207	3.37
233.308	5.74
233.41	-13.92
233.512	-15.48
233.614	-15.8
233.716	-16.38
233.818	-16.87
233.919	-2.12
234.021	-2.7
234.123	9.43
234.225	11.89
234.327	19.75
234.428	11.97
234.53	13.44
234.632	-2.2
234.734	-3.6
234.836	-5.97
234.937	-1.22
235.039	-2.61
235.141	10.41
235.243	15
235.344	11.56
235.446	12.54
235.548	10.16
235.649	-1.14
235.751	-13.43
235.853	-4.66
235.955	3.61
236.056	4.18
236.158	13.03
236.26	26.55
236.361	19.09
236.463	8.36
236.565	20
236.666	9.43
236.768	-5.81
236.87	-7.86
236.971	-5.97
237.073	-22.11
237.174	-10.23
237.276	-2.37
237.378	8.12
237.479	0.25
237.581	3.2
237.682	3.53
237.784	-7.61
237.885	-14.66
237.987	-6.55
238.089	0.66
238.19	-8.92
238.292	7.63
238.393	12.79
238.495	2.71
238.596	5.09
238.698	10.57
238.799	5
238.901	7.79
239.002	13.03
239.104	8.28
239.205	10.33
239.307	37.85
239.408	31.14
239.51	38.1
239.611	36.79
239.713	34.9
239.814	6.48
239.915	9.26
240.017	-3.76
240.118	-10.31
240.22	-14
240.321	-15.64
240.422	-24.32
240.524	-16.7
240.625	-5.24
240.727	-7.86
240.828	-4.17
240.929	-0.57
241.031	1.4
241.132	-6.38
241.233	0.5
241.335	-3.11
241.436	-4.5
241.537	0.74
241.639	-0.73
241.74	-2.45
241.841	0.25
241.943	-3.52
242.044	-14.25
242.145	-5.32
242.246	-6.3
242.348	-4.74
242.449	4.02
242.55	6.64
242.652	-2.53
242.753	5.66
242.854	0.58
242.955	1.56
243.056	8.53
243.158	13.28
243.259	11.72
243.36	18.11
243.461	11.64
243.562	6.81
243.664	10.49
243.765	11.56
243.866	7.38
243.967	13.85
244.068	12.62
244.169	11.72
244.271	5.17
244.372	7.46
244.473	1.24
244.574	5
244.675	-5.32
244.776	2.38
244.877	-1.71
244.978	3.61
245.08	-0.57
245.181	9.02
245.282	5
245.383	10.33
245.484	1.24
245.585	3.86
245.686	-0.98
245.787	-4.91
245.888	-4.25
245.989	3.45
246.09	4.1
246.191	8.36
246.292	1.32
246.393	-3.19
246.494	-1.63
246.595	-1.88
246.696	-6.96
246.797	8.53
246.898	8.69
246.999	8.94
247.1	9.59
247.201	21.14
247.302	9.59
247.403	15.16
247.504	18.11
247.605	17.46
247.705	4.84
247.806	4.18
247.907	-5.97
248.008	-7.2
248.109	-10.31
248.21	-0.81
248.311	-3.35
248.412	-6.96
248.513	-9.41
248.613	-2.04
248.714	-10.31
248.815	-0.98
248.916	10.82
249.017	8.85
249.118	1.89
249.218	6.72
249.319	-2.04
249.42	-8.68
249.521	-8.43
249.622	-3.6
249.722	-24
249.823	-24.32
249.924	-27.11
250.025	-31.37
250.125	-37.43
250.226	-17.77
250.327	-7.28
250.428	-1.06
250.528	7.38
250.629	8.44
250.73	7.79
250.83	-3.19
250.931	-1.22
251.032	-3.35
251.133	-0.89
251.233	-1.22
251.334	4.92
251.435	6.56
251.535	10.25
251.636	7.3
251.736	8.77
251.837	1.56
251.938	0.99
252.038	3.04
252.139	6.48
252.24	19.26
252.34	20.81
252.441	14.59
252.541	2.46
252.642	-2.37
252.743	-16.54
252.843	-11.95
252.944	-18.1
253.044	-14.9
253.145	-13.92
253.245	-23.01
253.346	-23.83
253.446	-12.61
253.547	-10.31
253.647	-10.4
253.748	-6.38
253.848	0.25
253.949	-3.84
254.049	-4.17
254.15	2.14
254.25	5.74
254.351	-5.97
254.451	6.56
254.552	9.51
254.652	9.18
254.753	17.54
254.853	35.97
254.954	31.79
255.054	31.05
255.154	30.15
255.255	25.24
255.355	16.64
255.456	2.63
255.556	1.48
255.656	-2.61
255.757	-3.6
255.857	-11.87
255.957	-10.31
256.058	-8.1
256.158	-4.42
256.258	-0.32
256.359	5.99
256.459	13.93
256.559	-0.89
256.66	-3.84
256.76	-7.2
256.86	-4.42
256.961	1.56
257.061	15.82
257.161	21.63
257.261	20.24
257.362	12.87
257.462	14.26
257.562	15.16
257.662	1.65
257.763	-4.01
257.863	0.01
257.963	-9.99
258.063	-14.98
258.164	-5.97
258.264	1.15
258.364	4.1
258.464	9.84
258.564	7.95
258.665	12.7
258.765	8.94
258.865	9.59
258.965	-2.29
259.065	-3.35
259.165	-12.2
259.265	-12.2
259.366	-21.62
259.466	-17.93
259.566	-14.25
259.666	-10.64
259.766	-4.5
259.866	0.58
259.966	0.58
260.066	3.45
260.166	5.99
260.266	-3.68
260.366	-2.12
260.467	1.07
260.567	-13.51
260.667	-14.57
260.767	-9.33
260.867	-14.74
260.967	-13.1
261.067	-4.33
261.167	-5.65
261.267	-9.82
261.367	-4.83
261.467	-11.22
261.567	-0.57
261.667	0.17
261.767	-0.48
261.867	-1.22
261.967	-1.39
262.066	-11.79
262.166	-14
262.266	-14.49
262.366	-10.07
262.466	-13.67
262.566	-14.17
262.666	-7.61
262.766	-1.39
262.866	-1.14
262.966	3.86
263.066	15.49
263.165	10.41
263.265	4.84
263.365	-1.3
263.465	0.66
263.565	-1.3
263.665	-3.76
263.764	0.74
263.864	-4.83
263.964	2.79
264.064	-7.04
264.164	-8.02
264.263	-13.84
264.363	-4.5
264.463	-0.89
264.563	-6.63
264.663	-0.24
264.762	7.54
264.862	1.56
264.962	-9.74
265.062	0.17
265.161	0.83
265.261	-0.73
265.361	2.46
265.46	0.17
265.56	3.94
265.66	-6.14
265.76	-3.35
265.859	-4.83
265.959	-3.35
266.059	-6.96
266.158	-2.2
266.258	-10.48
266.358	-10.31
266.457	-5.32
266.557	-1.06
266.657	-13.1
266.756	-13.67
266.856	-24
266.955	-20.15
267.055	-18.42
267.155	-4.17
267.254	-2.86
267.354	7.22
267.453	2.3
267.553	-3.52
267.652	-4.66
267.752	5.66
267.852	6.56
267.951	-0.98
268.051	-10.81
268.15	-1.96
268.25	-8.02
268.349	-7.2
268.449	-1.3
268.548	1.65
268.648	-7.78
268.747	-6.14
268.847	-3.19
268.946	-2.53
269.046	5.33
269.145	2.55
269.244	-0.24
269.344	-5.15
269.443	-0.65
269.543	-0.48
269.642	4.84
269.742	5.74
269.841	-0.08
269.94	-8.27
270.04	-14.17
270.139	-15.64
270.239	-8.68
270.338	-10.72
270.437	4.02
270.537	4.84
270.636	5.25
270.735	1.73
270.835	1.73
270.934	-3.02
271.033	-3.68
271.133	-3.11
271.232	-0.24
271.331	11.07
271.431	9.92
271.53	10.74
271.629	17.54
271.729	15
271.828	13.2
271.927	4.59
272.026	5.41
272.126	2.55
272.225	-1.22
272.324	-2.61
272.423	7.05
272.523	11.72
272.622	8.94
272.721	9.59
272.82	8.94
272.919	1.89
273.019	-3.52
273.118	-5.48
273.217	-4.74
273.316	1.24
273.415	-1.63
273.514	1.73
273.614	-6.22
273.713	-1.71
273.812	-2.86
273.911	4.51
274.01	11.31
274.109	18.27
274.208	3.45
274.307	-1.55
274.407	-6.3
274.506	-13.51
274.605	-12.2
274.704	1.81
274.803	10.41
274.902	2.38
275.001	-1.71
275.1	0.58
275.199	-7.86
275.298	-4.5
275.397	-0.98
275.496	-4.5
275.595	-12.12
275.694	-10.56
275.793	-8.68
275.892	-1.8
275.991	-2.12
276.09	8.12
276.189	12.62
276.288	1.56
276.387	5.82
276.486	3.86
276.585	-2.2
276.684	-8.68
276.783	-4.25
276.882	-15.56
276.981	-4.83
277.08	-4.99
277.178	-10.97
277.277	-8.02
277.376	-3.6
277.475	8.61
277.574	9.76
277.673	24.09
277.772	9.02
277.871	5.5
277.969	-5.4
278.068	4.35
278.167	-6.63
278.266	5.58
278.365	8.44
278.464	15.65
278.562	11.89
278.661	16.06
278.76	14.59
278.859	15.9
278.958	13.44
279.056	4.92
279.155	9.18
279.254	6.97
279.353	1.4
279.451	-9.5
279.55	-11.46
279.649	-13.35
279.748	-3.19
279.846	6.56
279.945	5.99
280.044	4.84
280.142	12.13
280.241	6.72
280.34	7.38
280.438	9.76
280.537	12.38
280.636	7.05
280.734	2.05
280.833	-11.63
280.932	-6.14
281.03	-3.19
281.129	-11.13
281.228	-15.64
281.326	-0.89
281.425	-11.05
281.523	-6.96
281.622	-4.25
281.721	-5.4
281.819	-17.44
281.918	-10.23
282.016	-14.41
282.115	-4.5
282.213	9.02
282.312	21.22
282.41	18.85
282.509	17.7
282.607	9.76
282.706	3.45
282.805	-2.37
282.903	-14.33
283.002	-10.07
283.1	-12.12
283.198	-17.77
283.297	-21.46
283.395	-7.94
283.494	-15.07
283.592	-8.27
283.691	-5.56
283.789	7.87
283.888	8.2
283.986	10.9
284.085	5.66
284.183	0.58
284.281	-7.53
284.38	-2.37
284.478	-8.68
284.576	-3.84
284.675	0.33
284.773	-9.82
284.872	-11.38
284.97	-9.09
285.068	-15.8
285.167	-13.59
285.265	0.25
285.363	1.32
285.462	9.51
285.56	16.31
285.658	6.81
285.757	-4.33
285.855	-10.81
285.953	-13.59
286.051	-8.35
286.15	-4.74
286.248	0.66
286.346	0.09
286.444	9.67
286.543	8.61
286.641	20.73
286.739	24.83
286.837	27.7
286.936	19.59
287.034	11.31
287.132	-4.33
287.23	-4.5
287.328	-3.52
287.427	-4.58
287.525	1.24
287.623	8.69
287.721	10.9
287.819	7.38
287.917	5.09
288.016	-4.74
288.114	-5.97
288.212	-12.85
288.31	-1.8
288.408	0.74
288.506	2.96
288.604	13.44
288.702	20.32
288.8	2.3
288.899	13.61
288.997	23.44
289.095	12.46
289.193	3.78
289.291	10.98
289.389	-1.55
289.487	-4.58
289.585	1.48
289.683	12.54
289.781	9.26
289.879	11.97
289.977	4.1
290.075	4.18
290.173	-1.22
290.271	-6.14
290.369	-9.25
290.467	-4.33
290.565	-0.48
290.663	-8.19
290.761	9.43
290.859	8.12
290.957	7.71
291.055	-1.71
291.152	6.4
291.25	2.87
291.348	3.2
291.446	-1.06
291.544	9.51
291.642	7.71
291.74	9.67
291.838	10.9
291.936	16.14
292.033	18.03
292.131	20
292.229	20.73
292.327	20.4
292.425	12.7
292.523	-0.4
292.62	1.73
292.718	-2.04
292.816	9.1
292.914	20.81
293.012	24.66
293.109	24.83
293.207	23.85
293.305	9.35
293.403	-0.48
293.5	-2.61
293.598	-5.15
293.696	-14.41
293.794	-5.56
293.891	6.15
293.989	5.41
294.087	-1.63
294.185	4.68
294.282	-5.48
294.38	-10.81
294.478	-15.97
294.575	-18.92
294.673	-15.23
294.771	-10.56
294.868	-24.24
294.966	-9.74
295.064	-7.78
295.161	-16.62
295.259	-17.61
295.356	-11.79
295.454	-14.74
295.552	-14.74
295.649	-12.12
295.747	-5.65
295.844	2.3
295.942	-7.53
296.04	-12.36
296.137	-13.26
296.235	-12.61
296.332	-10.07
296.43	-6.55
296.527	8.53
296.625	13.85
296.722	12.13
296.82	3.12
296.917	5.5
297.015	3.12
297.112	0.01
297.21	-10.97
297.307	-14.25
297.405	-20.55
297.502	-22.44
297.6	-25.14
297.697	-18.83
297.795	-18.1
297.892	-11.63
297.99	-15.48
298.087	-20.96
298.184	-19.49
298.282	-11.38
298.379	-12.61
298.477	-7.61
298.574	11.97
298.671	7.79
298.769	5.99
298.866	11.15
298.964	7.87
299.061	-4.33
299.158	9.51
299.256	7.63
299.353	4.76
299.45	0.5
299.548	0.5
299.645	-10.31
299.742	-13.43
299.839	-5.73
299.937	-2.45
300.034	-2.78
300.131	-7.04
300.229	2.3
300.326	-7.53
300.423	-2.04
300.52	0.74
300.618	6.07
300.715	5.33
300.812	5.09
300.909	1.73
301.006	10.25
301.104	3.53
301.201	-9.25
301.298	-9.58
301.395	-18.75
301.492	-31.7
301.59	-24.32
301.687	-18.92
301.784	-11.71
301.881	-1.3
301.978	4.27
302.075	-0.89
302.173	1.89
302.27	-4.33
302.367	-15.48
302.464	-13.35
302.561	-7.37
302.658	-0.16
302.755	8.53
302.852	12.54
302.949	5.25
303.046	3.86
303.143	-2.61
303.24	-14.74
303.338	-9.74
303.435	-4.33
303.532	0.25
303.629	0.25
303.726	3.61
303.823	9.35
303.92	3.45
304.017	-3.6
304.114	-8.59
304.211	-10.97
304.308	-9.17
304.405	-6.14
304.502	7.22
304.599	8.03
304.695	18.85
304.792	11.56
304.889	18.93
304.986	3.28
305.083	6.56
305.18	-2.94
305.277	0.01
305.374	-5.65
305.471	-1.96
305.568	0.99
305.665	-3.52
305.761	3.04
305.858	3.69
305.955	4.51
306.052	2.71
306.149	16.31
306.246	11.64
306.343	4.84
306.439	11.72
306.536	17.7
306.633	2.14
306.73	8.77
306.827	15
306.923	8.94
307.02	7.3
307.117	22.86
307.214	4.59
307.31	2.3
307.407	2.87
307.504	6.56
307.601	-10.15
307.697	0.99
307.794	-14.98
307.891	-24.16
307.988	-36.37
308.084	-22.03
308.181	-30.06
308.278	-11.63
308.374	-6.71
308.471	-5.48
308.568	-9.09
308.664	-10.81
308.761	-4.58
308.858	4.27
308.954	2.14
309.051	-1.06
309.147	9.35
309.244	1.73
309.341	8.2
309.437	15.49
309.534	21.88
309.63	13.85
309.727	14.75
309.824	1.65
309.92	-5.24
310.017	-5.81
310.113	2.63
310.21	1.81
310.306	-2.2
310.403	-1.47
310.499	-13.1
310.596	-18.92
310.693	-18.18
310.789	-13.67
310.886	-0.98
310.982	8.94
311.078	7.13
311.175	6.64
311.271	12.29
311.368	0.01
311.464	3.53
311.561	10.08
311.657	12.38
311.754	4.92
311.85	15.08
311.947	13.03
312.043	8.12
312.139	12.05
312.236	3.94
312.332	1.73
312.429	-10.89
312.525	-6.71
312.621	-7.53
312.718	7.22
312.814	8.12
312.91	13.85
313.007	-2.61
313.103	-5.48
313.199	-18.1
313.296	-21.29
313.392	-7.45
313.488	4.02
313.585	4.92
313.681	11.23
313.777	5.99
313.873	3.2
313.97	4.51
314.066	-4.91
314.162	-10.4
314.259	-4.66
314.355	-7.94
314.451	-5.24
314.547	6.31
314.643	9.43
314.74	1.24
314.836	-5.56
314.932	-3.6
315.028	-9.99
315.124	-4.5
315.221	6.15
315.317	13.36
315.413	12.62
315.509	14.67
315.605	10.49
315.701	7.3
315.798	-2.53
315.894	-3.76
315.99	-0.98
316.086	-3.68
316.182	-10.23
316.278	-1.22
316.374	-0.16
316.47	-9.74
316.566	-16.21
316.662	-8.27
316.759	-0.73
316.855	-2.12
316.951	2.22
317.047	14.67
317.143	16.96
317.239	9.51
317.335	0.09
317.431	12.62
317.527	6.89
317.623	9.02
317.719	4.1
317.815	2.87
317.911	-7.28
318.007	4.68
318.103	-4.01
318.199	-5.81
318.295	16.47
318.391	19.42
318.487	19.5
318.582	16.47
318.678	26.71
318.774	12.21
318.87	5.41
318.966	-6.38
319.062	-12.44
319.158	-29.81
319.254	-25.06
319.35	-20.55
319.446	-11.71
319.541	-5.4
319.637	1.97
319.733	-1.8
319.829	1.32
319.925	-2.12
320.021	5.74
320.116	5.99
320.212	4.02
320.308	3.69
320.404	6.56
320.5	-1.88
320.595	7.54
320.691	17.87
320.787	22.21
320.883	20.57
320.978	31.46
321.074	18.77
321.17	17.95
321.266	14.67
321.361	9.92
321.457	-5.15
321.553	-1.71
321.649	-9.74
321.744	-9.58
321.84	-7.04
321.936	7.87
322.031	7.3
322.127	14.92
322.223	8.28
322.318	3.45
322.414	-0.16
322.51	1.32
322.605	-4.58
322.701	-5.81
322.796	-8.19
322.892	-13.67
322.988	-9.58
323.083	-5.32
323.179	-5.81
323.274	-6.71
323.37	-8.84
323.466	-2.86
323.561	-0.73
323.657	-1.06
323.752	11.97
323.848	23.6
323.943	5.25
324.039	-4.91
324.134	-5.73
324.23	-13.1
324.325	-29.24
324.421	-16.95
324.516	-13.67
324.612	-9.33
324.707	-9.25
324.803	0.74
324.898	-2.86
324.994	-2.78
325.089	-7.86
325.185	5.9
325.28	6.64
325.375	12.87
325.471	9.02
325.566	16.14
325.662	1.56
325.757	9.59
325.853	5.58
325.948	6.64
326.043	6.89
326.139	7.87
326.234	-3.35
326.329	5.82
326.425	0.91
326.52	-2.61
326.615	-4.66
326.711	2.05
326.806	-5.56
326.901	9.02
326.997	7.95
327.092	12.46
327.187	11.64
327.283	19.59
327.378	19.34
327.473	14.83
327.568	22.62
327.664	22.37
327.759	14.01
327.854	9.26
327.949	29.33
328.045	22.37
328.14	20.9
328.235	15.9
328.33	15.49
328.425	6.97
328.521	11.72
328.616	8.36
328.711	9.92
328.806	5.9
328.901	5.82
328.996	-2.86
329.092	-0.73
329.187	-4.33
329.282	-1.14
329.377	-1.14
329.472	15.82
329.567	14.18
329.662	17.05
329.757	26.96
329.853	29.99
329.948	13.69
330.043	17.95
330.138	17.21
330.233	13.69
330.328	7.46
330.423	6.07
330.518	3.45
330.613	-2.61
330.708	-8.27
330.803	-13.35
330.898	-12.12
330.993	-10.72
331.088	0.58
331.183	-1.63
331.278	-0.65
331.373	11.48
331.468	10.41
331.563	9.67
331.658	8.69
331.753	22.78
331.848	7.87
331.943	-1.22
332.038	-0.73
332.133	-6.06
332.227	-19.98
332.322	-0.57
332.417	7.87
332.512	7.38
332.607	14.26
332.702	15.16
332.797	0.17
332.892	2.79
332.987	-0.48
333.081	5
333.176	-2.7
333.271	-4.66
333.366	-4.66
333.461	-0.4
333.556	-3.6
333.65	11.97
333.745	11.23
333.84	8.12
333.935	-4.25
334.029	-13.26
334.124	-26.21
334.219	-21.7
334.314	-24
334.409	-14.82
334.503	-11.71
334.598	-15.39
334.693	-4.66
334.787	-0.48
334.882	-1.14
334.977	3.53
335.072	17.95
335.166	14.01
335.261	6.89
335.356	2.38
335.45	-4.01
335.545	-17.2
335.64	-19
335.734	-17.44
335.829	-12.77
335.924	-6.22
336.018	-8.43
336.113	-4.01
336.207	-0.48
336.302	-7.12
336.397	-7.86
336.491	2.96
336.586	-8.68
336.68	-13.18
336.775	-0.08
336.869	5.33
336.964	1.65
337.059	8.94
337.153	20.73
337.248	5.58
337.342	-2.86
337.437	10.41
337.531	3.04
337.626	-4.83
337.72	14.01
337.815	18.44
337.909	10.08
338.004	9.67
338.098	16.06
338.193	5.17
338.287	12.13
338.381	12.95
338.476	18.85
338.57	16.88
338.665	25.89
338.759	19.83
338.854	22.12
338.948	16.31
339.042	18.93
339.137	10.16
339.231	8.36
339.326	3.69
339.42	7.38
339.514	4.27
339.609	5.41
339.703	0.91
339.797	4.51
339.892	7.54
339.986	11.15
340.08	15.08
340.175	19.01
340.269	17.29
340.363	9.26
340.457	-6.22
340.552	-12.44
340.646	-4.33
340.74	-3.02
340.835	3.94
340.929	7.63
341.023	15.24
341.117	-1.22
341.212	0.74
341.306	-3.76
341.4	1.48
341.494	2.46
341.588	11.89
341.683	10.41
341.777	9.84
341.871	13.36
341.965	5.82
342.059	8.44
342.153	-3.6
342.248	-1.22
342.342	-0.89
342.436	12.87
342.53	10.16
342.624	21.96
342.718	21.06
342.812	24.17
342.906	11.97
343.001	16.96
343.095	13.77
343.189	11.89
343.283	6.64
343.377	2.46
343.471	-3.27
343.565	2.38
343.659	-1.63
343.753	0.01
343.847	16.14
343.941	17.29
344.035	14.26
344.129	23.85
344.223	13.52
344.317	-1.06
344.411	-14.74
344.505	-11.22
344.599	-22.44
344.693	-9.74
344.787	-7.2
344.881	6.07
344.975	-7.37
345.069	-2.2
345.163	-9.82
345.257	-10.97
345.351	-12.12
345.444	-13.26
345.538	-12.77
345.632	-10.81
345.726	-4.17
345.82	-4.91
345.914	3.45
346.008	12.05
346.102	13.11
346.195	5.09
346.289	1.32
346.383	4.76
346.477	4.27
346.571	1.15
346.665	0.74
346.758	-3.02
346.852	-1.06
346.946	1.32
347.04	6.07
347.133	6.72
347.227	17.78
347.321	16.47
347.415	1.81
347.509	-12.94
347.602	-12.61
347.696	-10.64
347.79	-9.41
347.883	-6.87
347.977	-1.71
348.071	2.46
348.165	-11.54
348.258	-9.82
348.352	-5.15
348.446	3.86
348.539	3.37
348.633	10.25
348.727	7.05
348.82	15.65
348.914	9.67
349.007	8.44
349.101	11.48
349.195	8.44
349.288	-1.71
349.382	-0.08
349.476	-2.61
349.569	-4.58
349.663	-9.09
349.756	-8.02
349.85	-6.38
349.943	-2.61
350.037	-13.84
350.13	-7.37
350.224	-9.41
350.318	-7.78
350.411	-9.25
350.505	-1.47
350.598	-8.19
350.692	-5.07
350.785	-16.87
350.879	-13.35
350.972	-11.54
351.066	-9.09
351.159	-11.79
351.252	-10.72
351.346	-18.92
351.439	-26.78
351.533	-22.93
351.626	-18.75
351.72	-6.38
351.813	-3.35
351.906	0.83
352	-2.61
352.093	-6.63
352.187	-9
352.28	-3.84
352.373	-8.19
352.467	-10.48
352.56	-8.19
352.653	-14.66
352.747	-12.2
352.84	-9.5
352.933	-7.45
353.027	-11.05
353.12	12.95
353.213	14.18
353.307	27.78
353.4	32.12
353.493	25.65
353.586	2.46
353.68	-9.25
353.773	-9.66
353.866	-12.12
353.96	5
354.053	8.77
354.146	22.21
354.239	19.18
354.332	21.47
354.426	10.33
354.519	12.46
354.612	9.1
354.705	3.12
354.798	7.3
354.892	5.58
354.985	1.65
355.078	-6.63
355.171	-3.68
355.264	-8.84
355.357	3.04
355.45	7.13
355.544	14.51
355.637	11.89
355.73	17.37
355.823	12.05
355.916	12.38
356.009	0.01
356.102	-5.65
356.195	-14.17
356.288	-14.49
356.381	-15.07
356.474	-7.53
356.567	1.65
356.66	4.76
356.754	2.79
356.847	1.4
356.94	5
357.033	1.07
357.126	-4.91
357.219	-7.94
357.312	-3.02
357.405	-7.94
357.497	-11.54
357.59	-0.24
357.683	7.38
357.776	-4.01
357.869	-5.89
357.962	3.86
358.055	-15.89
358.148	-20.06
358.241	-9.82
358.334	-8.1
358.427	-8.92
358.52	5.33
358.613	9.35
358.705	6.89
358.798	10
358.891	7.05
358.984	2.71
359.077	-4.09
359.17	-6.38
359.263	-10.31
359.355	-8.76
359.448	-3.19
359.541	5.25
359.634	1.07
359.727	9.02
359.819	11.56
359.912	10
360.005	6.97
360.098	14.1
360.19	11.48
360.283	1.07
360.376	-3.84
360.469	-5.4
360.561	-7.04
360.654	-16.38
360.747	-11.54
360.84	1.65
360.932	-0.16
361.025	0.83
361.118	8.36
361.21	10.25
361.303	5.09
361.396	10.25
361.488	-0.48
361.581	0.91
361.674	-6.55
361.766	-4.99
361.859	-17.2
361.951	-6.96
362.044	-17.69
362.137	-9
362.229	-19.49
362.322	-16.3
362.414	-16.62
362.507	-2.37
362.6	-5.24
362.692	-0.4
362.785	-8.84
362.877	-5.15
362.97	-9.99
363.062	-8.35
363.155	-7.2
363.247	16.64
363.34	16.31
363.432	11.97
363.525	11.31
363.617	10.16
363.71	-7.61
363.802	-6.96
363.895	-3.93
363.987	-4.91
364.08	-15.97
364.172	-10.89
364.265	-14.98
364.357	-12.04
364.449	-12.28
364.542	-8.59
364.634	-8.27
364.727	-9.33
364.819	-17.11
364.911	-11.95
365.004	-3.93
365.096	-9.74
365.188	-12.36
365.281	-11.79
365.373	-13.76
365.466	-22.52
365.558	-13.1
365.65	-10.4
365.742	-6.87
365.835	-3.11
365.927	2.46
366.019	0.01
366.112	-3.93
366.204	-6.14
366.296	-12.53
366.389	-8.76
366.481	-18.83
366.573	-7.2
366.665	-2.29
366.758	1.65
366.85	4.18
366.942	17.46
367.034	6.4
367.126	-6.06
367.219	0.33
367.311	3.2
367.403	-1.63
367.495	1.48
367.587	9.1
367.679	-2.86
367.772	-2.86
367.864	-2.29
367.956	6.31
368.048	3.69
368.14	9.43
368.232	1.89
368.324	3.78
368.417	-2.61
368.509	-11.46
368.601	-20.23
368.693	-23.42
368.785	-12.69
368.877	-3.19
368.969	13.28
369.061	13.2
369.153	23.44
369.245	18.77
369.337	7.13
369.429	0.83
369.521	8.44
369.613	5.09
369.705	1.24
369.797	2.63
369.889	9.92
369.981	6.72
370.073	8.69
370.165	8.03
370.257	7.79
370.349	4.59
370.441	8.03
370.533	-3.27
370.625	-1.96
370.717	-1.88
370.809	7.87
370.901	8.36
370.993	12.54
371.084	3.86
371.176	-5.56
371.268	-15.8
371.36	-19.08
371.452	-28.99
371.544	-24.24
371.636	-12.69
371.727	-5.89
371.819	-5.65
371.911	6.4
372.003	5.5
372.095	14.01
372.187	7.71
372.278	12.13
372.37	8.12
372.462	12.21
372.554	5
372.645	12.62
372.737	5.58
372.829	12.29
372.921	8.94
373.012	7.87
373.104	-8.68
373.196	-4.99
373.288	-5.81
373.379	-13.92
373.471	-16.3
373.563	-0.16
373.654	1.32
373.746	-9.82
373.838	-2.86
373.929	-9
374.021	-19.16
374.113	-32.6
374.204	-16.87
374.296	-6.06
374.388	-4.66
374.479	-3.11
374.571	10.16
374.662	-0.08
374.754	-16.7
374.846	-12.28
374.937	-5.97
375.029	-13.18
375.12	-11.63
375.212	-9
375.304	-13.76
375.395	-16.62
375.487	-6.06
375.578	1.97
375.67	8.85
375.761	19.67
375.853	11.89
375.944	6.48
376.036	3.45
376.127	-3.02
376.219	-6.63
376.31	-0.08
376.402	-4.74
376.493	-4.66
376.584	3.69
376.676	1.24
376.767	-1.55
376.859	10.49
376.95	9.02
377.042	11.39
377.133	5.5
377.224	8.2
377.316	-3.43
377.407	-13.26
377.499	-17.69
377.59	-9.91
377.681	-12.2
377.773	-4.01
377.864	9.43
377.955	10.57
378.047	3.94
378.138	10.74
378.229	4.35
378.321	2.87
378.412	-2.37
378.503	8.36
378.595	2.22
378.686	0.83
378.777	-4.58
378.868	1.89
378.96	3.28
379.051	2.55
379.142	4.02
379.233	2.14
379.325	0.42
379.416	-6.79
379.507	-7.28
379.598	-0.81
379.689	1.73
379.781	-6.22
379.872	-1.3
379.963	5.74
380.054	3.12
380.145	3.69
380.236	17.29
380.328	6.07
380.419	-11.63
380.51	-13.92
380.601	-13.76
380.692	-24.4
380.783	-15.39
380.874	0.74
380.965	-0.73
381.056	-1.3
381.148	2.87
381.239	-8.68
381.33	-16.05
381.421	-21.87
381.512	-19.74
381.603	-22.68
381.694	-17.52
381.785	-11.63
381.876	3.53
381.967	1.65
382.058	-0.73
382.149	10.57
382.24	5.66
382.331	-1.88
382.422	3.86
382.513	6.4
382.604	-3.11
382.695	6.56
382.786	4.92
382.877	2.14
382.968	3.78
383.059	5.17
383.149	5.41
383.24	7.38
383.331	-0.57
383.422	0.25
383.513	-2.94
383.604	-5.73
383.695	-6.38
383.786	1.15
383.877	0.74
383.967	9.35
384.058	-2.29
384.149	0.58
384.24	1.24
384.331	3.37
384.421	-1.47
384.512	0.01
384.603	-2.2
384.694	0.42
384.785	0.99
384.875	-0.65
384.966	7.38
385.057	7.46
385.148	5.5
385.238	-0.16
385.329	5.66
385.42	4.92
385.511	13.03
385.601	11.39
385.692	11.23
385.783	6.64
385.873	2.3
385.964	1.65
386.055	0.25
386.146	2.79
386.236	-5.4
386.327	0.58
386.417	-8.1
386.508	-9.33
386.599	-12.36
386.689	-0.24
386.78	-6.96
386.871	-0.4
386.961	-0.48
387.052	-2.7
387.142	-0.32
387.233	2.38
387.324	-1.88
387.414	-6.87
387.505	-8.84
387.595	-23.67
387.686	-12.53
387.776	-18.26
387.867	-14.66
387.957	-10.72
388.048	0.83
388.138	-5.97
388.229	10.49
388.319	20.73
388.41	24.09
388.5	20.73
388.591	16.06
388.681	-0.89
388.772	-0.24
388.862	1.97
388.953	5.33
389.043	9.02
389.134	7.54
389.224	-0.08
389.314	-9.74
389.405	-9.09
389.495	-8.51
389.586	0.42
389.676	-0.4
389.766	-3.02
389.857	-3.76
389.947	-2.45
390.037	-9.66
390.128	-7.28
390.218	13.36
390.308	11.48
390.399	8.53
390.489	9.51
390.579	1.73
390.67	-16.95
390.76	-16.13
390.85	-20.47
390.94	-11.3
391.031	-6.63
391.121	8.2
391.211	6.81
391.301	11.48
391.392	5.99
391.482	4.35
391.572	3.94
391.662	-1.96
391.753	5.17
391.843	13.11
391.933	14.51
392.023	12.87
392.113	24.83
392.204	13.2
392.294	5.74
392.384	12.54
392.474	6.31
392.564	-3.84
392.654	-2.78
392.744	7.22
392.835	-4.99
392.925	6.07
393.015	13.11
393.105	12.38
393.195	-5.56
393.285	0.25
393.375	-15.07
393.465	-14.17
393.555	-11.79
393.645	0.99
393.735	-3.19
393.825	-4.99
393.915	-3.27
394.005	-2.45
394.095	-2.2
394.185	-4.09
394.275	5.5
394.365	7.3
394.455	12.7
394.545	11.07
394.635	19.18
394.725	19.34
394.815	17.46
394.905	10.08
394.995	4.02
395.085	10.16
395.175	23.44
395.265	20.9
395.355	25.24
395.445	21.47
395.535	18.36
395.625	2.87
395.714	-4.09
395.804	-2.7
395.894	12.62
395.984	17.54
396.074	20.65
396.164	27.7
396.254	15.9
396.343	13.69
396.433	3.45
396.523	11.56
396.613	16.23
396.703	13.28
396.792	15.82
396.882	7.3
396.972	-4.91
397.062	-14.33
397.151	-0.48
397.241	-3.6
397.331	-0.98
397.421	-9.33
397.51	-6.22
397.6	-20.23
397.69	-30.55
397.78	-19.82
397.869	-7.12
397.959	-9.74
398.049	3.53
398.138	15.24
398.228	2.22
398.318	7.22
398.407	10.9
398.497	7.54
398.587	-6.87
398.676	8.61
398.766	-3.68
398.856	-9.91
398.945	-3.02
399.035	9.51
399.124	11.89
399.214	22.29
399.303	28.6
399.393	10.33
399.483	8.77
399.572	-2.45
399.662	-13.1
399.751	-14
399.841	2.46
399.93	1.32
400.02	-4.33
400.109	-2.86
400.199	-12.44
400.288	-5.73
400.378	-10.07
400.467	-1.14
400.557	-5.89
400.646	-12.12
400.736	-27.52
400.825	-15.56
400.915	-15.31
401.004	-4.74
401.094	6.56
401.183	4.18
401.272	-2.04
401.362	1.15
401.451	-11.05
401.541	-2.12
401.63	5.9
401.719	1.81
401.809	-1.96
401.898	12.87
401.987	10.33
402.077	6.64
402.166	9.35
402.255	9.02
402.345	18.77
402.434	11.31
402.523	14.83
402.613	17.62
402.702	8.44
402.791	-6.87
402.881	-6.96
402.97	-3.68
403.059	-11.54
403.148	-1.63
403.238	-4.09
403.327	-7.78
403.416	-16.3
403.505	-19.82
403.594	-21.29
403.684	-19.98
403.773	-14.17
403.862	-0.98
403.951	10.74
404.04	9.67
404.13	4.51
404.219	11.48
404.308	-0.98
404.397	-7.53
404.486	-9.33
404.575	-6.3
404.665	-12.94
404.754	-8.35
404.843	-0.89
404.932	-4.33
405.021	-5.24
405.11	-9.33
405.199	-17.28
405.288	-20.55
405.377	-20.06
405.466	-11.54
405.555	-11.54
405.644	-6.06
405.733	-11.46
405.823	-0.89
405.912	1.97
406.001	1.73
406.09	-0.65
406.179	4.76
406.268	0.99
406.357	-10.72
406.446	-5.4
406.534	0.91
406.623	1.65
406.712	4.35
406.801	13.77
406.89	23.19
406.979	28.92
407.068	22.04
407.157	27.29
407.246	24.25
407.335	13.85
407.424	2.87
407.513	12.7
407.602	4.68
407.69	7.38
407.779	15.41
407.868	11.31
407.957	5.9
408.046	7.54
408.135	1.07
408.223	-3.35
408.312	9.35
408.401	6.97
408.49	4.43
408.579	11.72
408.668	14.75
408.756	9.84
408.845	12.95
408.934	14.01
409.023	16.06
409.111	9.1
409.2	14.01
409.289	13.2
409.378	23.93
409.466	13.69
409.555	10.98
409.644	4.51
409.732	-0.89
409.821	-6.38
409.91	-5.07
409.998	1.32
410.087	1.56
410.176	12.54
410.264	11.8
410.353	6.07
410.442	4.59
410.53	-3.52
410.619	-15.39
410.708	-19.33
410.796	-27.27
410.885	-31.04
410.973	-22.6
411.062	-13.59
411.151	-17.52
411.239	-9.33
411.328	2.55
411.416	5
411.505	0.58
411.593	4.68
411.682	18.27
411.77	13.28
411.859	15.82
411.947	19.5
412.036	21.63
412.124	15
412.213	13.36
412.301	3.86
412.39	5.33
412.478	1.15
412.567	-3.35
412.655	-2.53
412.744	-3.11
412.832	-7.53
412.92	-7.2
413.009	-1.8
413.097	-6.87
413.186	-12.12
413.274	-22.03
413.363	-20.64
413.451	-21.54
413.539	-18.42
413.628	-10.4
413.716	0.66
413.804	-6.55
413.893	-8.76
413.981	-14.82
414.069	-12.04
414.158	-6.96
414.246	-0.32
414.334	8.03
414.423	15
414.511	21.96
414.599	15.41
414.687	27.12
414.776	28.51
414.864	34
414.952	27.29
415.04	24.42
415.129	20.9
415.217	9.51
415.305	5.9
415.393	13.85
415.482	16.55
415.57	6.31
415.658	8.12
415.746	3.69
415.834	2.71
415.922	4.59
416.011	10.57
416.099	13.11
416.187	10
416.275	13.69
416.363	13.28
416.451	6.81
416.539	4.1
416.628	5.25
416.716	-4.83
416.804	-16.3
416.892	-7.45
416.98	-11.3
417.068	-7.69
417.156	-13.35
417.244	3.78
417.332	-6.87
417.42	-2.45
417.508	3.78
417.596	-5.97
417.684	-1.47
417.772	-0.24
417.86	4.27
417.948	-12.2
418.036	-1.63
418.124	-12.77
418.212	-6.71
418.3	-7.45
418.388	-4.91
418.476	-4.25
418.564	-1.14
418.652	-5.24
418.74	-2.29
418.828	5.09
418.916	12.13
419.004	18.68
419.091	28.19
419.179	14.75
419.267	10
419.355	-5.48
419.443	-10.97
419.531	-13.43
419.619	-4.66
419.706	8.36
419.794	21.31
419.882	18.6
419.97	14.59
420.058	6.07
420.146	7.13
420.233	10
420.321	4.68
420.409	4.02
420.497	11.56
420.584	4.92
420.672	0.09
420.76	-4.74
420.848	-7.45
420.935	-15.97
421.023	-16.05
421.111	-7.53
421.199	-2.2
421.286	-7.53
421.374	-1.06
421.462	-0.57
421.549	-5.24
421.637	2.87
421.725	8.77
421.812	9.35
421.9	-1.55
421.988	-8.19
422.075	-10.23
422.163	-11.38
422.25	-9.41
422.338	3.61
422.426	16.64
422.513	14.1
422.601	23.68
422.688	33.43
422.776	28.68
422.864	20
422.951	20.73
423.039	17.13
423.126	12.05
423.214	3.53
423.301	6.31
423.389	8.03
423.476	6.72
423.564	-9.66
423.651	-1.96
423.739	-3.93
423.826	-10.4
423.914	-4.33
424.001	4.35
424.089	-3.93
424.176	2.46
424.264	5.33
424.351	-2.45
424.438	0.66
424.526	10.82
424.613	3.53
424.701	12.29
424.788	11.31
424.876	11.23
424.963	0.33
425.05	-0.65
425.138	-10.97
425.225	-9.91
425.312	-19.33
425.4	-9.41
425.487	-3.02
425.574	0.5
425.662	-7.45
425.749	-1.47
425.836	-7.61
425.924	-4.17
426.011	0.01
426.098	10.33
426.185	13.85
426.273	19.18
426.36	14.34
426.447	3.69
426.534	7.22
426.622	6.4
426.709	10.25
426.796	3.04
426.883	9.92
426.971	5.99
427.058	17.37
427.145	8.85
427.232	15.41
427.319	16.06
427.406	7.13
427.494	-4.5
427.581	-7.2
427.668	-7.2
427.755	-4.25
427.842	2.46
427.929	-9.09
428.016	3.78
428.104	-8.43
428.191	-14.74
428.278	-16.87
428.365	-13.67
428.452	-24.24
428.539	-23.26
428.626	-20.47
428.713	-20.23
428.8	-15.72
428.887	-14.17
428.974	-9.66
429.061	-14.66
429.148	-18.1
429.235	-1.88
429.322	-10.81
429.409	-1.55
429.496	8.53
429.583	10.25
429.67	3.61
429.757	15.82
429.844	5.58
429.931	-2.45
430.018	5.99
430.105	-5.24
430.192	-3.27
430.279	1.89
430.366	7.71
430.453	2.3
430.539	3.37
430.626	1.56
430.713	1.65
430.8	2.46
430.887	-6.79
430.974	-6.71
431.061	-11.79
431.147	-12.85
431.234	-8.1
431.321	1.73
431.408	4.02
431.495	5.74
431.582	-1.88
431.668	-15.15
431.755	-25.8
431.842	-34.15
431.929	-33.42
432.015	-23.09
432.102	-18.92
432.189	-5.4
432.276	-10.23
432.362	-8.1
432.449	-11.71
432.536	-10.07
432.623	-16.3
432.709	0.83
432.796	4.27
432.883	3.86
432.969	-0.32
433.056	7.79
433.143	13.28
433.229	13.69
433.316	11.89
433.403	22.21
433.489	14.75
433.576	17.05
433.662	20.24
433.749	12.87
433.836	6.4
433.922	7.46
434.009	2.46
434.095	-5.56
434.182	7.13
434.268	6.23
434.355	7.38
434.442	13.2
434.528	15.33
434.615	11.56
434.701	10.33
434.788	8.94
434.874	3.04
434.961	3.37
435.047	3.61
435.134	4.35
435.22	0.66
435.307	2.14
435.393	8.61
435.48	15.74
435.566	14.92
435.652	20.98
435.739	13.28
435.825	-1.8
435.912	-15.56
435.998	-20.15
436.084	-16.95
436.171	-0.48
436.257	14.75
436.344	15.08
436.43	12.62
436.516	5.41
436.603	-5.07
436.689	-13.26
436.775	-4.01
436.862	9.92
436.948	9.84
437.034	1.07
437.121	-9.25
437.207	-11.05
437.293	-14.17
437.38	-6.71
437.466	2.55
437.552	12.21
437.638	18.11
437.725	20
437.811	18.6
437.897	6.97
437.983	10.66
438.07	1.07
438.156	-12.12
438.242	-13.26
438.328	-5.4
438.414	-13.18
438.501	-13.51
438.587	-2.94
438.673	-36.2
438.759	-43.33
438.845	-43.82
438.931	-36.86
439.017	-32.35
439.104	-6.55
439.19	-9.5
439.276	-1.88
439.362	-11.54
439.448	-24.9
439.534	-23.18
439.62	-15.72
439.706	-13.84
439.792	-6.96
439.878	-9.33
439.964	-7.94
440.05	-13.51
440.137	-20.8
440.223	-22.11
440.309	-10.4
440.395	-5.32
440.481	-6.55
440.567	5.09
440.653	-0.08
440.739	-5.15
440.825	-2.61
440.911	11.23
440.996	4.92
441.082	2.87
441.168	5.66
441.254	10
441.34	3.12
441.426	-0.65
441.512	10.57
441.598	1.32
441.684	2.46
441.77	2.63
441.856	-0.98
441.941	-3.11
442.027	1.89
442.113	-13.67
442.199	-9.33
442.285	-7.45
442.371	-19.98
442.457	-7.94
442.542	-10.72
442.628	-18.59
442.714	-13.84
442.8	-11.79
442.886	-20.96
442.971	-10.89
443.057	1.65
443.143	-5.48
443.229	6.15
443.314	3.94
443.4	2.38
443.486	-5.24
443.572	4.35
443.657	3.45
443.743	3.78
443.829	-2.94
443.914	1.56
444	-8.68
444.086	-14
444.171	-9.25
444.257	-4.01
444.343	-7.86
444.428	12.05
444.514	22.21
444.6	19.67
444.685	13.03
444.771	21.63
444.857	6.15
444.942	-4.99
445.028	-5.48
445.113	9.92
445.199	-1.39
445.285	4.51
445.37	6.89
445.456	-0.08
445.541	-14.66
445.627	-4.99
445.712	-9.91
445.798	-4.74
445.883	1.65
445.969	11.56
446.054	6.64
446.14	23.44
446.225	27.53
446.311	30.4
446.396	33.59
446.482	35.31
446.567	18.36
446.653	13.93
446.738	22.62
446.823	19.91
446.909	11.48
446.994	24.01
447.08	11.48
447.165	-2.04
447.251	-1.22
447.336	2.55
447.421	2.22
447.507	4.02
447.592	17.13
447.677	17.62
447.763	13.69
447.848	0.33
447.933	18.77
448.019	20.73
448.104	23.44
448.189	22.62
448.275	34.99
448.36	31.3
448.445	23.03
448.53	15.33
448.616	27.12
448.701	20.24
448.786	8.94
448.872	13.28
448.957	7.13
449.042	2.46
449.127	1.4
449.212	9.18
449.298	0.83
449.383	6.81
449.468	14.26
449.553	11.64
449.638	19.59
449.724	26.79
449.809	32.28
449.894	18.68
449.979	22.94
450.064	20.65
450.149	18.52
450.234	13.36
450.319	27.53
450.405	30.15
450.49	23.27
450.575	17.46
450.66	19.34
450.745	19.18
450.83	10.57
450.915	10.49
451	14.75
451.085	16.06
451.17	11.56
451.255	16.06
451.34	15.49
451.425	16.88
451.51	15.74
451.595	9.43
451.68	0.17
451.765	-1.14
451.85	-2.45
451.935	1.24
452.02	7.87
452.105	13.61
452.19	16.64
452.275	16.64
452.36	8.28
452.445	2.55
452.53	15.08
452.615	27.04
452.699	24.75
452.784	33.43
452.869	43.18
452.954	33.68
453.039	17.95
453.124	18.44
453.209	11.07
453.293	7.63
453.378	14.83
453.463	11.72
453.548	13.2
453.633	13.28
453.718	15.33
453.802	15.24
453.887	33.76
453.972	38.02
454.057	38.18
454.141	23.68
454.226	23.35
454.311	3.53
454.396	-4.74
454.48	0.5
454.565	8.2
454.65	7.3
454.735	14.18
454.819	21.88
454.904	25.32
454.989	31.3
455.073	27.7
455.158	28.92
455.243	25.24
455.327	17.54
455.412	14.67
455.497	10.49
455.581	5.9
455.666	13.36
455.75	3.78
455.835	2.63
455.92	4.1
456.004	-1.96
456.089	-9.91
456.173	-0.24
456.258	4.02
456.343	7.3
456.427	21.88
456.512	21.22
456.596	21.06
456.681	13.69
456.765	10.82
456.85	6.48
456.934	1.73
457.019	4.51
457.103	10.25
457.188	22.21
457.272	15.82
457.357	28.35
457.441	28.68
457.526	27.37
457.61	15.98
457.694	17.37
457.779	7.46
457.863	8.12
457.948	4.51
458.032	10.25
458.116	16.8
458.201	17.78
458.285	15.16
458.37	23.03
458.454	18.11
458.538	9.76
458.623	17.78
458.707	24.5
458.791	20.08
458.876	27.29
458.96	47.44
459.044	45.14
459.129	36.87
459.213	29.66
459.297	27.7
459.381	14.59
459.466	7.13
459.55	9.35
459.634	12.79
459.718	15.16
459.803	25.07
459.887	31.05
459.971	28.68
460.055	26.38
460.14	15.08
460.224	-6.96
460.308	-11.46
460.392	-6.55
460.476	-3.02
460.56	5.66
460.645	16.88
460.729	15.9
460.813	10.25
460.897	23.68
460.981	15.33
461.065	18.6
461.149	21.47
461.233	26.79
461.318	12.62
461.402	16.88
461.486	17.78
461.57	16.55
461.654	12.05
461.738	14.42
461.822	7.38
461.906	13.52
461.99	8.77
462.074	14.34
462.158	9.18
462.242	13.77
462.326	-2.2
462.41	9.1
462.494	1.56
462.578	6.23
462.662	10.16
462.746	24.34
462.83	12.05
462.914	14.26
462.998	28.02
463.082	23.35
463.166	13.36
463.25	24.66
463.334	30.48
463.417	15.57
463.501	13.36
463.585	19.09
463.669	17.21
463.753	17.7
463.837	14.67
463.921	15.33
464.004	19.26
464.088	15.16
464.172	7.22
464.256	14.83
464.34	14.1
464.424	6.81
464.507	4.43
464.591	8.03
464.675	-6.3
464.759	-13.76
464.842	-12.61
464.926	-7.78
465.01	-8.68
465.094	0.42
465.177	9.35
465.261	10.08
465.345	7.79
465.429	-6.87
465.512	-10.07
465.596	-10.15
465.68	-11.63
465.763	-9.58
465.847	3.37
465.931	-0.81
466.014	6.4
466.098	-3.43
466.182	0.17
466.265	12.7
466.349	15.41
466.433	8.12
466.516	21.72
466.6	11.89
466.683	-8.35
466.767	-10.56
466.851	-5.81
466.934	-7.86
467.018	-5.24
467.101	0.74
467.185	10.08
467.268	12.05
467.352	9.26
467.435	12.7
467.519	12.54
467.602	11.8
467.686	16.88
467.769	11.8
467.853	19.34
467.936	21.63
468.02	20.24
468.103	12.62
468.187	16.14
468.27	12.54
468.354	12.54
468.437	13.44
468.52	16.14
468.604	24.5
468.687	32.53
468.771	39.9
468.854	31.3
468.937	27.7
469.021	16.64
469.104	5.17
469.187	-5.89
469.271	2.38
469.354	-3.11
469.437	-0.32
469.521	5.74
469.604	9.43
469.687	7.05
469.771	0.83
469.854	5.41
469.937	-3.11
470.021	-4.17
470.104	-6.46
470.187	4.51
470.27	7.46
470.354	4.92
470.437	15.41
470.52	19.5
470.603	20.98
470.686	12.29
470.77	27.12
470.853	11.8
470.936	8.28
471.019	5.58
471.102	9.67
471.186	-1.88
471.269	-2.53
471.352	0.17
471.435	-0.81
471.518	-4.01
471.601	3.37
471.684	15.82
471.768	13.44
471.851	24.66
471.934	23.6
472.017	16.14
472.1	13.69
472.183	26.79
472.266	12.38
472.349	5.66
472.432	14.26
472.515	18.44
472.598	13.28
472.681	24.58
472.764	34
472.847	19.67
472.93	14.83
473.013	6.31
473.096	-1.71
473.179	-6.06
473.262	-0.89
473.345	1.24
473.428	15.41
473.511	18.19
473.594	22.37
473.677	23.68
473.76	14.67
473.843	8.77
473.926	3.2
474.009	-7.37
474.091	-4.66
474.174	6.89
474.257	2.46
474.34	10.33
474.423	19.09
474.506	15.82
474.589	15.49
474.671	6.64
474.754	-0.65
474.837	9.02
474.92	7.71
475.003	5.99
475.085	15.41
475.168	18.6
475.251	1.73
475.334	-0.08
475.417	-7.94
475.499	-3.19
475.582	-3.19
475.665	10.16
475.748	7.95
475.83	12.79
475.913	6.31
475.996	2.38
476.078	-13.84
476.161	-10.48
476.244	-15.07
476.326	-16.95
476.409	-11.46
476.492	-2.04
476.574	3.28
476.657	6.15
476.74	5.5
476.822	-2.29
476.905	3.37
476.988	4.35
477.07	-0.48
477.153	-2.04
477.235	-0.81
477.318	-5.24
477.4	-15.8
477.483	-4.74
477.566	4.59
477.648	7.13
477.731	10.16
477.813	22.04
477.896	13.36
477.978	11.97
478.061	13.44
478.143	15.41
478.226	10.25
478.308	11.07
478.391	7.05
478.473	8.69
478.556	-0.89
478.638	-1.22
478.72	-1.14
478.803	-2.61
478.885	-4.5
478.968	-8.76
479.05	-0.24
479.133	2.38
479.215	2.22
479.297	1.48
479.38	6.56
479.462	-4.58
479.544	-7.86
479.627	-6.87
479.709	1.73
479.792	-0.24
479.874	-1.63
479.956	3.94
480.039	3.37
480.121	-7.94
480.203	1.48
480.285	14.1
480.368	5.9
480.45	8.61
480.532	16.55
480.615	8.03
480.697	0.33
480.779	-5.56
480.861	-3.43
480.943	2.63
481.026	5.66
481.108	4.02
481.19	17.54
481.272	16.96
481.354	16.55
481.437	14.18
481.519	12.7
481.601	20.73
481.683	20.32
481.765	11.31
481.847	15.24
481.93	23.35
482.012	8.28
482.094	11.8
482.176	11.23
482.258	9.51
482.34	-2.53
482.422	11.64
482.504	1.4
482.586	8.28
482.668	10.41
482.75	20.73
482.833	12.38
482.915	16.47
482.997	12.79
483.079	16.47
483.161	16.8
483.243	11.39
483.325	19.42
483.407	19.09
483.489	10.33
483.571	3.37
483.653	4.51
483.735	3.45
483.816	5.82
483.898	15.08
483.98	18.36
484.062	24.17
484.144	9.67
484.226	3.78
484.308	-3.93
484.39	-9
484.472	-7.45
484.554	0.74
484.636	4.1
484.717	8.77
484.799	20.49
484.881	25.16
484.963	18.6
485.045	17.29
485.127	8.12
485.208	-0.48
485.29	-5.07
485.372	3.45
485.454	-1.71
485.536	10.82
485.617	6.48
485.699	9.1
485.781	3.86
485.863	6.89
485.944	-8.43
486.026	-0.57
486.108	-7.37
486.19	-0.24
486.271	7.95
486.353	17.78
486.435	19.5
486.516	19.26
486.598	12.87
486.68	0.74
486.761	2.71
486.843	-6.79
486.925	-2.04
487.006	6.97
487.088	20.16
487.17	18.93
487.251	27.04
487.333	26.71
487.414	24.83
487.496	17.13
487.578	23.52
487.659	24.91
487.741	26.47
487.822	19.42
487.904	19.83
487.985	13.85
488.067	6.4
488.148	-3.19
488.23	-3.6
488.311	-0.16
488.393	2.79
488.474	-0.48
488.556	3.53
488.637	10.9
488.719	5.9
488.8	5.74
488.882	5.5
488.963	4.02
489.045	-1.88
489.126	6.56
489.207	5.09
489.289	13.28
489.37	17.13
489.452	21.14
489.533	4.18
489.614	4.59
489.696	4.43
489.777	0.99
489.859	0.74
489.94	11.39
490.021	8.61
490.103	14.67
490.184	16.06
490.265	10.08
490.347	10.66
490.428	17.37
490.509	16.31
490.59	12.62
490.672	14.92
490.753	13.69
490.834	7.79
490.915	-9.91
490.997	-19.24
491.078	-17.36
491.159	-38.49
491.24	-41.61
491.322	-21.87
491.403	-4.66
491.484	-3.84
491.565	11.89
491.646	20.9
491.728	17.21
491.809	9.51
491.89	15.9
491.971	24.09
492.052	15.57
492.133	7.38
492.214	13.28
492.296	10.98
492.377	6.97
492.458	14.01
492.539	20.08
492.62	14.18
492.701	9.67
492.782	21.47
492.863	16.23
492.944	21.55
493.025	25.32
493.106	20.08
493.187	10.57
493.268	14.1
493.349	14.26
493.43	17.21
493.511	19.18
493.592	16.8
493.673	18.27
493.754	13.85
493.835	11.89
493.916	14.83
493.997	12.7
494.078	10.25
494.159	4.27
494.24	4.84
494.321	6.89
494.402	10.9
494.483	15.57
494.564	17.95
494.644	12.79
494.725	10.82
494.806	15.08
494.887	8.12
494.968	16.96
495.049	22.7
495.13	24.5
495.21	29.83
495.291	41.38
495.372	49.4
495.453	51.94
495.534	42.69
495.614	41.54
495.695	29.91
495.776	13.2
495.857	13.52
495.938	25.4
496.018	7.95
496.099	10.49
496.18	17.87
496.26	7.13
496.341	9.1
496.422	19.67
496.503	17.54
496.583	11.97
496.664	16.88
496.745	11.23
496.825	10.98
496.906	28.51
496.987	25.32
497.067	34.41
497.148	39.57
497.228	40.64
497.309	26.14
497.39	32.86
497.47	23.35
497.551	22.37
497.632	22.12
497.712	27.78
497.793	22.29
497.873	24.17
497.954	23.03
498.034	31.38
498.115	37.53
498.195	44.32
498.276	42.03
498.356	41.95
498.437	45.31
498.517	33.27
498.598	36.54
498.678	33.51
498.759	27.12
498.839	19.75
498.92	15.49
499	2.22
499.081	15.24
499.161	18.44
499.242	14.51
499.322	21.88
499.402	32.86
499.483	30.64
499.563	43.01
499.644	54.56
499.724	51.29
499.804	42.77
499.885	51.53
499.965	41.38
500.045	30.15
500.126	30.89
500.206	40.88
500.286	29.01
500.367	31.38
500.447	25.24
500.527	29.83
500.608	22.12
500.688	23.03
500.768	16.47
500.848	26.55
500.929	33.02
501.009	34.09
501.089	42.36
501.169	45.23
501.25	45.14
501.33	41.7
501.41	45.39
501.49	40.97
501.57	40.64
501.651	32.12
501.731	27.45
501.811	30.07
501.891	25.57
501.971	36.38
502.051	37.77
502.131	39.41
502.212	37.44
502.292	29.74
502.372	19.01
502.452	34.41
502.532	37.94
502.612	31.71
502.692	42.44
502.772	45.55
502.852	32.2
502.932	25.4
503.012	21.47
503.092	17.05
503.172	11.64
503.252	15.98
503.332	15
503.412	20.24
503.492	23.44
503.572	29.09
503.652	38.34
503.732	43.18
503.812	53.99
503.892	56.61
503.972	58.41
504.052	51.94
504.132	56.37
504.212	49.24
504.292	43.26
504.372	50.39
504.452	44.82
504.532	32.69
504.612	34.99
504.691	38.43
504.771	38.43
504.851	40.97
504.931	52.76
505.011	55.71
505.091	55.96
505.17	55.55
505.25	62.76
505.33	53.01
505.41	50.3
505.49	47.85
505.57	45.55
505.649	36.21
505.729	47.27
505.809	56.94
505.889	62.76
505.968	63.49
506.048	66.36
506.128	70.54
506.207	63.08
506.287	55.63
506.367	52.93
506.447	60.54
506.526	56.86
506.606	51.7
506.686	56.61
506.765	54.97
506.845	53.01
506.925	50.71
507.004	59.97
507.084	59.73
507.163	65.71
507.243	67.67
507.323	66.93
507.402	67.34
507.482	71.36
507.561	75.37
507.641	75.37
507.721	79.14
507.8	77.58
507.88	87.66
507.959	77.58
508.039	82.5
508.118	81.68
508.198	75.21
508.277	67.18
508.357	79.88
508.436	75.29
508.516	82.74
508.595	87.25
508.675	92.58
508.754	85.04
508.834	86.35
508.913	82.83
508.993	84.14
509.072	80.53
509.151	87.82
509.231	87.25
509.31	84.63
509.39	86.76
509.469	99.95
509.548	93.97
509.628	88.56
509.707	94.05
509.786	96.59
509.866	85.04
509.945	91.59
510.025	98.39
510.104	94.95
510.183	102.98
510.262	102.08
510.342	106.01
510.421	110.6
510.5	112.24
510.58	100.93
510.659	118.38
510.738	115.68
510.817	120.84
510.897	127.72
510.976	146.48
511.055	129.27
511.134	131.49
511.213	125.34
511.293	127.55
511.372	113.55
511.451	121.98
511.53	126
511.609	128.7
511.689	130.42
511.768	139.19
511.847	141.73
511.926	147.79
512.005	148.61
512.084	145.41
512.163	144.43
512.242	143.28
512.322	136.16
512.401	142.55
512.48	149.18
512.559	147.54
512.638	146.89
512.717	149.51
512.796	148.69
512.875	148.94
512.954	158.77
513.033	170.73
513.112	170.56
513.191	169.5
513.27	169.01
513.349	175.48
513.428	168.1
513.507	172.36
513.586	176.21
513.665	163.68
513.744	155.32
513.823	156.39
513.902	157.78
513.981	160.32
514.06	174.99
514.138	179.25
514.217	187.85
514.296	188.01
514.375	184.32
514.454	186.7
514.533	176.54
514.612	175.8
514.691	181.87
514.769	190.71
514.848	184.65
514.927	195.14
515.006	187.36
515.085	182.44
515.163	181.7
515.242	188.58
515.321	182.03
515.4	189.16
515.479	190.71
515.557	175.64
515.636	174.49
515.715	188.09
515.794	187.68
515.872	184.32
515.951	208.74
516.03	209.06
516.108	197.51
516.187	201.77
516.266	208.65
516.344	209.47
516.423	209.72
516.502	221.68
516.58	223.07
516.659	224.63
516.738	204.48
516.816	213.81
516.895	210.05
516.974	205.54
517.052	196.12
517.131	214.22
517.209	206.2
517.288	213
517.367	213.57
517.445	218.07
517.524	219.39
517.602	224.38
517.681	219.88
517.759	221.43
517.838	228.89
517.916	221.68
517.995	221.35
518.073	223.48
518.152	233.8
518.23	240.68
518.309	243.31
518.387	240.52
518.466	243.14
518.544	230.44
518.623	221.6
518.701	226.68
518.779	235.61
518.858	238.06
518.936	241.42
519.015	245.6
519.093	245.11
519.171	248.22
519.25	242.98
519.328	261.57
519.407	264.36
519.485	267.64
519.563	259.94
519.642	262.64
519.72	248.71
519.798	246.01
519.876	240.77
519.955	250.35
520.033	244.53
520.111	250.92
520.19	252.56
520.268	257.31
520.346	245.93
520.424	256.66
520.503	267.23
520.581	268.95
520.659	260.67
520.737	275.42
520.816	272.47
520.894	267.39
520.972	268.54
521.05	268.54
521.128	247.16
521.206	251.91
521.285	237.24
521.363	233.07
521.441	234.95
521.519	246.34
521.597	231.1
521.675	237.33
521.753	236.34
521.832	231.26
521.91	226.76
521.988	235.11
522.066	234.7
522.144	227.82
522.222	226.1
522.3	224.55
522.378	221.76
522.456	216.35
522.534	214.39
522.612	209.64
522.69	206.2
522.768	201.04
522.846	193.42
522.924	192.6
523.002	202.51
523.08	209.55
523.158	220.61
523.236	228.31
523.314	239.95
523.392	233.23
523.47	226.02
523.548	211.93
523.626	208.82
523.704	199.4
523.781	195.46
523.859	198.82
523.937	206.28
524.015	200.79
524.093	197.02
524.171	208.65
524.249	213.81
524.327	211.85
524.404	209.96
524.482	220.29
524.56	224.79
524.638	215.78
524.716	219.79
524.793	231.75
524.871	227.9
524.949	224.3
525.027	228.23
525.104	229.3
525.182	215.45
525.26	219.55
525.338	220.2
525.415	220.94
525.493	213.41
525.571	221.43
525.649	212.18
525.726	194.24
525.804	187.19
525.882	179.16
525.959	185.14
526.037	186.29
526.115	191.37
526.192	187.44
526.27	194.56
526.347	193.74
526.425	190.06
526.503	199.23
526.58	199.89
526.658	193.5
526.736	176.71
526.813	176.13
526.891	174.58
526.968	175.97
527.046	181.05
527.123	192.35
527.201	196.78
527.278	187.52
527.356	185.47
527.433	187.93
527.511	186.62
527.588	183.67
527.666	190.22
527.743	200.3
527.821	192.19
527.898	196.94
527.976	194.65
528.053	191.78
528.131	181.21
528.208	181.29
528.285	179.65
528.363	171.79
528.44	168.35
528.518	163.43
528.595	158.27
528.672	149.84
528.75	146.72
528.827	139.27
528.905	149.43
528.982	149.34
529.059	151.47
529.137	158.03
529.214	162.37
529.291	143.2
529.369	144.02
529.446	135.5
529.523	136.81
529.6	123.13
529.678	134.19
529.755	133.62
529.832	132.06
529.909	123.05
529.987	132.22
530.064	124.93
530.141	119.94
530.218	127.06
530.296	131.32
530.373	141.15
530.45	145.33
530.527	143.12
530.604	132.47
530.681	122.72
530.759	108.61
530.836	100.93
