344.52	-4.1
344.74	-4.1
344.95	-4.1
345.17	36.86
345.39	110.59
345.61	-88.06
345.83	14.34
346.04	28.67
346.26	243.71
346.48	-2.05
346.7	196.61
346.92	-22.53
347.13	79.87
347.35	196.61
347.57	47.1
347.79	67.58
348.01	182.27
348.22	118.78
348.44	190.46
348.66	65.53
348.88	55.3
349.09	94.21
349.31	122.88
349.53	81.92
349.75	-30.72
349.97	157.69
350.18	122.88
350.4	63.49
350.62	49.15
350.84	81.92
351.06	43.01
351.27	86.01
351.49	114.69
351.71	137.21
351.93	73.73
352.14	22.53
352.36	-8.19
352.58	53.25
352.8	157.69
353.01	98.3
353.23	88.06
353.45	104.45
353.67	86.01
353.89	86.01
354.1	51.2
354.32	79.87
354.54	86.01
354.76	106.49
354.97	-40.96
355.19	221.18
355.41	67.58
355.63	112.64
355.84	147.45
356.06	129.02
356.28	2.05
356.5	53.25
356.71	165.89
356.93	182.27
357.15	32.77
357.37	106.49
357.58	161.79
357.8	63.49
358.02	147.45
358.24	2.05
358.45	149.5
358.67	63.49
358.89	124.93
359.11	67.58
359.32	294.91
359.54	40.96
359.76	53.25
359.98	114.69
360.19	94.21
360.41	-112.64
360.63	73.73
360.85	200.7
361.06	-53.25
361.28	186.37
361.5	6.14
361.71	90.11
361.93	28.67
362.15	16.38
362.37	30.72
362.58	86.01
362.8	12.29
363.02	53.25
363.23	38.91
363.45	16.38
363.67	67.58
363.89	92.16
364.1	45.06
364.32	-26.62
364.54	51.2
364.76	153.6
364.97	55.3
365.19	-69.63
365.41	79.87
365.62	122.88
365.84	161.79
366.06	96.25
366.27	57.34
366.49	169.98
366.71	53.25
366.93	65.53
367.14	20.48
367.36	176.13
367.58	63.49
367.79	-47.1
368.01	100.35
368.23	190.46
368.45	16.38
368.66	79.87
368.88	6.14
369.1	-47.1
369.31	30.72
369.53	100.35
369.75	366.59
369.96	186.37
370.18	104.45
370.4	-79.87
370.61	94.21
370.83	102.4
371.05	-4.1
371.26	137.21
371.48	22.53
371.7	-40.96
371.92	61.44
372.13	124.93
372.35	129.02
372.57	18.43
372.78	45.06
373	67.58
373.22	126.97
373.43	161.79
373.65	112.64
373.87	124.93
374.08	77.82
374.3	-43.01
374.52	141.31
374.73	118.78
374.95	133.12
375.17	40.96
375.38	51.2
375.6	43.01
375.82	98.3
376.03	174.08
376.25	-118.78
376.47	120.83
376.68	120.83
376.9	208.89
377.12	14.34
377.33	159.74
377.55	-10.24
377.77	-14.34
377.98	163.84
378.2	104.45
378.41	67.58
378.63	149.5
378.85	190.46
379.06	-83.97
379.28	149.5
379.5	61.44
379.71	77.82
379.93	198.65
380.15	32.77
380.36	-28.67
380.58	141.31
380.8	36.86
381.01	118.78
381.23	-507.9
381.44	57.34
381.66	206.84
381.88	40.96
382.09	-47.1
382.31	129.02
382.53	20.48
382.74	45.06
382.96	118.78
383.17	108.54
383.39	94.21
383.61	57.34
383.82	112.64
384.04	38.91
384.26	63.49
384.47	36.86
384.69	192.51
384.9	69.63
385.12	10.24
385.34	86.01
385.55	90.11
385.77	79.87
385.99	153.6
386.2	20.48
386.42	77.82
386.63	108.54
386.85	67.58
387.07	-30.72
387.28	108.54
387.5	-38.91
387.71	116.73
387.93	71.68
388.15	151.55
388.36	8.19
388.58	67.58
388.79	143.36
389.01	38.91
389.23	135.17
389.44	49.15
389.66	-16.38
389.87	61.44
390.09	167.93
390.31	106.49
390.52	104.45
390.74	79.87
390.95	241.66
391.17	172.03
391.39	157.69
391.6	51.2
391.82	212.99
392.03	116.73
392.25	92.16
392.46	28.67
392.68	38.91
392.9	126.97
393.11	98.3
393.33	165.89
393.54	182.27
393.76	126.97
393.97	45.06
394.19	22.53
394.41	36.86
394.62	-69.63
394.84	116.73
395.05	86.01
395.27	88.06
395.48	-10.24
395.7	51.2
395.92	-16.38
396.13	57.34
396.35	116.73
396.56	112.64
396.78	38.91
396.99	137.21
397.21	61.44
397.43	188.41
397.64	137.21
397.86	-59.39
398.07	57.34
398.29	135.17
398.5	-88.06
398.72	69.63
398.93	81.92
399.15	-83.97
399.36	51.2
399.58	18.43
399.8	-22.53
400.01	32.77
400.23	83.97
400.44	88.06
400.66	-49.15
400.87	96.25
401.09	-36.86
401.3	-4.1
401.52	114.69
401.73	-12.29
401.95	38.91
402.16	108.54
402.38	51.2
402.6	67.58
402.81	-10.24
403.03	32.77
403.24	88.06
403.46	178.17
403.67	180.22
403.89	-6.14
404.1	22.53
404.32	36.86
404.53	202.75
404.75	-4.1
404.96	-174.08
405.18	124.93
405.39	106.49
405.61	51.2
405.82	106.49
406.04	116.73
406.25	26.62
406.47	-24.58
406.68	49.15
406.9	98.3
407.11	22.53
407.33	106.49
407.54	30.72
407.76	59.39
407.97	116.73
408.19	180.22
408.4	204.8
408.62	153.6
408.83	14.34
409.05	77.82
409.26	47.1
409.48	196.61
409.69	34.82
409.91	141.31
410.12	38.91
410.34	43.01
410.55	49.15
410.77	-20.48
410.98	32.77
411.2	-4.1
411.41	112.64
411.63	69.63
411.84	-51.2
412.06	75.77
412.27	83.97
412.49	206.84
412.7	106.49
412.92	141.31
413.13	174.08
413.35	79.87
413.56	-22.53
413.78	174.08
413.99	184.32
414.21	237.56
414.42	-100.35
414.64	40.96
414.85	114.69
415.07	88.06
415.28	-51.2
415.49	98.3
415.71	86.01
415.92	180.22
416.14	61.44
416.35	-14.34
416.57	18.43
416.78	86.01
417	184.32
417.21	124.93
417.43	116.73
417.64	129.02
417.85	204.8
418.07	110.59
418.28	8.19
418.5	-88.06
418.71	90.11
418.93	172.03
419.14	57.34
419.36	135.17
419.57	67.58
419.79	20.48
420	36.86
420.21	137.21
420.43	163.84
420.64	83.97
420.86	61.44
421.07	14.34
421.29	163.84
421.5	-57.34
421.71	-34.82
421.93	77.82
422.14	40.96
422.36	133.12
422.57	165.89
422.79	96.25
423	45.06
423.21	67.58
423.43	-6.14
423.64	223.23
423.86	61.44
424.07	-2.05
424.29	135.17
424.5	208.89
424.71	143.36
424.93	-34.82
425.14	-8.19
425.36	104.45
425.57	57.34
425.79	49.15
426	-86.01
426.21	-8.19
426.43	-10.24
426.64	6.14
426.86	77.82
427.07	174.08
427.28	-114.69
427.5	61.44
427.71	-71.68
427.93	169.98
428.14	-2.05
428.35	249.85
428.57	188.41
428.78	61.44
429	102.4
429.21	4.1
429.42	-55.3
429.64	38.91
429.85	149.5
430.07	169.98
430.28	63.49
430.49	-49.15
430.71	-4.1
430.92	26.62
431.13	112.64
431.35	163.84
431.56	151.55
431.78	18.43
431.99	145.41
432.2	149.5
432.42	-47.1
432.63	63.49
432.85	135.17
433.06	22.53
433.27	141.31
433.49	83.97
433.7	79.87
433.91	88.06
434.13	198.65
434.34	90.11
434.55	110.59
434.77	79.87
434.98	-30.72
435.2	114.69
435.41	28.67
435.62	157.69
435.84	-6.14
436.05	-45.06
436.26	169.98
436.48	206.84
436.69	180.22
436.9	20.48
437.12	112.64
437.33	120.83
437.54	-40.96
437.76	145.41
437.97	30.72
438.19	104.45
438.4	49.15
438.61	86.01
438.83	217.08
439.04	129.02
439.25	182.27
439.47	55.3
439.68	186.37
439.89	114.69
440.11	79.87
440.32	114.69
440.53	49.15
440.75	102.4
440.96	-20.48
441.17	22.53
441.39	63.49
441.6	96.25
441.81	63.49
442.03	6.14
442.24	194.56
442.45	108.54
442.67	204.8
442.88	124.93
443.09	174.08
443.31	77.82
443.52	-2.05
443.73	2.05
443.95	83.97
444.16	141.31
444.37	100.35
444.58	96.25
444.8	57.34
445.01	-24.58
445.22	32.77
445.44	129.02
445.65	112.64
445.86	-2.05
446.08	118.78
446.29	73.73
446.5	120.83
446.72	186.37
446.93	69.63
447.14	77.82
447.35	47.1
447.57	49.15
447.78	141.31
447.99	102.4
448.21	-114.69
448.42	108.54
448.63	77.82
448.84	-20.48
449.06	98.3
449.27	169.98
449.48	26.62
449.7	167.93
449.91	2.05
450.12	106.49
450.33	-26.62
450.55	14.34
450.76	145.41
450.97	139.26
451.19	86.01
451.4	161.79
451.61	153.6
451.82	274.43
452.04	153.6
452.25	-34.82
452.46	63.49
452.68	98.3
452.89	-16.38
453.1	-53.25
453.31	186.37
453.53	194.56
453.74	40.96
453.95	143.36
454.16	92.16
454.38	169.98
454.59	102.4
454.8	-4.1
455.01	83.97
455.23	165.89
455.44	145.41
455.65	186.37
455.86	57.34
456.08	202.75
456.29	-118.78
456.5	178.17
456.71	124.93
456.93	92.16
457.14	141.31
457.35	212.99
457.56	63.49
457.78	114.69
457.99	16.38
458.2	239.61
458.41	32.77
458.63	-20.48
458.84	40.96
459.05	122.88
459.26	20.48
459.48	57.34
459.69	71.68
459.9	159.74
460.11	81.92
460.32	100.35
460.54	75.77
460.75	190.46
460.96	55.3
461.17	118.78
461.39	47.1
461.6	155.65
461.81	20.48
462.02	167.93
462.23	55.3
462.45	20.48
462.66	-55.3
462.87	133.12
463.08	75.77
463.3	20.48
463.51	16.38
463.72	118.78
463.93	55.3
464.14	86.01
464.36	139.26
464.57	-32.77
464.78	172.03
464.99	18.43
465.2	108.54
465.42	178.17
465.63	114.69
465.84	77.82
466.05	172.03
466.26	161.79
466.48	143.36
466.69	28.67
466.9	-24.58
467.11	65.53
467.32	137.21
467.54	126.97
467.75	106.49
467.96	151.55
468.17	40.96
468.38	180.22
468.59	94.21
468.81	192.51
469.02	131.07
469.23	137.21
469.44	139.26
469.65	157.69
469.87	157.69
470.08	235.52
470.29	83.97
470.5	124.93
470.71	90.11
470.92	-22.53
471.14	124.93
471.35	208.89
471.56	161.79
471.77	24.58
471.98	149.5
472.19	174.08
472.41	194.56
472.62	141.31
472.83	133.12
473.04	264.19
473.25	38.91
473.46	69.63
473.68	178.17
473.89	-12.29
474.1	204.8
474.31	143.36
474.52	182.27
474.73	90.11
474.94	266.24
475.16	159.74
475.37	120.83
475.58	-22.53
475.79	188.41
476	63.49
476.21	126.97
476.42	116.73
476.64	-53.25
476.85	131.07
477.06	120.83
477.27	143.36
477.48	69.63
477.69	129.02
477.9	284.67
478.12	141.31
478.33	30.72
478.54	172.03
478.75	112.64
478.96	188.41
479.17	190.46
479.38	221.18
479.59	184.32
479.81	90.11
480.02	77.82
480.23	155.65
480.44	114.69
480.65	321.53
480.86	100.35
481.07	202.75
481.28	276.48
481.49	235.52
481.71	73.73
481.92	309.24
482.13	200.7
482.34	260.09
482.55	90.11
482.76	182.27
482.97	294.91
483.18	315.39
483.39	227.32
483.6	139.26
483.82	337.91
484.03	331.77
484.24	380.92
484.45	264.19
484.66	313.34
484.87	290.81
485.08	436.22
485.29	290.81
485.5	333.82
485.71	335.87
485.92	458.74
486.14	387.07
486.35	409.59
486.56	444.41
486.77	581.62
486.98	452.6
487.19	499.7
487.4	389.11
487.61	569.34
487.82	667.64
488.03	636.92
488.24	694.26
488.45	466.94
488.66	481.27
488.88	620.53
489.09	581.62
489.3	591.86
489.51	948.21
489.72	790.52
489.93	735.22
490.14	843.76
490.35	628.73
490.56	942.07
490.77	616.44
490.98	804.85
491.19	1015.79
491.4	1071.09
491.61	1034.22
491.82	931.83
492.03	913.39
492.24	1028.08
492.46	1175.53
492.67	1161.2
492.88	1062.9
493.09	1359.85
493.3	1322.99
493.51	1476.59
493.72	1376.24
493.93	1640.42
494.14	1294.32
494.35	1681.38
494.56	1361.9
494.77	1832.93
494.98	1775.59
495.19	1777.64
495.4	1853.41
495.61	1955.81
495.82	1986.53
496.03	1861.6
496.24	2142.18
496.45	2250.72
496.66	1859.56
496.87	2043.87
497.08	1961.95
497.29	2140.13
497.5	2133.98
497.71	2576.34
497.92	2258.91
498.13	2363.36
498.34	2242.53
498.55	2615.26
498.76	2500.57
498.97	2510.81
499.18	2723.8
499.39	2858.96
499.6	2897.88
499.81	2861.01
500.02	3016.66
500.23	3131.34
500.44	2983.89
500.65	3053.52
500.86	3123.15
501.07	3299.28
501.28	3319.76
501.49	3407.82
501.7	3321.81
501.91	3626.95
502.12	3239.89
502.33	3506.12
502.54	3463.12
502.75	3817.41
502.96	3788.74
503.17	3590.09
503.38	3684.3
503.59	4001.73
503.8	3876.8
504.01	3844.04
504.22	3987.4
504.43	3796.93
504.64	3952.58
504.85	4122.56
505.06	3946.44
505.27	4134.85
505.48	4190.14
505.69	4108.23
505.9	4138.94
506.11	4319.17
506.32	4394.94
506.53	4513.72
506.74	4233.15
506.95	4476.86
507.16	4630.46
507.37	4489.15
507.58	4147.14
507.79	4523.96
508	4323.26
508.21	4745.14
508.42	4452.28
508.63	4702.14
508.83	4323.26
509.04	4986.8
509.25	4575.16
509.46	4812.73
509.67	4569.02
509.88	4573.11
510.09	4726.71
510.3	4894.65
510.51	4581.31
510.72	4851.64
510.93	4786.1
511.14	4349.89
511.35	5056.43
511.56	4642.75
511.77	4665.27
511.98	4806.58
512.19	5042.1
512.39	4892.6
512.6	5021.62
512.81	5265.33
513.02	5040.05
513.23	5044.15
513.44	4691.9
513.65	5083.06
513.86	5115.83
514.07	5038
514.28	4984.76
514.49	4878.26
514.7	4972.47
514.91	5023.67
515.11	5062.58
515.32	5046.2
515.53	4972.47
515.74	4978.61
515.95	4648.89
516.16	4638.65
516.37	5140.4
516.58	5183.41
516.79	5029.81
517	4677.56
517.21	5074.87
517.41	5033.91
517.62	4921.27
517.83	4937.65
518.04	4999.09
518.25	4495.29
518.46	5081.01
518.67	4761.53
518.88	5040.05
519.09	4896.69
519.3	4865.97
519.5	4634.55
519.71	4782.01
519.92	4990.9
520.13	4622.27
520.34	4794.29
520.55	4784.06
520.76	4798.39
520.97	4704.18
521.17	4913.08
521.38	4951.99
521.59	4941.75
521.8	4706.23
522.01	4673.46
522.22	4620.22
522.43	4523.96
522.64	4724.66
522.84	4759.48
523.05	4470.72
523.26	4923.32
523.47	4753.34
523.68	4730.81
523.89	4829.11
524.1	4560.83
524.3	4573.11
524.51	4448.19
524.72	4351.93
524.93	4749.24
525.14	4566.97
525.35	4683.7
525.56	4671.42
525.76	4487.1
525.97	4382.65
526.18	4579.26
526.39	4394.94
526.6	4452.28
526.81	4122.56
527.02	4110.27
527.22	4317.12
527.43	4515.77
527.64	4376.51
527.85	4401.08
528.06	3989.44
528.27	4442.04
528.47	4302.78
528.68	4358.08
528.89	4368.32
529.1	4265.92
529.31	4014.02
529.52	4212.67
529.72	4257.73
529.93	4442.04
530.14	3997.64
530.35	4351.93
530.56	3581.9
530.77	3950.53
530.97	4198.34
531.18	4155.33
531.39	3981.25
531.6	4124.61
531.81	4222.91
532.01	4097.99
532.22	3960.77
532.43	3987.4
532.64	4097.99
532.85	3995.59
533.05	3936.2
533.26	4253.63
533.47	4077.51
533.68	4034.5
533.89	4005.83
534.09	4186.05
534.3	4120.51
534.51	3887.04
534.72	3758.02
534.93	3977.16
535.13	3977.16
535.34	3809.22
535.55	3348.43
535.76	3997.63
535.97	3891.14
536.17	3772.36
536.38	4028.35
536.59	3778.5
536.8	3889.09
537.01	3782.6
537.21	3987.4
537.42	4120.51
537.63	3651.53
537.84	3780.55
538.04	3479.5
538.25	3993.54
538.46	3723.21
538.67	3684.3
538.87	3848.13
539.08	3706.82
539.29	3844.04
539.5	3753.93
539.71	3688.39
539.91	3655.62
540.12	3416.01
540.33	3725.26
540.54	3612.62
540.74	3755.97
540.95	3876.8
541.16	3596.23
541.37	3471.31
541.57	3119.06
541.78	3772.36
541.99	3692.49
542.2	3811.27
542.4	3739.59
542.61	3528.65
542.82	3391.44
543.03	3737.54
543.23	3721.16
543.44	3391.44
543.65	3418.06
543.86	3506.12
544.06	3715.02
544.27	3475.4
544.48	3676.1
544.69	3268.56
544.89	3518.41
545.1	3231.69
545.31	3102.67
545.51	3432.4
545.72	3530.7
545.93	3016.66
546.14	3424.2
546.34	3481.55
546.55	3381.2
546.76	2932.69
546.97	3606.47
547.17	3409.87
547.38	3186.64
547.59	3270.61
547.79	3186.64
548	3215.31
548.21	3348.43
548.42	3127.25
548.62	3448.78
548.83	3456.97
549.04	3237.84
549.24	3332.05
549.45	3270.61
549.66	3407.82
549.86	3264.46
550.07	3373
550.28	3350.48
550.49	3309.52
550.69	3225.55
550.9	2869.2
551.11	2904.02
551.31	3000.27
551.52	3074
551.73	3229.65
551.93	3174.35
552.14	2836.44
552.35	3135.44
552.55	3327.95
552.76	3069.91
552.97	3012.56
553.18	3026.9
553.38	3131.34
553.59	2703.32
553.8	2873.3
554	2998.23
554.21	2975.7
554.42	3194.83
554.62	3176.4
554.83	3112.91
555.04	3012.56
555.24	3020.75
555.45	2846.68
555.66	3104.72
555.86	3141.58
556.07	2949.08
556.28	2695.13
556.48	2672.6
556.69	2879.44
556.9	2729.94
557.1	2766.81
557.31	2897.88
557.52	2676.7
557.72	2971.6
557.93	2768.85
558.13	2723.8
558.34	2574.3
558.55	2772.95
558.75	2668.5
558.96	2828.24
559.17	2035.68
559.37	2731.99
559.58	2527.19
559.79	2559.96
559.99	2897.88
560.2	2547.67
560.41	2275.29
560.61	2486.23
560.82	2492.38
561.02	2273.25
561.23	2113.5
561.44	2764.76
561.64	2459.61
561.85	2705.37
562.06	2512.86
562.26	2426.84
562.47	2416.6
562.67	2516.95
562.88	2047.97
563.09	2414.56
563.29	2328.54
563.5	2445.27
563.71	2451.42
563.91	2408.41
564.12	2320.35
564.32	2459.61
564.53	1953.76
564.74	2340.83
564.94	2455.51
565.15	2281.44
565.35	1861.6
565.56	2285.53
565.77	2152.42
565.97	2416.6
566.18	2170.85
566.38	2310.11
566.59	2277.34
566.8	2047.97
567	1990.63
567.21	2047.97
567.41	2244.57
567.62	2156.51
567.83	2230.24
568.03	1865.7
568.24	2260.96
568.44	2033.63
568.65	2115.55
568.85	2185.18
569.06	2109.41
569.27	1857.51
569.47	2166.75
569.68	2017.25
569.88	2158.56
570.09	1947.62
570.29	1898.47
570.5	1822.69
570.71	1566.7
570.91	2015.2
571.12	1857.51
571.32	2013.15
571.53	1732.58
571.73	1957.86
571.94	1943.52
572.15	1886.18
572.35	1773.54
572.56	1779.68
572.76	1998.82
572.97	1398.76
573.17	1843.17
573.38	1327.08
573.58	1791.97
573.79	1548.26
574	1832.93
574.2	1355.76
574.41	1683.43
574.61	1605.61
574.82	1669.09
575.02	1728.49
575.23	1789.92
575.43	1669.09
575.64	1394.67
575.84	1363.95
576.05	1732.58
576.25	1304.56
576.46	1669.09
576.66	1515.5
576.87	1626.09
577.08	1597.42
577.28	1458.15
577.49	1685.48
577.69	1443.82
577.9	1509.35
578.1	1599.46
578.31	1474.54
578.51	1277.93
578.72	1437.67
578.92	1474.54
579.13	1441.77
579.33	1538.02
579.54	1644.52
579.74	1427.43
579.95	1535.98
580.15	1617.9
580.36	1478.63
580.56	1583.08
580.77	1191.92
580.97	1480.68
581.18	1445.87
581.38	1349.61
581.59	1413.1
581.79	1443.82
582	1236.97
582.2	735.22
582.41	1529.83
582.61	1241.07
582.82	1042.42
583.02	1411.05
583.23	1445.87
583.43	1492.97
583.64	1249.26
583.84	1392.62
584.05	1300.46
584.25	1009.65
584.46	1290.22
584.66	1171.44
584.87	1339.37
585.07	1089.52
585.28	1531.88
585.48	1394.67
585.68	1306.6
585.89	1112.05
586.09	1331.18
586.3	1023.98
586.5	1126.38
586.71	1245.16
586.91	1181.68
587.12	1275.88
587.32	1394.67
587.53	1173.49
587.73	1265.64
587.94	1048.56
588.14	1329.13
588.34	1189.87
588.55	1196.01
588.75	1411.05
588.96	1189.87
589.16	856.05
589.37	1036.27
589.57	1040.37
589.78	1058.8
589.98	1220.59
590.18	1071.09
590.39	1222.64
590.59	1036.27
590.8	1069.04
591	1017.84
591.21	1200.11
591.41	872.43
591.61	1257.45
591.82	757.75
592.02	1054.7
592.23	1148.91
592.43	1023.98
592.64	1298.41
592.84	1214.45
593.04	1241.07
593.25	788.47
593.45	1089.52
593.66	835.57
593.86	1044.46
594.07	1128.43
594.27	1077.23
594.47	1120.24
594.68	946.16
594.88	884.72
595.09	835.57
595.29	1103.86
595.49	993.26
595.7	940.02
595.9	1009.65
596.11	1075.18
596.31	1015.79
596.51	790.52
596.72	901.11
596.92	974.83
597.13	997.36
597.33	856.05
597.53	874.48
597.74	952.31
597.94	669.69
598.15	821.24
598.35	1021.94
598.55	671.73
598.76	1140.72
598.96	948.21
599.16	958.45
599.37	894.96
599.57	790.52
599.78	937.97
599.98	784.37
600.18	767.99
600.39	933.87
600.59	784.37
600.79	892.91
601	688.12
601.2	585.72
601.41	751.6
601.61	1060.85
601.81	888.82
602.02	903.15
602.22	903.15
602.42	688.12
602.63	763.89
602.83	1071.09
603.03	935.92
603.24	751.6
603.44	876.53
603.64	747.51
603.85	628.73
604.05	796.66
604.25	841.72
604.46	925.68
604.66	790.52
604.87	618.49
605.07	823.28
605.27	423.93
605.48	686.07
605.68	860.15
605.88	747.51
606.09	798.71
606.29	595.96
606.49	788.47
606.7	829.43
606.9	630.77
607.1	825.33
607.3	753.65
607.51	405.5
607.71	739.32
607.91	378.87
608.12	903.15
608.32	829.43
608.52	806.9
608.73	874.48
608.93	763.89
609.13	700.41
609.34	632.82
609.54	649.21
609.74	761.84
609.95	684.02
610.15	751.6
610.35	698.36
610.55	655.35
610.76	831.48
610.96	710.65
611.16	694.26
611.37	632.82
611.57	475.13
611.77	423.93
611.98	647.16
612.18	565.24
612.38	901.11
612.58	493.56
612.79	647.16
612.99	569.34
613.19	555
613.4	610.29
613.6	532.47
613.8	354.3
614	518.14
614.21	587.77
614.41	722.93
614.61	526.33
614.81	657.4
615.02	548.86
615.22	632.82
615.42	657.4
615.63	692.21
615.83	557.05
616.03	393.21
616.23	428.03
616.44	647.16
616.64	587.77
616.84	634.87
617.04	587.77
617.25	448.51
617.45	534.52
617.65	626.68
617.85	466.94
618.06	577.53
618.26	380.92
618.46	313.34
618.66	571.38
618.87	450.55
619.07	299
619.27	448.51
619.47	458.74
619.68	552.95
619.88	456.7
620.08	589.82
620.28	563.19
620.49	516.09
620.69	505.85
620.89	630.77
621.09	522.23
621.29	448.51
621.5	393.21
621.7	557.05
621.9	405.5
622.1	317.44
622.31	475.13
622.51	344.06
622.71	464.89
622.91	382.97
623.11	444.41
623.32	520.18
623.52	370.68
623.72	698.36
623.92	528.38
624.12	468.98
624.33	294.91
624.53	409.59
624.73	598.01
624.93	464.89
625.14	481.27
625.34	598.01
625.54	243.71
625.74	505.85
625.94	425.98
626.14	483.32
626.35	600.05
626.55	446.46
626.75	569.34
626.95	258.04
627.15	397.31
627.36	495.61
627.56	452.6
627.76	468.98
627.96	507.9
628.16	442.36
628.37	415.74
628.57	376.83
628.77	552.95
628.97	471.03
629.17	430.07
629.37	505.85
629.58	522.23
629.78	468.98
629.98	518.14
630.18	307.2
630.38	374.78
630.58	344.06
630.79	493.56
630.99	448.51
631.19	419.83
631.39	550.9
631.59	573.43
631.79	555
631.99	559.1
632.2	405.5
632.4	382.97
632.6	432.12
632.8	409.59
633	448.51
633.2	438.27
633.4	356.35
633.61	366.59
633.81	485.37
634.01	303.1
634.21	430.07
634.41	487.42
634.61	276.48
634.81	495.61
635.02	403.45
635.22	368.63
635.42	397.31
635.62	428.03
635.82	450.55
636.02	278.52
636.22	438.27
636.42	309.24
636.63	331.77
636.83	411.64
637.03	296.96
637.23	339.96
637.43	262.14
637.63	253.95
637.83	393.21
638.03	385.02
638.23	444.41
638.44	391.16
638.64	296.96
638.84	407.55
639.04	204.8
639.24	391.16
639.44	382.97
639.64	331.77
639.84	317.44
640.04	368.63
640.24	380.92
640.45	419.83
640.65	200.7
640.85	393.21
641.05	362.49
641.25	206.84
641.45	352.25
641.65	186.37
641.85	350.2
642.05	247.8
642.25	337.91
642.45	360.44
642.65	399.35
642.85	403.45
643.06	317.44
643.26	415.74
643.46	342.01
643.66	352.25
643.86	311.29
644.06	311.29
644.26	315.39
644.46	415.74
644.66	272.38
644.86	393.21
645.06	370.68
645.26	387.07
645.46	372.73
645.66	178.17
645.86	454.65
646.06	321.53
646.27	364.54
646.47	368.63
646.67	225.28
646.87	294.91
647.07	157.69
647.27	272.38
647.47	299
647.67	333.82
647.87	258.04
648.07	417.79
648.27	143.36
648.47	249.85
648.67	116.73
648.87	161.79
649.07	497.66
649.27	221.18
649.47	268.28
649.67	286.72
649.87	251.9
650.07	296.96
650.27	235.52
650.47	315.39
650.67	423.93
650.87	167.93
651.07	260.09
651.27	301.05
651.47	256
651.67	301.05
651.87	301.05
652.07	225.28
652.27	292.86
652.47	323.58
652.67	153.6
652.87	178.17
653.07	192.51
653.27	337.91
653.47	227.32
653.67	284.67
653.87	227.32
654.07	288.76
654.27	378.87
654.47	327.68
654.67	118.78
654.87	92.16
655.07	256
655.27	344.06
655.47	317.44
655.67	313.34
655.87	272.38
656.07	157.69
656.27	337.91
656.47	239.61
656.67	270.33
656.87	315.39
657.07	442.36
657.27	174.08
657.47	172.03
657.67	215.04
657.87	270.33
658.07	389.11
658.27	192.51
658.47	239.61
658.67	174.08
658.87	212.99
659.07	385.02
659.27	188.41
659.46	194.56
659.66	151.55
659.86	301.05
660.06	200.7
660.26	458.74
660.46	219.13
660.66	126.97
660.86	102.4
661.06	382.97
661.26	253.95
661.46	65.53
661.66	174.08
661.86	202.75
662.06	114.69
662.26	243.71
662.46	149.5
662.66	198.65
662.85	374.78
663.05	122.88
663.25	200.7
663.45	253.95
663.65	262.14
663.85	215.04
664.05	305.15
664.25	309.24
664.45	104.45
664.65	235.52
664.85	321.53
665.05	210.94
665.24	266.24
665.44	305.15
665.64	77.82
665.84	237.56
666.04	256
666.24	223.23
666.44	229.37
666.64	153.6
666.84	264.19
667.04	247.8
667.23	202.75
667.43	182.27
667.63	157.69
667.83	323.58
668.03	260.09
668.23	217.08
668.43	98.3
668.63	272.38
668.83	180.22
669.02	266.24
669.22	229.37
669.42	151.55
669.62	307.2
669.82	137.21
670.02	258.04
670.22	471.03
670.42	311.29
670.61	137.21
670.81	176.13
671.01	333.82
671.21	272.38
671.41	100.35
671.61	153.6
671.81	112.64
672	212.99
672.2	292.86
672.4	296.96
672.6	26.62
672.8	196.61
673	145.41
673.2	172.03
673.39	268.28
673.59	36.86
673.79	124.93
673.99	305.15
674.19	172.03
674.39	231.42
674.58	172.03
674.78	282.62
674.98	229.37
675.18	126.97
675.38	276.48
675.58	219.13
675.77	239.61
675.97	280.57
676.17	194.56
676.37	229.37
676.57	243.71
676.77	167.93
676.96	114.69
677.16	122.88
677.36	92.16
677.56	294.91
677.76	233.47
677.96	210.94
678.15	204.8
678.35	153.6
678.55	114.69
678.75	38.91
678.95	196.61
679.14	192.51
679.34	247.8
679.54	194.56
679.74	253.95
679.94	124.93
680.13	225.28
680.33	196.61
680.53	315.39
680.73	172.03
680.93	145.41
681.12	178.17
681.32	227.32
681.52	202.75
681.72	286.72
681.91	172.03
682.11	225.28
682.31	98.3
682.51	233.47
682.71	102.4
682.9	192.51
683.1	266.24
683.3	323.58
683.5	321.53
683.69	235.52
683.89	335.87
684.09	108.54
684.29	194.56
684.48	313.34
684.68	178.17
684.88	194.56
685.08	256
685.28	227.32
685.47	370.68
685.67	141.31
685.87	90.11
686.07	96.25
686.26	161.79
686.46	196.61
686.66	178.17
686.86	276.48
687.05	155.65
687.25	186.37
687.45	182.27
687.64	194.56
687.84	163.84
688.04	139.26
688.24	163.84
688.43	249.85
688.63	159.74
688.83	157.69
689.03	184.32
689.22	190.46
689.42	94.21
689.62	225.28
689.82	88.06
690.01	299
690.21	190.46
690.41	196.61
690.6	165.89
690.8	262.14
691	178.17
691.2	131.07
691.39	114.69
691.59	167.93
691.79	317.44
691.98	131.07
692.18	104.45
692.38	253.95
692.57	161.79
692.77	67.58
692.97	233.47
693.17	145.41
693.36	221.18
693.56	96.25
693.76	225.28
693.95	366.59
694.15	153.6
694.35	94.21
694.54	145.41
694.74	129.02
694.94	47.1
695.13	159.74
695.33	174.08
695.53	104.45
695.72	186.37
695.92	129.02
696.12	165.89
696.31	182.27
696.51	260.09
696.71	215.04
696.9	137.21
697.1	184.32
697.3	290.81
697.49	59.39
697.69	274.43
697.89	124.93
698.08	245.76
698.28	395.26
698.48	208.89
698.67	243.71
698.87	301.05
699.07	184.32
699.26	233.47
699.46	233.47
699.66	100.35
699.85	131.07
700.05	86.01
700.25	163.84
700.44	102.4
700.64	67.58
700.83	231.42
701.03	174.08
701.23	137.21
701.42	208.89
701.62	47.1
701.82	143.36
702.01	126.97
702.21	108.54
702.4	169.98
702.6	77.82
702.8	24.58
702.99	110.59
703.19	61.44
703.39	83.97
703.58	-22.53
703.78	249.85
703.97	67.58
704.17	161.79
704.37	-4.1
704.56	194.56
704.76	92.16
704.95	108.54
705.15	96.25
705.35	116.73
705.54	258.04
705.74	155.65
705.93	266.24
706.13	100.35
706.33	-4.1
706.52	212.99
706.72	237.56
706.91	161.79
707.11	165.89
707.31	104.45
707.5	45.06
707.7	217.08
707.89	215.04
708.09	38.91
708.28	81.92
708.48	229.37
708.68	63.49
708.87	120.83
709.07	174.08
709.26	71.68
709.46	63.49
709.65	122.88
709.85	108.54
710.05	280.57
710.24	108.54
710.44	223.23
710.63	67.58
710.83	165.89
711.02	225.28
711.22	133.12
711.41	143.36
711.61	280.57
711.81	153.6
712	135.17
712.2	122.88
712.39	235.52
712.59	200.7
712.78	155.65
712.98	71.68
713.17	-63.49
713.37	55.3
713.56	219.13
713.76	120.83
713.96	137.21
714.15	108.54
714.35	155.65
714.54	198.65
714.74	157.69
714.93	157.69
715.13	217.08
715.32	55.3
715.52	129.02
715.71	51.2
715.91	143.36
716.1	112.64
716.3	112.64
716.49	88.06
716.69	96.25
716.88	77.82
717.08	198.65
717.27	106.49
717.47	202.75
717.66	12.29
717.86	165.89
718.05	71.68
718.25	184.32
718.44	141.31
718.64	196.61
718.83	55.3
719.03	67.58
719.22	120.83
719.42	20.48
719.61	59.39
719.81	110.59
720	86.01
720.2	92.16
720.39	71.68
720.59	167.93
720.78	190.46
720.98	212.99
721.17	24.58
721.37	151.55
721.56	180.22
721.75	202.75
721.95	124.93
722.14	77.82
722.34	94.21
722.53	145.41
722.73	176.13
722.92	188.41
723.12	30.72
723.31	14.34
723.51	102.4
723.7	210.94
723.9	2.05
724.09	102.4
724.28	159.74
724.48	122.88
724.67	-6.14
724.87	229.37
725.06	143.36
725.26	124.93
725.45	32.77
725.64	174.08
725.84	73.73
726.03	143.36
726.23	30.72
726.42	221.18
726.62	151.55
726.81	36.86
727	149.5
727.2	53.25
727.39	83.97
727.59	157.69
727.78	102.4
727.98	155.65
728.17	311.29
728.36	219.13
728.56	71.68
728.75	137.21
728.95	143.36
729.14	149.5
729.33	124.93
729.53	6.14
729.72	239.61
729.92	75.77
730.11	327.68
730.3	143.36
730.5	163.84
730.69	53.25
730.89	88.06
731.08	159.74
731.27	137.21
731.47	208.89
731.66	88.06
731.86	133.12
732.05	120.83
732.24	67.58
732.44	137.21
732.63	69.63
732.83	38.91
733.02	212.99
733.21	90.11
733.41	231.42
733.6	81.92
733.79	157.69
733.99	253.95
734.18	71.68
734.37	51.2
734.57	251.9
734.76	141.31
734.96	28.67
735.15	210.94
735.34	118.78
735.54	22.53
735.73	106.49
735.92	65.54
736.12	131.07
736.31	59.39
736.5	202.75
736.7	43.01
736.89	161.79
737.08	120.83
737.28	174.08
737.47	133.12
737.66	153.6
737.86	24.58
738.05	100.35
738.24	155.65
738.44	92.16
738.63	210.94
738.82	114.69
739.02	104.45
739.21	51.2
739.4	221.18
739.6	180.22
739.79	124.93
739.98	30.72
740.18	110.59
740.37	26.62
740.56	106.49
740.76	223.23
740.95	26.62
741.14	102.4
741.34	212.99
741.53	143.36
741.72	98.3
741.91	192.51
742.11	75.77
742.3	55.3
742.49	124.93
742.69	143.36
742.88	106.49
743.07	221.18
743.27	133.12
743.46	81.92
743.65	40.96
743.84	77.82
744.04	139.26
744.23	-24.58
744.42	196.61
744.61	75.77
744.81	245.76
745	219.13
745.19	-18.43
745.39	22.53
745.58	73.73
745.77	77.82
745.96	108.54
746.16	22.53
746.35	36.86
746.54	90.11
746.73	26.62
746.93	73.73
747.12	10.24
747.31	237.56
747.5	141.31
747.7	-43.01
747.89	153.6
748.08	28.67
748.27	147.45
748.47	47.1
748.66	67.58
748.85	200.7
749.04	126.97
749.24	157.69
749.43	120.83
749.62	20.48
749.81	18.43
750.01	110.59
750.2	79.87
750.39	143.36
750.58	176.13
750.78	65.53
750.97	198.65
751.16	159.74
751.35	90.11
751.54	129.02
751.74	137.21
751.93	126.97
752.12	239.61
752.31	262.14
752.51	94.21
752.7	43.01
752.89	206.84
753.08	26.62
753.27	-16.38
753.47	63.49
753.66	135.17
753.85	196.61
754.04	274.43
754.23	137.21
754.43	139.26
754.62	102.4
754.81	0
755	167.93
755.19	51.2
755.39	135.17
755.58	81.92
755.77	6.14
755.96	92.16
756.15	163.84
756.34	94.21
756.54	20.48
756.73	98.3
756.92	-6.14
757.11	53.25
757.3	243.71
757.49	59.39
757.69	-36.86
757.88	141.31
758.07	153.6
758.26	151.55
758.45	137.21
758.64	12.29
758.84	28.67
759.03	57.34
759.22	114.69
759.41	8.19
759.6	57.34
759.79	40.96
759.99	174.08
760.18	69.63
760.37	200.7
760.56	59.39
760.75	149.5
760.94	208.89
761.13	96.25
761.33	77.82
761.52	55.3
761.71	221.18
761.9	135.17
762.09	51.2
762.28	55.3
762.47	96.25
762.66	112.64
762.86	137.21
763.05	65.54
763.24	20.48
763.43	122.88
763.62	81.92
763.81	51.2
764	118.78
764.19	200.7
764.38	-2.05
764.58	137.21
764.77	24.58
764.96	126.97
765.15	28.67
765.34	206.84
765.53	139.26
765.72	118.78
765.91	26.62
766.1	122.88
766.3	157.69
766.49	256
766.68	55.3
766.87	79.87
767.06	139.26
767.25	53.25
767.44	59.39
767.63	51.2
767.82	71.68
768.01	69.63
768.2	169.98
768.39	133.12
768.59	34.82
768.78	202.75
768.97	57.34
769.16	182.27
769.35	155.65
769.54	206.84
769.73	114.69
769.92	102.4
770.11	163.84
770.3	98.3
770.49	14.34
770.68	215.04
770.87	108.54
771.06	202.75
771.25	71.68
771.44	145.41
771.63	-2.05
771.83	145.41
772.02	227.32
772.21	184.32
772.4	24.58
772.59	96.25
772.78	73.73
772.97	34.82
773.16	198.65
773.35	102.4
773.54	110.59
773.73	69.63
773.92	104.45
774.11	110.59
774.3	75.77
774.49	167.93
774.68	157.69
774.87	96.25
775.06	-18.43
775.25	96.25
775.44	83.97
775.63	73.73
775.82	118.78
776.01	178.17
776.2	118.78
776.39	180.22
776.58	118.78
776.77	245.76
776.96	98.3
777.15	-12.29
777.34	14.34
777.53	139.26
777.72	-12.29
777.91	16.38
778.1	83.97
778.29	327.68
778.48	165.89
778.67	81.92
778.86	6.14
779.05	86.01
779.24	22.53
779.43	38.91
779.62	40.96
779.81	34.82
780	143.36
780.19	161.79
780.38	28.67
780.57	-14.34
780.76	24.58
780.95	196.61
781.14	12.29
781.33	133.12
781.52	112.64
781.71	65.54
781.9	159.74
782.08	106.49
782.27	86.01
782.46	-98.3
782.65	88.06
782.84	122.88
783.03	16.38
783.22	90.11
783.41	22.53
783.6	63.49
783.79	106.49
783.98	239.61
784.17	208.89
784.36	135.17
784.55	73.73
784.74	67.58
784.93	202.75
785.12	102.4
785.3	81.92
785.49	0
785.68	96.25
785.87	67.58
786.06	274.43
786.25	79.87
786.44	110.59
786.63	57.34
786.82	131.07
787.01	67.58
787.2	139.26
787.39	131.07
787.57	231.42
787.76	157.69
787.95	147.45
788.14	227.32
788.33	-34.82
788.52	-38.91
788.71	151.55
788.9	104.45
789.09	172.03
789.28	55.3
789.46	94.21
789.65	229.37
789.84	77.82
790.03	141.31
790.22	106.49
790.41	143.36
790.6	10.24
790.79	10.24
790.97	129.02
791.16	28.67
791.35	270.33
791.54	81.92
791.73	104.45
791.92	49.15
792.11	69.63
792.3	-38.91
792.48	96.25
792.67	161.79
792.86	43.01
793.05	204.8
793.24	40.96
793.43	81.92
793.62	-26.62
793.8	57.34
793.99	92.16
794.18	-67.58
794.37	202.75
794.56	122.88
794.75	43.01
794.93	137.21
795.12	194.56
795.31	14.34
795.5	129.02
795.69	67.58
795.88	118.78
796.06	8.19
796.25	-8.19
796.44	26.62
796.63	-4.1
796.82	30.72
797.01	184.32
797.19	145.41
797.38	36.86
797.57	67.58
797.76	163.84
797.95	-2.05
798.13	104.45
798.32	57.34
798.51	126.97
798.7	63.49
798.89	208.89
799.08	126.97
799.26	86.01
799.45	212.99
799.64	10.24
799.83	112.64
800.02	43.01
800.2	141.31
800.39	79.87
800.58	102.4
800.77	53.25
800.95	71.68
801.14	159.74
801.33	28.67
801.52	178.17
801.71	98.3
801.89	16.38
802.08	67.58
802.27	77.82
802.46	49.15
802.64	81.92
802.83	92.16
803.02	22.53
803.21	20.48
803.39	28.67
803.58	61.44
803.77	38.91
803.96	167.93
804.15	-40.96
804.33	163.84
804.52	51.2
804.71	155.65
804.9	30.72
805.08	57.34
805.27	112.64
805.46	47.1
805.65	122.88
805.83	112.64
806.02	24.58
806.21	129.02
806.39	159.74
806.58	186.37
806.77	8.19
806.96	120.83
807.14	88.06
807.33	22.53
807.52	100.35
807.71	104.45
807.89	159.74
808.08	143.36
808.27	104.45
808.45	-104.45
808.64	49.15
808.83	100.35
809.02	0
809.2	10.24
809.39	83.97
809.58	157.69
809.76	67.58
809.95	59.39
810.14	79.87
810.32	190.46
810.51	192.51
810.7	69.63
810.89	155.65
811.07	282.62
811.26	30.72
811.45	12.29
811.63	102.4
811.82	53.25
812.01	51.2
812.19	92.16
812.38	63.49
812.57	118.78
812.75	159.74
812.94	135.17
813.13	126.97
813.31	118.78
813.5	55.3
813.69	157.69
813.87	-98.3
814.06	243.71
814.25	100.35
814.43	104.45
814.62	2.05
814.81	75.77
814.99	10.24
815.18	163.84
815.37	118.78
815.55	186.37
815.74	47.1
815.93	71.68
816.11	10.24
816.3	71.68
816.49	92.16
816.67	65.54
816.86	61.44
817.04	229.37
817.23	159.74
817.42	88.06
817.6	55.3
817.79	196.61
817.98	104.45
818.16	118.78
818.35	47.1
818.54	98.3
818.72	110.59
818.91	71.68
819.09	94.21
819.28	-32.77
819.47	53.25
819.65	104.45
819.84	20.48
820.02	120.83
820.21	114.69
820.4	143.36
820.58	114.69
820.77	126.97
820.95	-18.43
821.14	20.48
821.33	2.05
821.51	-12.29
821.7	47.1
821.88	116.73
822.07	18.43
822.26	145.41
822.44	36.86
822.63	135.17
822.81	81.92
823	184.32
823.19	12.29
823.37	131.07
823.56	161.79
823.74	77.82
823.93	143.36
824.11	204.8
824.3	210.94
824.49	94.21
824.67	98.3
824.86	-43.01
825.04	-14.34
825.23	143.36
825.41	71.68
825.6	108.54
825.78	18.43
825.97	106.49
826.16	112.64
826.34	79.87
826.53	38.91
826.71	196.61
826.9	129.02
827.08	20.48
827.27	90.11
827.45	147.45
827.64	116.73
827.82	167.93
828.01	110.59
828.19	190.46
828.38	135.17
828.57	108.54
828.75	65.53
828.94	102.4
829.12	96.25
829.31	4.1
829.49	6.14
829.68	143.36
829.86	-32.77
830.05	104.45
830.23	159.74
830.42	104.45
830.6	135.17
830.79	137.21
830.97	16.38
831.16	90.11
831.34	53.25
831.53	163.84
831.71	301.05
831.9	81.92
832.08	102.4
832.27	-28.67
832.45	53.25
832.64	126.97
832.82	133.12
833.01	22.53
833.19	45.06
833.38	-32.77
833.56	92.16
833.75	184.32
833.93	57.34
834.12	24.58
834.3	153.6
834.48	180.22
834.67	94.21
834.85	131.07
835.04	63.49
835.22	28.67
835.41	12.29
835.59	-51.2
835.78	86.01
835.96	126.97
836.15	120.83
836.33	43.01
836.52	118.78
836.7	61.44
836.88	145.41
837.07	217.08
837.25	223.23
837.44	90.11
837.62	135.17
837.81	40.96
837.99	26.62
838.17	6.14
838.36	106.49
838.54	151.55
838.73	110.59
838.91	71.68
839.1	116.73
839.28	51.2
839.46	235.52
839.65	114.69
839.83	51.2
840.02	18.43
840.2	86.01
840.39	51.2
840.57	157.69
840.75	6.14
840.94	110.59
841.12	28.67
841.31	182.27
841.49	126.97
841.67	116.73
841.86	6.14
842.04	180.22
842.23	-10.24
842.41	88.06
842.59	-12.29
842.78	90.11
842.96	69.63
843.15	141.31
843.33	249.85
843.51	137.21
843.7	112.64
843.88	77.82
844.06	73.73
844.25	155.65
844.43	184.32
844.62	34.82
844.8	157.69
844.98	149.5
845.17	65.53
845.35	47.1
845.53	94.21
845.72	-4.1
845.9	-4.1
846.09	40.96
846.27	63.49
846.45	256
846.64	-55.3
846.82	81.92
847	120.83
847.19	83.97
847.37	94.21
847.55	149.5
847.74	-6.14
847.92	43.01
848.1	81.92
848.29	24.58
848.47	36.86
848.65	16.38
848.84	180.22
849.02	8.19
849.2	55.3
849.39	40.96
849.57	-43.01
849.75	96.25
849.94	151.55
850.12	139.26
850.3	65.54
850.49	75.77
850.67	147.45
850.85	159.74
851.04	169.98
851.22	28.67
851.4	153.6
851.58	141.31
851.77	94.21
851.95	51.2
852.13	133.12
852.32	18.43
852.5	180.22
852.68	51.2
852.86	98.3
853.05	61.44
853.23	120.83
853.41	26.62
853.6	178.17
853.78	32.77
853.96	141.31
854.14	163.84
854.33	126.97
854.51	-55.3
854.69	110.59
854.88	-104.45
855.06	-18.43
855.24	-2.05
855.42	67.58
855.61	133.12
855.79	30.72
855.97	141.31
856.15	71.68
856.34	53.25
856.52	36.86
856.7	180.22
856.88	151.55
857.07	49.15
857.25	135.17
857.43	53.25
857.61	157.69
857.8	122.88
857.98	71.68
858.16	20.48
858.34	196.61
858.53	88.06
858.71	67.58
858.89	-16.38
859.07	126.97
859.26	65.54
859.44	145.41
859.62	20.48
859.8	45.06
859.98	235.52
860.17	86.01
860.35	59.39
860.53	157.69
860.71	139.26
860.9	2.05
861.08	-10.24
861.26	118.78
861.44	-65.53
861.62	100.35
861.81	10.24
861.99	53.25
862.17	6.14
862.35	102.4
862.53	16.38
862.72	174.08
862.9	71.68
863.08	-4.1
863.26	135.17
863.44	159.74
863.62	133.12
863.81	61.44
863.99	94.21
864.17	133.12
864.35	38.91
864.53	47.1
864.72	118.78
864.9	8.19
865.08	184.32
865.26	182.27
865.44	-36.86
865.62	110.59
865.81	-51.2
865.99	4.1
866.17	86.01
866.35	24.58
866.53	143.36
866.71	161.79
866.89	77.82
867.08	88.06
867.26	55.3
867.44	182.27
867.62	-2.05
867.8	90.11
867.98	49.15
868.16	79.87
868.35	122.88
868.53	67.58
868.71	-270.33
868.89	96.25
869.07	22.53
869.25	139.26
869.43	104.45
869.62	96.25
869.8	67.58
869.98	124.93
870.16	165.89
870.34	129.02
870.52	-51.2
870.7	143.36
870.88	63.49
871.06	249.85
871.25	24.58
871.43	18.43
871.61	83.97
871.79	-53.25
871.97	-20.48
872.15	176.13
872.33	221.18
872.51	129.02
872.69	149.5
872.87	43.01
873.06	159.74
873.24	108.54
873.42	-135.17
873.6	157.69
873.78	36.86
873.96	10.24
874.14	32.77
874.32	137.21
874.5	204.8
874.68	57.34
874.86	18.43
875.04	63.49
875.22	157.69
875.41	192.51
875.59	16.38
875.77	-12.29
875.95	57.34
876.13	65.54
876.31	96.25
876.49	73.73
876.67	28.67
876.85	-104.45
877.03	124.93
877.21	69.63
877.39	34.82
877.57	106.49
877.75	163.84
877.93	61.44
878.11	139.26
878.29	251.9
878.47	2.05
878.65	57.34
878.83	75.77
879.01	135.17
879.19	71.68
879.37	57.34
879.55	65.53
879.74	137.21
879.92	104.45
880.1	16.38
880.28	67.58
880.46	30.72
880.64	96.25
880.82	86.01
881	38.91
881.18	116.73
881.36	57.34
881.54	43.01
881.72	96.25
881.9	90.11
882.08	43.01
882.26	182.27
882.44	112.64
882.62	186.37
882.8	149.5
882.98	-57.34
883.16	38.91
883.34	-6.14
883.51	141.31
883.69	49.15
883.87	-38.91
884.05	137.21
884.23	108.54
884.41	47.1
884.59	40.96
884.77	-61.44
884.95	219.13
885.13	20.48
885.31	147.45
885.49	108.54
885.67	204.8
885.85	67.58
886.03	266.24
886.21	59.39
886.39	-8.19
886.57	186.37
886.75	98.3
886.93	219.13
887.11	114.69
887.29	-30.72
887.47	40.96
887.65	112.64
887.82	-53.25
888	151.55
888.18	59.39
888.36	106.49
888.54	98.3
888.72	-59.39
888.9	-4.1
889.08	-45.06
889.26	-10.24
889.44	22.53
889.62	118.78
889.8	116.73
889.98	22.53
890.15	145.41
890.33	108.54
890.51	139.26
890.69	18.43
890.87	102.4
891.05	114.69
891.23	79.87
891.41	34.82
891.59	-18.43
891.77	-77.82
891.95	-32.77
892.12	106.49
892.3	133.12
892.48	38.91
892.66	79.87
892.84	69.63
893.02	163.84
893.2	120.83
893.38	30.72
893.55	139.26
893.73	141.31
893.91	6.14
894.09	79.87
894.27	90.11
894.45	51.2
894.63	2.05
894.81	77.82
894.98	180.22
895.16	28.67
895.34	-69.63
895.52	165.89
895.7	247.8
895.88	92.16
896.06	100.35
896.23	22.53
896.41	63.49
896.59	-28.67
896.77	86.01
896.95	-28.67
897.13	96.25
897.3	155.65
897.48	-16.38
897.66	38.91
897.84	86.01
898.02	55.3
898.2	106.49
898.37	36.86
898.55	38.91
898.73	43.01
898.91	210.94
899.09	149.5
899.26	-69.63
899.44	59.39
899.62	65.53
899.8	-38.91
899.98	163.84
900.16	16.38
900.33	-10.24
900.51	149.5
900.69	51.2
900.87	47.1
901.05	112.64
901.22	77.82
901.4	10.24
901.58	-28.67
901.76	61.44
901.94	83.97
902.11	112.64
902.29	180.22
902.47	94.21
902.65	88.06
902.82	120.83
903	81.92
903.18	79.87
903.36	126.97
903.54	-18.43
903.71	32.77
903.89	73.73
904.07	36.86
904.25	51.2
904.42	16.38
904.6	-4.1
904.78	165.89
904.96	108.54
905.13	96.25
905.31	6.14
905.49	227.32
905.67	163.84
905.84	49.15
906.02	108.54
906.2	6.14
906.38	124.93
906.55	196.61
906.73	-55.3
906.91	98.3
907.09	10.24
907.26	-2.05
907.44	161.79
907.62	153.6
907.79	43.01
907.97	110.59
908.15	231.42
908.33	47.1
908.5	126.97
908.68	18.43
908.86	24.58
909.03	178.17
909.21	-6.14
909.39	32.77
909.57	47.1
909.74	88.06
909.92	4.1
910.1	292.86
910.27	71.68
910.45	176.13
910.63	122.88
910.8	71.68
910.98	157.69
911.16	28.67
911.34	40.96
911.51	20.48
911.69	-71.68
911.87	-63.49
912.04	36.86
912.22	65.53
912.4	73.73
912.57	212.99
912.75	159.74
912.93	-104.45
913.1	90.11
913.28	73.73
913.46	-14.34
913.63	157.69
913.81	-14.34
913.99	147.45
914.16	61.44
914.34	22.53
914.52	155.65
914.69	157.69
914.87	77.82
915.04	169.98
915.22	36.86
915.4	86.01
915.57	-6.14
915.75	57.34
915.93	-4.1
916.1	149.5
916.28	49.15
916.46	106.49
916.63	45.06
916.81	120.83
916.98	116.73
917.16	55.3
917.34	77.82
917.51	221.18
917.69	182.27
917.87	92.16
918.04	212.99
918.22	47.1
918.39	-137.21
918.57	40.96
918.75	-36.86
918.92	-20.48
919.1	86.01
919.27	149.5
919.45	243.71
919.63	-120.83
919.8	10.24
919.98	129.02
920.15	55.3
920.33	120.83
920.51	12.29
920.68	-61.44
920.86	104.45
921.03	118.78
921.21	71.68
921.38	92.16
921.56	24.58
921.74	49.15
921.91	-10.24
922.09	57.34
922.26	159.74
922.44	161.79
922.61	20.48
922.79	96.25
922.97	65.53
923.14	-75.77
923.32	104.45
923.49	-24.58
923.67	-43.01
923.84	-75.77
924.02	49.15
924.19	221.18
924.37	116.73
924.55	202.75
924.72	104.45
924.9	202.75
925.07	141.31
925.25	65.53
925.42	8.19
925.6	16.38
925.77	129.02
925.95	176.13
926.12	6.14
926.3	104.45
926.47	116.73
926.65	102.4
926.82	53.25
927	-45.06
927.17	102.4
927.35	163.84
927.52	32.77
927.7	81.92
927.87	133.12
928.05	40.96
928.22	86.01
928.4	190.46
928.57	57.34
928.75	53.25
928.92	96.25
929.1	102.4
929.27	110.59
929.45	139.26
929.62	53.25
929.8	20.48
929.97	129.02
930.15	225.28
930.32	139.26
930.5	88.06
930.67	38.91
930.85	96.25
931.02	124.93
931.2	161.79
931.37	110.59
931.55	0
931.72	108.54
931.9	172.03
932.07	34.82
932.24	-30.72
932.42	83.97
932.59	36.86
932.77	32.77
932.94	141.31
933.12	100.35
933.29	145.41
933.47	57.34
933.64	-137.21
933.81	182.27
933.99	151.55
934.16	73.73
934.34	83.97
934.51	104.45
934.69	20.48
934.86	63.49
935.03	188.41
935.21	90.11
935.38	135.17
935.56	-18.43
935.73	198.65
935.91	188.41
936.08	12.29
936.25	114.69
936.43	38.91
936.6	34.82
936.78	65.53
936.95	36.86
937.12	47.1
937.3	40.96
937.47	-79.87
937.65	20.48
937.82	149.5
937.99	32.77
938.17	32.77
938.34	-59.39
938.52	40.96
938.69	-14.34
938.86	30.72
939.04	163.84
939.21	20.48
939.38	53.25
939.56	40.96
939.73	114.69
939.91	81.92
940.08	36.86
940.25	28.67
940.43	67.58
940.6	65.53
940.77	36.86
940.95	81.92
941.12	12.29
941.29	245.76
941.47	55.3
941.64	49.15
941.82	-40.96
941.99	276.48
942.16	198.65
942.34	67.58
942.51	71.68
942.68	178.17
942.86	161.79
943.03	86.01
943.2	155.65
943.38	65.53
943.55	137.21
943.72	73.73
943.9	47.1
944.07	124.93
944.24	83.97
944.41	116.73
944.59	22.53
944.76	-12.29
944.93	57.34
945.11	174.08
945.28	137.21
945.45	90.11
945.63	40.96
945.8	79.87
945.97	14.34
946.15	12.29
946.32	-184.32
946.49	-14.34
946.66	229.37
946.84	67.58
947.01	135.17
947.18	116.73
947.36	96.25
947.53	96.25
947.7	92.16
947.87	2.05
948.05	36.86
948.22	51.2
948.39	210.94
948.57	116.73
948.74	24.58
948.91	88.06
949.08	67.58
949.26	133.12
949.43	227.32
949.6	149.5
949.77	-6.14
949.95	28.67
950.12	86.01
950.29	139.26
950.46	71.68
950.64	26.62
950.81	88.06
950.98	133.12
951.15	153.6
951.33	-28.67
951.5	83.97
951.67	90.11
951.84	81.92
952.02	73.73
952.19	77.82
952.36	73.73
952.53	100.35
952.7	145.41
952.88	65.54
953.05	139.26
953.22	-18.43
953.39	75.77
953.57	-38.91
953.74	118.78
953.91	57.34
954.08	172.03
954.25	94.21
954.43	219.13
954.6	233.47
954.77	202.75
954.94	-24.58
955.11	-2.05
955.29	126.97
955.46	133.12
955.63	-71.68
955.8	167.93
955.97	92.16
956.15	96.25
956.32	75.77
956.49	-30.72
956.66	108.54
956.83	104.45
957	18.43
957.18	153.6
957.35	-20.48
957.52	-18.43
957.69	276.48
957.86	120.83
958.03	71.68
958.21	55.3
958.38	133.12
958.55	71.68
958.72	135.17
958.89	57.34
959.06	143.36
959.23	124.93
959.41	147.45
959.58	167.93
959.75	169.98
959.92	79.87
960.09	192.51
960.26	92.16
960.43	-83.97
960.61	133.12
960.78	79.87
960.95	118.78
961.12	55.3
961.29	51.2
961.46	118.78
961.63	20.48
961.8	43.01
961.98	135.17
962.15	53.25
962.32	59.39
962.49	-6.14
962.66	198.65
962.83	217.08
963	-26.62
963.17	40.96
963.34	69.63
963.52	43.01
963.69	96.25
963.86	112.64
964.03	141.31
964.2	106.49
964.37	112.64
964.54	-8.19
964.71	98.3
964.88	53.25
965.05	348.15
965.22	90.11
965.39	149.5
965.57	98.3
965.74	77.82
965.91	92.16
966.08	16.38
966.25	149.5
966.42	98.3
966.59	124.93
966.76	106.49
966.93	53.25
967.1	45.06
967.27	192.51
967.44	96.25
967.61	129.02
967.78	90.11
967.95	186.37
968.12	51.2
968.29	92.16
968.46	176.13
968.63	202.75
968.81	100.35
968.98	184.32
969.15	-24.58
969.32	94.21
969.49	6.14
969.66	43.01
969.83	120.83
970	161.79
970.17	-30.72
970.34	-12.29
970.51	55.3
970.68	149.5
970.85	4.1
971.02	20.48
971.19	129.02
971.36	77.82
971.53	227.32
971.7	100.35
971.87	8.19
972.04	-4.1
972.21	145.41
972.38	6.14
972.55	59.39
972.72	71.68
972.89	155.65
973.06	81.92
973.23	57.34
973.4	-106.49
973.57	53.25
973.74	40.96
973.91	180.22
974.08	65.53
974.25	16.38
974.42	137.21
974.59	86.01
974.75	92.16
974.92	163.84
975.09	151.55
975.26	110.59
975.43	18.43
975.6	43.01
975.77	163.84
975.94	73.73
976.11	194.56
976.28	73.73
976.45	141.31
976.62	147.45
976.79	10.24
976.96	145.41
977.13	8.19
977.3	-18.43
977.47	-79.87
977.64	88.06
977.8	-4.1
977.97	264.19
978.14	18.43
978.31	135.17
978.48	57.34
978.65	120.83
978.82	104.45
978.99	155.65
979.16	57.34
979.33	38.91
979.5	122.88
979.67	34.82
979.83	135.17
980	161.79
980.17	10.24
980.34	36.86
980.51	88.06
980.68	67.58
980.85	96.25
981.02	153.6
981.19	73.73
981.35	38.91
981.52	131.07
981.69	81.92
981.86	16.38
982.03	53.25
982.2	67.58
982.37	67.58
982.54	45.06
982.7	143.36
982.87	75.77
983.04	165.89
983.21	245.76
983.38	135.17
983.55	55.3
983.72	57.34
983.88	75.77
984.05	155.65
984.22	-2.05
984.39	55.3
984.56	79.87
984.73	120.83
984.9	198.65
985.06	145.41
985.23	264.19
985.4	59.39
985.57	-20.48
985.74	194.56
985.91	102.4
986.07	104.45
986.24	86.01
986.41	90.11
986.58	24.58
986.75	110.59
986.91	47.1
987.08	47.1
987.25	-30.72
987.42	61.44
987.59	6.14
987.76	0
987.92	126.97
988.09	75.77
988.26	126.97
988.43	18.43
988.6	57.34
988.76	65.53
988.93	79.87
989.1	135.17
989.27	149.5
989.43	159.74
989.6	30.72
989.77	100.35
989.94	178.17
990.11	190.46
990.27	86.01
990.44	79.87
990.61	81.92
990.78	106.49
990.94	110.59
991.11	92.16
991.28	81.92
991.45	122.88
991.62	75.77
991.78	43.01
991.95	4.1
992.12	45.06
992.29	6.14
992.45	155.65
992.62	65.53
992.79	151.55
992.96	155.65
993.12	40.96
993.29	-30.72
993.46	215.04
993.62	75.77
993.79	167.93
993.96	94.21
994.13	73.73
994.29	92.16
994.46	174.08
994.63	90.11
994.8	210.94
994.96	126.97
995.13	114.69
995.3	-18.43
995.46	-92.16
995.63	143.36
995.8	104.45
995.97	126.97
996.13	120.83
996.3	28.67
996.47	0
996.63	147.45
996.8	-47.1
996.97	110.59
997.13	165.89
997.3	98.3
997.47	65.53
997.63	161.79
997.8	174.08
997.97	-10.24
998.13	122.88
998.3	65.53
998.47	118.78
998.64	63.49
998.8	116.73
998.97	6.14
999.14	73.73
999.3	-77.82
999.47	79.87
999.63	100.35
999.8	141.31
999.97	69.63
1000.13	-75.77
1000.3	88.06
1000.47	36.86
1000.63	-53.25
1000.8	161.79
1000.97	94.21
1001.13	143.36
1001.3	108.54
1001.47	188.41
1001.63	12.29
1001.8	157.69
1001.97	182.27
1002.13	83.97
1002.3	-81.92
1002.46	30.72
1002.63	4.1
1002.8	135.17
1002.96	159.74
1003.13	167.93
1003.29	83.97
1003.46	14.34
1003.63	120.83
1003.79	8.19
1003.96	71.68
1004.13	24.58
1004.29	98.3
1004.46	143.36
1004.62	30.72
1004.79	69.63
1004.95	22.53
1005.12	22.53
1005.29	116.73
1005.45	172.03
1005.62	-8.19
1005.78	151.55
1005.95	88.06
1006.12	131.07
1006.28	98.3
1006.45	126.97
1006.61	124.93
1006.78	149.5
1006.94	204.8
1007.11	67.58
1007.28	169.98
1007.44	73.73
1007.61	16.38
1007.77	47.1
1007.94	45.06
1008.1	153.6
1008.27	110.59
1008.43	18.43
1008.6	118.78
1008.77	53.25
1008.93	86.01
1009.1	206.84
1009.26	192.51
1009.43	139.26
1009.59	-79.87
1009.76	178.17
1009.92	43.01
1010.09	92.16
1010.25	133.12
1010.42	96.25
1010.58	81.92
1010.75	71.68
1010.91	196.61
1011.08	43.01
1011.24	112.64
1011.41	53.25
1011.57	153.6
1011.74	118.78
1011.9	149.5
1012.07	-16.38
1012.23	131.07
1012.4	94.21
1012.56	-57.34
1012.73	16.38
1012.89	22.53
1013.06	135.17
1013.22	83.97
1013.39	157.69
1013.55	131.07
1013.72	61.44
1013.88	206.84
1014.05	30.72
1014.21	90.11
1014.38	-10.24
1014.54	53.25
1014.71	196.61
1014.87	61.44
1015.04	159.74
1015.2	-30.72
1015.37	0
1015.53	47.1
1015.69	83.97
1015.86	217.08
1016.02	139.26
1016.19	53.25
1016.35	26.62
1016.52	147.45
1016.68	139.26
1016.85	129.02
1017.01	159.74
1017.17	110.59
1017.34	86.01
1017.5	32.77
1017.67	141.31
1017.83	120.83
1018	174.08
1018.16	-63.49
1018.32	65.53
1018.49	153.6
1018.65	174.08
1018.82	149.5
1018.98	16.38
1019.15	-10.24
1019.31	167.93
1019.47	114.69
1019.64	38.91
1019.8	71.68
1019.97	124.93
1020.13	20.48
1020.29	34.82
1020.46	67.58
1020.62	-40.96
1020.79	165.89
1020.95	24.58
1021.11	96.25
1021.28	110.59
1021.44	6.14
1021.6	34.82
1021.77	83.97
1021.93	73.73
1022.1	-110.59
1022.26	141.31
1022.42	-96.25
1022.59	143.36
1022.75	51.2
1022.91	55.3
1023.08	57.34
1023.24	120.83
1023.41	61.44
1023.57	47.1
1023.73	176.13
1023.9	133.12
1024.06	-8.19
1024.22	2.05
1024.39	-36.86
1024.55	-6.14
1024.71	-10.24
1024.88	235.52
1025.04	79.87
1025.2	139.26
1025.37	-43.01
1025.53	-49.15
1025.69	-18.43
1025.86	90.11
1026.02	22.53
1026.18	88.06
1026.35	118.78
1026.51	81.92
1026.67	-16.38
1026.83	-59.39
1027	98.3
1027.16	116.73
1027.32	65.54
1027.49	69.63
1027.65	45.06
1027.81	47.1
1027.98	-34.82
1028.14	28.67
1028.3	102.4
1028.46	-32.77
1028.63	-92.16
1028.79	235.52
1028.95	104.45
1029.12	98.3
1029.28	69.63
1029.44	12.29
1029.6	22.53
1029.77	98.3
1029.93	36.86
1030.09	145.41
1030.26	45.06
1030.42	69.63
1030.58	47.1
1030.74	153.6
1030.91	-61.44
1031.07	190.46
1031.23	133.12
1031.39	-45.06
1031.56	-28.67
1031.72	10.24
1031.88	-73.73
1032.04	6.14
1032.21	49.15
1032.37	100.35
1032.53	43.01
1032.69	120.83
1032.86	32.77
1033.02	124.93
1033.18	79.87
1033.34	114.69
1033.5	79.87
1033.67	8.19
1033.83	88.06
1033.99	192.51
1034.15	10.24
1034.31	-8.19
1034.48	-8.19
1034.64	81.92
1034.8	194.56
1034.96	184.32
1035.13	153.6
1035.29	135.17
1035.45	12.29
1035.61	57.34
1035.77	-47.1
1035.94	124.93
1036.1	155.65
1036.26	137.21
1036.42	-34.82
1036.58	12.29
1036.74	51.2
1036.91	135.17
1037.07	36.86
1037.23	-49.15
1037.39	75.77
1037.55	88.06
1037.71	51.2
1037.88	-12.29
1038.04	-47.1
1038.2	153.6
1038.36	165.89
1038.52	57.34
1038.68	106.49
1038.85	124.93
1039.01	51.2
1039.17	192.51
1039.33	102.4
1039.49	165.89
1039.65	153.6
1039.81	-59.39
1039.98	79.87
1040.14	245.76
1040.3	75.77
1040.46	147.45
1040.62	-38.91
1040.78	38.91
1040.94	233.47
1041.1	79.87
1041.27	102.4
1041.43	129.02
1041.59	4.1
1041.75	180.22
1041.91	143.36
1042.07	16.38
1042.23	192.51
1042.39	94.21
1042.55	94.21
1042.72	-65.54
1042.88	114.69
1043.04	153.6
1043.2	75.77
1043.36	90.11
1043.52	61.44
1043.68	-12.29
1043.84	65.53
1044	65.54
1044.16	61.44
1044.32	53.25
1044.49	14.34
1044.65	190.46
1044.81	75.77
1044.97	120.83
1045.13	55.3
1045.29	57.34
1045.45	38.91
1045.61	-47.1
1045.77	157.69
1045.93	81.92
1046.09	-10.24
1046.25	28.67
1046.41	34.82
1046.57	204.8
1046.73	131.07
1046.89	10.24
1047.05	106.49
1047.22	-43.01
1047.38	110.59
1047.54	61.44
1047.7	8.19
