344.5	20.4796875
344.692763	20.4796875
344.885526	20.4796875
345.078289	-12.2878125
345.271053	10.2398437
345.463816	-90.110625
345.656579	4.0959375
345.849342	-14.3357812
346.042105	-2.04796875
346.234868	-114.68625
346.427632	63.4870313
346.620395	65.535
346.813158	-73.726875
347.005921	-61.4390625
347.198684	30.7195312
347.391447	-32.7675
347.584211	63.4870312
347.776974	71.6789063
347.969737	-38.9114063
348.1625	-114.68625
348.355263	8.191875
348.548026	-36.8634375
348.740789	83.9667187
348.933553	-71.6789063
349.126316	61.4390625
349.319079	145.405781
349.511842	-124.926094
349.704605	0
349.897368	-77.8228125
350.090132	36.8634375
350.282895	53.2471875
350.475658	-49.15125
350.668421	20.4796875
350.861184	20.4796875
351.053947	-43.0073438
351.246711	-114.68625
351.439474	92.1585937
351.632237	-20.4796875
351.825	-69.6309375
352.017763	-108.542344
352.210526	47.1032812
352.403289	53.2471875
352.596053	34.8154688
352.788816	30.7195312
352.981579	-57.343125
353.174342	6.14390625
353.367105	36.8634375
353.559868	120.830156
353.752632	-75.7748437
353.945395	-28.6715625
354.138158	69.6309375
354.330921	49.15125
354.523684	-36.8634375
354.716447	172.029375
354.909211	0
355.101974	-45.0553125
355.294737	-118.782187
355.4875	22.5276563
355.680263	61.4390625
355.873026	-86.0146875
356.065789	20.4796875
356.258553	18.4317188
356.451316	-106.494375
356.644079	14.3357812
356.836842	0
357.029605	-30.7195313
357.222368	-53.2471875
357.415132	-34.8154688
357.607895	-122.878125
357.800658	18.4317188
357.993421	-96.2545313
358.186184	49.15125
358.378947	18.4317187
358.571711	-108.542344
358.764474	14.3357812
358.957237	12.2878125
359.15	14.3357812
359.342763	-40.959375
359.535526	63.4870313
359.728289	-36.8634375
359.921053	-18.4317188
360.113816	-34.8154688
360.306579	-163.8375
360.499342	-61.4390625
360.692105	-40.959375
360.884868	14.3357812
361.077632	-104.446406
361.270395	32.7675
361.463158	4.0959375
361.655921	49.15125
361.848684	-114.68625
362.041447	-104.446406
362.234211	-86.0146875
362.426974	20.4796875
362.619737	116.734219
362.8125	-20.4796875
363.005263	86.0146875
363.198026	-6.14390625
363.390789	51.1992187
363.583553	-36.8634375
363.776316	-40.959375
363.969079	69.6309375
364.161842	-131.07
364.354605	-38.9114063
364.547368	73.726875
364.740132	-57.343125
364.932895	34.8154688
365.125658	-47.1032813
365.318421	-4.0959375
365.511184	157.693594
365.703947	49.15125
365.896711	-61.4390625
366.089474	79.8707813
366.282237	32.7675
366.475	-6.14390625
366.667763	-63.4870312
366.860526	12.2878125
367.053289	176.125312
367.246053	-81.91875
367.438816	-73.726875
367.631579	90.110625
367.824342	12.2878125
368.017105	47.1032813
368.209868	-10.2398438
368.402632	16.38375
368.595395	71.6789063
368.788158	47.1032813
368.980921	-2.04796875
369.173684	4.0959375
369.366447	-147.45375
369.559211	47.1032812
369.751974	24.575625
369.944737	26.6235938
370.1375	-18.4317188
370.330263	-92.1585937
370.523026	-61.4390625
370.715789	-63.4870312
370.908553	14.3357813
371.101316	-57.343125
371.294079	53.2471875
371.486842	63.4870313
371.679605	-24.575625
371.872368	-26.6235938
372.065132	26.6235938
372.257895	40.959375
372.450658	-26.6235938
372.643421	-49.15125
372.836184	10.2398438
373.028947	-32.7675
373.221711	-12.2878125
373.414474	96.2545313
373.607237	-63.4870313
373.8	-14.3357813
373.992763	-8.191875
374.185526	114.68625
374.378289	-10.2398438
374.571053	-83.9667187
374.763816	-141.309844
374.956579	-51.1992187
375.149342	24.575625
375.342105	83.9667187
375.534868	-10.2398437
375.727632	-47.1032812
375.920395	18.4317187
376.113158	77.8228125
376.305921	-71.6789063
376.498684	90.110625
376.691447	-2.04796875
376.884211	-83.9667187
377.076974	-53.2471875
377.269737	10.2398438
377.4625	129.022031
377.655263	30.7195313
377.848026	-75.7748437
378.040789	83.9667187
378.233553	-83.9667187
378.426316	-63.4870313
378.619079	-75.7748437
378.811842	6.14390625
379.004605	12.2878125
379.197368	-18.4317188
379.390132	-53.2471875
379.582895	192.509062
379.775658	-30.7195312
379.968421	-139.261875
380.161184	-53.2471875
380.353947	47.1032813
380.546711	53.2471875
380.739474	14.3357812
380.932237	-14.3357813
381.125	8.191875
381.317763	-10.2398438
381.510526	4.0959375
381.703289	18.4317187
381.896053	-83.9667187
382.088816	-34.8154688
382.281579	-20.4796875
382.474342	-26.6235938
382.667105	57.343125
382.859868	96.2545312
383.052632	16.38375
383.245395	4.0959375
383.438158	30.7195312
383.630921	108.542344
383.823684	32.7675
384.016447	-63.4870313
384.209211	18.4317188
384.401974	30.7195313
384.594737	20.4796875
384.7875	34.8154688
384.980263	4.0959375
385.173026	24.575625
385.365789	-61.4390625
385.558553	-77.8228125
385.751316	-106.494375
385.944079	-4.0959375
386.136842	61.4390625
386.329605	-6.14390625
386.522368	-65.535
386.715132	-86.0146875
386.907895	-22.5276562
387.100658	-24.575625
387.293421	114.68625
387.486184	2.04796875
387.678947	34.8154688
387.871711	51.1992187
388.064474	-24.575625
388.257237	88.0626563
388.45	-65.535
388.642763	59.3910937
388.835526	-86.0146875
389.028289	34.8154688
389.221053	-28.6715625
389.413816	-26.6235938
389.606579	-63.4870312
389.799342	22.5276562
389.992105	59.3910937
390.184868	69.6309375
390.377632	-28.6715625
390.570395	77.8228125
390.763158	0
390.955921	-2.04796875
391.148684	-63.4870312
391.341447	-65.535
391.534211	-47.1032812
391.726974	-83.9667187
391.919737	100.350469
392.1125	-32.7675
392.305263	-120.830156
392.498026	-69.6309375
392.690789	-45.0553125
392.883553	-2.04796875
393.076316	30.7195313
393.269079	8.191875
393.461842	-4.0959375
393.654605	-18.4317187
393.847368	14.3357812
394.040132	-47.1032812
394.232895	86.0146875
394.425658	45.0553125
394.618421	45.0553125
394.811184	210.940781
395.003947	16.38375
395.196711	-71.6789063
395.389474	-102.398437
395.582237	61.4390625
395.775	-71.6789063
395.967763	36.8634375
396.160526	-59.3910937
396.353289	51.1992187
396.546053	-69.6309375
396.738816	-6.14390625
396.931579	135.165937
397.124342	-22.5276562
397.317105	-69.6309375
397.509868	73.726875
397.702632	-12.2878125
397.895395	-163.8375
398.088158	-8.191875
398.280921	18.4317188
398.473684	55.2951562
398.666447	-14.3357813
398.859211	-118.782187
399.051974	-159.741563
399.244737	-6.14390625
399.4375	26.6235938
399.630263	22.5276562
399.823026	-38.9114062
400.015789	-2.04796875
400.208553	-73.726875
400.401316	18.4317188
400.594079	-73.726875
400.786842	-12.2878125
400.979605	14.3357812
401.172368	22.5276563
401.365132	-63.4870312
401.557895	-32.7675
401.750658	-45.0553125
401.943421	116.734219
402.136184	-26.6235938
402.328947	63.4870312
402.521711	-38.9114063
402.714474	-47.1032812
402.907237	-77.8228125
403.1	131.07
403.292763	96.2545313
403.485526	18.4317188
403.678289	94.2065625
403.871053	-24.575625
404.063816	-61.4390625
404.256579	-55.2951562
404.449342	100.350469
404.642105	-40.959375
404.834868	157.693594
405.027632	-36.8634375
405.220395	45.0553125
405.413158	69.6309375
405.605921	-16.38375
405.798684	-36.8634375
405.991447	2.04796875
406.184211	-49.15125
406.376974	6.14390625
406.569737	-20.4796875
406.7625	63.4870312
406.955263	-57.343125
407.148026	114.68625
407.340789	-86.0146875
407.533553	10.2398437
407.726316	-36.8634375
407.919079	24.575625
408.111842	77.8228125
408.304605	122.878125
408.497368	73.726875
408.690132	63.4870313
408.882895	-55.2951562
409.075658	2.04796875
409.268421	-8.191875
409.461184	-71.6789063
409.653947	-79.8707813
409.846711	28.6715625
410.039474	59.3910937
410.232237	22.5276563
410.425	75.7748437
410.617763	-32.7675
410.810526	88.0626563
411.003289	18.4317187
411.196053	69.6309375
411.388816	55.2951563
411.581579	36.8634375
411.774342	26.6235938
411.967105	-18.4317188
412.159868	2.04796875
412.352632	18.4317188
412.545395	98.3025
412.738158	61.4390625
412.930921	159.741562
413.123684	184.317187
413.316447	28.6715625
413.509211	49.15125
413.701974	-20.4796875
413.894737	106.494375
414.0875	-47.1032812
414.280263	-16.38375
414.473026	-100.350469
414.665789	120.830156
414.858553	18.4317188
415.051316	38.9114063
415.244079	83.9667187
415.436842	92.1585937
415.629605	122.878125
415.822368	24.575625
416.015132	-4.0959375
416.207895	-18.4317188
416.400658	10.2398438
416.593421	-57.343125
416.786184	-4.0959375
416.978947	-77.8228125
417.171711	-59.3910937
417.364474	6.14390625
417.557237	57.343125
417.75	73.726875
417.942763	26.6235938
418.135526	83.9667188
418.328289	45.0553125
418.521053	-73.726875
418.713816	43.0073438
418.906579	-12.2878125
419.099342	159.741563
419.292105	16.38375
419.484868	73.726875
419.677632	92.1585937
419.870395	40.959375
420.063158	47.1032813
420.255921	83.9667187
420.448684	49.15125
420.641447	53.2471875
420.834211	14.3357812
421.026974	-10.2398438
421.219737	126.974062
421.4125	-26.6235938
421.605263	88.0626562
421.798026	65.535
421.990789	92.1585938
422.183553	92.1585938
422.376316	67.5829687
422.569079	18.4317188
422.761842	88.0626563
422.954605	161.789531
423.147368	-18.4317188
423.340132	-28.6715625
423.532895	22.5276562
423.725658	30.7195312
423.918421	-16.38375
424.111184	114.68625
424.303947	53.2471875
424.496711	98.3025
424.689474	26.6235938
424.882237	90.110625
425.075	92.1585938
425.267763	88.0626563
425.460526	75.7748438
425.653289	57.343125
425.846053	149.501719
426.038816	34.8154688
426.231579	79.8707812
426.424342	38.9114062
426.617105	235.516406
426.809868	10.2398438
427.002632	190.461094
427.195395	-6.14390625
427.388158	57.343125
427.580921	45.0553125
427.773684	4.0959375
427.966447	-16.38375
428.159211	73.726875
428.351974	149.501719
428.544737	65.535
428.7375	-8.191875
428.930263	126.974062
429.123026	131.07
429.315789	147.45375
429.508553	34.8154687
429.701316	159.741563
429.894079	159.741562
430.086842	120.830156
430.279605	129.022031
430.472368	122.878125
430.665132	14.3357812
430.857895	71.6789063
431.050658	38.9114062
431.243421	86.0146875
431.436184	122.878125
431.628947	94.2065625
431.821711	167.933438
432.014474	79.8707813
432.207237	124.926094
432.4	124.926094
432.592763	38.9114062
432.785526	264.187969
432.978289	114.68625
433.171053	157.693594
433.363816	108.542344
433.556579	63.4870313
433.749342	147.45375
433.942105	114.68625
434.134868	77.8228125
434.327632	133.117969
434.520395	116.734219
434.713158	75.7748437
434.905921	-20.4796875
435.098684	49.15125
435.291447	129.022031
435.484211	75.7748437
435.676974	63.4870313
435.869737	16.38375
436.0625	32.7675
436.255263	163.8375
436.448026	-4.0959375
436.640789	169.981406
436.833553	32.7675
437.026316	137.213906
437.219079	135.165937
437.411842	102.398437
437.604605	63.4870312
437.797368	94.2065625
437.990132	65.535
438.182895	153.597656
438.375658	165.885469
438.568421	59.3910937
438.761184	153.597656
438.953947	208.892812
439.146711	165.885469
439.339474	157.693594
439.532237	229.3725
439.725	16.38375
439.917763	217.084687
440.110526	96.2545312
440.303289	180.22125
440.496053	73.726875
440.688816	231.420469
440.881579	180.22125
441.074342	149.501719
441.267105	0
441.459868	161.789531
441.652632	194.557031
441.845395	149.501719
442.038158	124.926094
442.230921	131.07
442.423684	163.8375
442.616447	192.509063
442.809211	45.0553125
443.001974	153.597656
443.194737	212.98875
443.3875	47.1032812
443.580263	251.900156
443.773026	237.564375
443.965789	161.789531
444.158553	180.22125
444.351316	147.45375
444.544079	206.844844
444.736842	100.350469
444.929605	98.3025
445.122368	253.948125
445.315132	284.667656
445.507895	327.675
445.700658	161.789531
445.893421	235.516406
446.086184	237.564375
446.278947	282.619688
446.471711	176.125312
446.664474	352.250625
446.857237	307.195312
447.05	198.652969
447.242763	143.357812
447.435526	194.557031
447.628289	327.675
447.821053	239.612344
448.013816	235.516406
448.206579	391.162031
448.399342	227.324531
448.592105	311.29125
448.784868	100.350469
448.977632	227.324531
449.170395	299.003438
449.363158	196.605
449.555921	233.468438
449.748684	354.298594
449.941447	305.147344
450.134211	194.557031
450.326974	354.298594
450.519737	483.320625
450.7125	380.922187
450.905263	401.401875
451.098026	305.147344
451.290789	235.516406
451.483553	319.483125
451.676316	380.922187
451.869079	305.147344
452.061842	321.531094
452.254605	366.586406
452.447368	421.881562
452.640132	258.044063
452.832895	290.811563
453.025658	327.675
453.218421	305.147344
453.411184	311.29125
453.603947	413.689688
453.796711	335.866875
453.989474	495.608438
454.182237	389.114062
454.375	378.874219
454.567763	395.257969
454.760526	344.05875
454.953289	325.627031
455.146053	468.984844
455.338816	411.641719
455.531579	460.792969
455.724342	315.387187
455.917105	305.147344
456.109868	405.497813
456.302632	331.770938
456.495395	417.785625
456.688158	606.19875
456.880921	503.800313
457.073684	507.89625
457.266447	423.929531
457.459211	614.390625
457.651974	520.184062
457.844737	532.471875
458.0375	577.527187
458.230263	333.818906
458.423026	489.464531
458.615789	487.416563
458.808553	339.962812
459.001316	493.560469
459.194079	436.217344
459.386842	417.785625
459.579605	559.095469
459.772368	546.807656
459.965132	428.025469
460.157895	507.89625
460.350658	399.353906
460.543421	444.409219
460.736184	460.792969
460.928947	514.040156
461.121711	434.169375
461.314474	542.711719
461.507237	522.232031
461.7	501.752344
461.892763	567.287344
462.085526	446.457188
462.278289	473.080781
462.471053	583.671094
462.663816	493.560469
462.856579	557.0475
463.049342	632.822344
463.242105	561.143437
463.434868	536.567812
463.627632	634.870313
463.820395	706.549219
464.013158	645.110156
464.205921	722.932969
464.398684	575.479219
464.591447	530.423906
464.784211	706.549219
464.976974	710.645156
465.169737	598.006875
465.3625	542.711719
465.555263	759.796406
465.748026	632.822344
465.940789	700.405313
466.133553	632.822344
466.326316	667.637813
466.519079	770.03625
466.711842	798.707813
466.904605	745.460625
467.097368	700.405313
467.290132	716.789062
467.482895	729.076875
467.675658	786.42
467.868421	839.667187
468.061184	618.486563
468.253947	722.932969
468.446711	835.57125
468.639474	1003.50469
468.832237	767.988281
469.025	903.154219
469.217763	792.563906
469.410526	759.796406
469.603289	854.002969
469.796053	770.03625
469.988816	890.866406
470.181579	942.065625
470.374342	878.578594
470.567105	980.977031
470.759868	901.10625
470.952632	972.785156
471.145395	946.161562
471.338158	806.899687
471.530921	966.64125
471.723684	995.312812
471.916447	856.050938
472.109211	919.537969
472.301974	835.57125
472.494737	890.866406
472.6875	905.202188
472.880263	856.050937
473.073026	1013.74453
473.265789	810.995625
473.458553	946.161563
473.651316	849.907031
473.844079	987.120937
474.036842	1009.64859
474.229605	929.777812
474.422368	1001.45672
474.615132	1005.55266
474.807895	1066.99172
475.000658	960.497344
475.193421	927.729844
475.386184	966.64125
475.578947	1085.42344
475.771711	1064.94375
475.964474	993.264844
476.157237	948.209531
476.35	788.467969
476.542763	1015.7925
476.735526	1040.36812
476.928289	890.866406
477.121053	972.785156
477.313816	980.977031
477.506579	1079.27953
477.699342	919.537969
477.892105	1093.61531
478.084868	958.449375
478.277632	929.777812
478.470395	854.002969
478.663158	993.264844
478.855921	1007.60063
479.048684	1019.88844
479.241447	1021.93641
479.434211	970.737187
479.626974	1032.17625
479.819737	935.921719
480.0125	874.482656
480.205263	958.449375
480.398026	995.312812
480.590789	899.058281
480.783553	985.072969
480.976316	1009.64859
481.169079	948.209531
481.361842	1011.69656
481.554605	1003.50469
481.747368	870.386719
481.940132	897.010313
482.132895	890.866406
482.325658	1062.89578
482.518421	1036.27219
482.711184	942.065625
482.903947	763.892344
483.096711	866.290781
483.289474	950.2575
483.482237	843.763125
483.675	892.914375
483.867763	878.578594
484.060526	892.914375
484.253289	903.154219
484.446053	960.497344
484.638816	839.667187
484.831579	940.017656
485.024342	890.866406
485.217105	929.777812
485.409868	813.043594
485.602632	927.729844
485.795395	802.80375
485.988158	831.475313
486.180921	761.844375
486.373684	837.619219
486.566447	776.180156
486.759211	710.645156
486.951974	808.947656
487.144737	720.885
487.3375	776.180156
487.530263	776.180156
487.723026	755.700469
487.915789	876.530625
488.108553	718.837031
488.301316	724.980938
488.494079	690.165469
488.686842	724.980937
488.879605	722.932969
489.072368	804.851719
489.265132	673.781719
489.457895	720.885
489.650658	765.940312
489.843421	667.637813
490.036184	591.862969
490.228947	659.445938
490.421711	698.357344
490.614474	655.35
490.807237	716.789062
491	632.822344
491.192763	714.741094
491.385526	634.870313
491.578289	708.597188
491.771053	634.870312
491.963816	718.837031
492.156579	587.767031
492.349342	739.316719
492.542105	821.235469
492.734868	673.781719
492.927632	567.287344
493.120395	708.597188
493.313158	669.685781
493.505921	702.453281
493.698684	700.405313
493.891447	526.327969
494.084211	718.837031
494.276974	632.822344
494.469737	796.659844
494.6625	645.110156
494.855263	645.110156
495.048026	634.870312
495.240789	530.423906
495.433553	677.877656
495.626316	589.815
495.819079	577.527187
496.011842	813.043594
496.204605	610.294687
496.397368	755.700469
496.590132	569.335312
496.782895	645.110156
496.975658	667.637812
497.168421	763.892344
497.361184	737.26875
497.553947	688.1175
497.746711	626.678437
497.939474	675.829688
498.132237	825.331406
498.325	614.390625
498.517763	747.508594
498.710526	698.357344
498.903289	681.973594
499.096053	751.604531
499.288816	643.062188
499.481579	755.700469
499.674342	747.508594
499.867105	722.932969
500.059868	692.213438
500.252632	776.180156
500.445395	598.006875
500.638158	612.342656
500.830921	657.397969
501.023684	673.781719
501.216447	776.180156
501.409211	765.940312
501.601974	641.014219
501.794737	755.700469
501.9875	798.707813
502.180263	958.449375
502.373026	653.302031
502.565789	763.892344
502.758553	700.405313
502.951316	634.870313
503.144079	792.563906
503.336842	798.707813
503.529605	782.324062
503.722368	724.980937
503.915132	696.309375
504.107895	700.405313
504.300658	577.527187
504.493421	704.50125
504.686184	761.844375
504.878947	745.460625
505.071711	788.467969
505.264474	995.312812
505.457237	1013.74453
505.65	1114.095
505.842763	1034.22422
506.035526	1052.65594
506.228289	966.64125
506.421053	1048.56
506.613816	804.851719
506.806579	817.139531
506.999342	747.508594
507.192105	827.379375
507.384868	647.158125
507.577632	624.630469
507.770395	649.206094
507.963158	688.1175
508.155921	585.719062
508.348684	761.844375
508.541447	595.958906
508.734211	600.054844
508.926974	696.309375
509.119737	632.822344
509.3125	714.741094
509.505263	710.645156
509.698026	649.206094
509.890789	632.822344
510.083553	692.213437
510.276316	823.283438
510.469079	577.527187
510.661842	810.995625
510.854605	677.877656
511.047368	702.453281
511.240132	630.774375
511.432895	686.069531
511.625658	686.069531
511.818421	477.176719
512.011184	622.5825
512.203947	735.220781
512.396711	550.903594
512.589474	628.726406
512.782237	602.102812
512.975	626.678437
513.167763	561.143438
513.360526	567.287344
513.553289	534.519844
513.746053	505.848281
513.938816	581.623125
514.131579	542.711719
514.324342	415.737656
514.517105	669.685781
514.709868	528.375937
514.902632	516.088125
515.095395	425.9775
515.288158	442.36125
515.480921	448.505156
515.673684	516.088125
515.866447	634.870313
516.059211	432.121406
516.251974	489.464531
516.444737	448.505156
516.6375	538.615781
516.830263	528.375937
517.023026	354.298594
517.215789	413.689687
517.408553	479.224687
517.601316	286.715625
517.794079	548.855625
517.986842	466.936875
518.179605	507.89625
518.372368	366.586406
518.565132	430.073438
518.757895	387.066094
518.950658	395.257969
519.143421	417.785625
519.336184	415.737656
519.528947	376.82625
519.721711	372.730312
519.914474	468.984844
520.107237	192.509062
520.3	370.682344
520.492763	438.265313
520.685526	352.250625
520.878289	260.092031
521.071053	358.394531
521.263816	307.195312
521.456579	243.708281
521.649342	393.21
521.842105	253.948125
522.034868	296.955469
522.227632	245.75625
522.420395	339.962812
522.613158	364.538437
522.805921	333.818906
522.998684	294.9075
523.191447	247.804219
523.384211	352.250625
523.576974	137.213906
523.769737	235.516406
523.9625	313.339219
524.155263	169.981406
524.348026	276.475781
524.540789	335.866875
524.733553	262.14
524.926316	280.571719
525.119079	251.900156
525.311842	153.597656
525.504605	229.3725
525.697368	200.700937
525.890132	215.036719
526.082895	196.605
526.275658	208.892813
526.468421	323.579062
526.661184	292.859531
526.853947	280.571719
527.046711	176.125312
527.239474	301.051406
527.432237	172.029375
527.625	131.07
527.817763	270.331875
528.010526	366.586406
528.203289	104.446406
528.396053	210.940781
528.588816	290.811563
528.781579	178.173281
528.974342	174.077344
529.167105	141.309844
529.359868	333.818906
529.552632	251.900156
529.745395	278.52375
529.938158	-2.04796875
530.130921	167.933437
530.323684	215.036719
530.516447	110.590312
530.709211	301.051406
530.901974	235.516406
531.094737	217.084688
531.2875	239.612344
531.480263	194.557031
531.673026	235.516406
531.865789	163.8375
532.058553	122.878125
532.251316	198.652969
532.444079	61.4390625
532.636842	53.2471875
532.829605	237.564375
533.022368	155.645625
533.215132	112.638281
533.407895	133.117969
533.600658	282.619688
533.793421	212.98875
533.986184	329.722969
534.178947	245.75625
534.371711	215.036719
534.564474	184.317187
534.757237	235.516406
534.95	237.564375
535.142763	237.564375
535.335526	135.165937
535.528289	317.435156
535.721053	186.365156
535.913816	215.036719
536.106579	210.940781
536.299342	249.852188
536.492105	202.748906
536.684868	258.044063
536.877632	415.737656
537.070395	296.955469
537.263158	196.605
537.455921	305.147344
537.648684	163.8375
537.841447	188.413125
538.034211	247.804219
538.226974	270.331875
538.419737	145.405781
538.6125	202.748906
538.805263	227.324531
538.998026	274.427813
539.190789	174.077344
539.383553	296.955469
539.576316	247.804219
539.769079	364.538437
539.961842	243.708281
540.154605	225.276563
540.347368	255.996094
540.540132	278.52375
540.732895	251.900156
540.925658	251.900156
541.118421	276.475781
541.311184	327.675
541.503947	272.379844
541.696711	286.715625
541.889474	366.586406
542.082237	358.394531
542.275	280.571719
542.467763	255.996094
542.660526	225.276563
542.853289	376.82625
543.046053	249.852188
543.238816	245.75625
543.431579	346.106719
543.624342	149.501719
543.817105	333.818906
544.009868	188.413125
544.202632	284.667656
544.395395	301.051406
544.588158	231.420469
544.780921	335.866875
544.973684	260.092031
545.166447	184.317188
545.359211	428.025469
545.551974	354.298594
545.744737	200.700937
545.9375	307.195312
546.130263	180.22125
546.323026	202.748906
546.515789	296.955469
546.708553	303.099375
546.901316	329.722969
547.094079	325.627031
547.286842	276.475781
547.479605	323.579062
547.672368	387.066094
547.865132	260.092031
548.057895	180.22125
548.250658	186.365156
548.443421	331.770937
548.636184	274.427813
548.828947	362.490469
549.021711	264.187969
549.214474	178.173281
549.407237	372.730312
549.6	196.605
549.792763	348.154687
549.985526	192.509063
550.178289	305.147344
550.371053	268.283906
550.563816	319.483125
550.756579	356.346563
550.949342	335.866875
551.142105	223.228594
551.334868	327.675
551.527632	270.331875
551.720395	333.818906
551.913158	317.435156
552.105921	266.235937
552.298684	227.324531
552.491447	268.283906
552.684211	176.125313
552.876974	249.852187
553.069737	251.900156
553.2625	247.804219
553.455263	133.117969
553.648026	153.597656
553.840789	139.261875
554.033553	172.029375
554.226316	202.748906
554.419079	221.180625
554.611842	270.331875
554.804605	225.276563
554.997368	139.261875
555.190132	180.22125
555.382895	364.538437
555.575658	294.9075
555.768421	247.804219
555.961184	299.003438
556.153947	182.269219
556.346711	219.132656
556.539474	145.405781
556.732237	245.75625
556.925	278.52375
557.117763	225.276563
557.310526	266.235938
557.503289	149.501719
557.696053	245.75625
557.888816	276.475781
558.081579	325.627031
558.274342	153.597656
558.467105	118.782187
558.659868	387.066094
558.852632	129.022031
559.045395	157.693594
559.238158	227.324531
559.430921	206.844844
559.623684	241.660313
559.816447	182.269219
560.009211	286.715625
560.201974	260.092031
560.394737	192.509062
560.5875	317.435156
560.780263	239.612344
560.973026	282.619688
561.165789	358.394531
561.358553	292.859531
561.551316	276.475781
561.744079	210.940781
561.936842	292.859531
562.129605	280.571719
562.322368	276.475781
562.515132	307.195312
562.707895	385.018125
562.900658	210.940781
563.093421	290.811563
563.286184	229.3725
563.478947	249.852188
563.671711	249.852188
563.864474	286.715625
564.057237	321.531094
564.25	292.859531
564.442763	342.010781
564.635526	358.394531
564.828289	266.235938
565.021053	307.195312
565.213816	247.804219
565.406579	335.866875
565.599342	333.818906
565.792105	358.394531
565.984868	358.394531
566.177632	471.032813
566.370395	339.962812
566.563158	442.36125
566.755921	438.265313
566.948684	270.331875
567.141447	344.05875
567.334211	288.763594
567.526974	452.601094
567.719737	487.416563
567.9125	352.250625
568.105263	419.833594
568.298026	296.955469
568.490789	409.59375
568.683553	458.745
568.876316	448.505156
569.069079	503.800313
569.261842	434.169375
569.454605	378.874219
569.647368	530.423906
569.840132	458.745
570.032895	546.807656
570.225658	415.737656
570.418421	532.471875
570.611184	514.040156
570.803947	641.014219
570.996711	561.143438
571.189474	636.918281
571.382237	620.534531
571.575	671.73375
571.767763	669.685781
571.960526	577.527187
572.153289	626.678437
572.346053	733.172812
572.538816	657.397969
572.731579	657.397969
572.924342	720.885
573.117105	772.084219
573.309868	763.892344
573.502632	716.789062
573.695395	651.254063
573.888158	688.1175
574.080921	872.434688
574.273684	745.460625
574.466447	745.460625
574.659211	800.755781
574.851974	778.228125
575.044737	724.980937
575.2375	817.139531
575.430263	751.604531
575.623026	948.209531
575.815789	856.050938
576.008553	882.674531
576.201316	892.914375
576.394079	808.947656
576.586842	1056.75188
576.779605	1128.43078
576.972368	1081.3275
577.165132	991.216875
577.357895	989.168906
577.550658	974.833125
577.743421	1210.34953
577.936184	1054.70391
578.128947	1183.72594
578.321711	1107.95109
578.514474	1269.74062
578.707237	1226.73328
578.9	1200.10969
579.092763	1288.17234
579.285526	1409.0025
579.478289	1404.90656
579.671053	1304.55609
579.863816	1464.29766
580.056579	1413.09844
580.249342	1325.03578
580.442105	1343.4675
580.634868	1505.25703
580.827632	1497.06516
581.020395	1585.12781
581.213158	1652.71078
581.405921	1517.54484
581.598684	1583.07984
581.791447	1769.445
581.984211	1574.88797
582.176974	1773.54094
582.369737	1730.53359
582.5625	1781.73281
582.755263	1757.15719
582.948026	1687.52625
583.140789	1820.64422
583.333553	1933.2825
583.526316	1771.49297
583.719079	1738.72547
583.911842	1871.84344
584.104605	1898.46703
584.297368	1920.99469
584.490132	1859.55563
584.682895	1843.17188
584.875658	1947.61828
585.068421	1984.48172
585.261184	1937.37844
585.453947	2054.11266
585.646711	2029.53703
585.839474	1972.19391
586.032237	1976.28984
586.225	1929.18656
586.417763	2082.78422
586.610526	2156.51109
586.803289	1814.50031
586.996053	2027.48906
587.188816	1871.84344
587.381579	2129.8875
587.574342	2217.95016
587.767105	2080.73625
587.959868	1894.37109
588.152632	2039.77688
588.345395	2158.55906
588.538158	2017.24922
588.730921	1882.08328
588.923684	1896.41906
589.116447	2025.44109
589.309211	2211.80625
589.501974	2029.53703
589.694737	1918.94672
589.8875	2027.48906
590.080263	1986.52969
590.273026	2111.45578
590.465789	1947.61828
590.658553	1943.52234
590.851316	2111.45578
591.044079	1918.94672
591.236842	1996.76953
591.429605	2013.15328
591.622368	1746.91734
591.815132	1968.09797
592.007895	1914.85078
592.200658	2017.24922
592.393421	1791.97266
592.586184	1875.93938
592.778947	1902.56297
592.971711	1839.07594
593.164474	1947.61828
593.357237	1783.78078
593.55	1884.13125
593.742763	1906.65891
593.935526	1888.22719
594.128289	1861.60359
594.321053	1859.55562
594.513816	1783.78078
594.706579	1703.91
594.899342	1830.88406
595.092105	1759.20516
595.284868	1787.87672
595.477632	1765.34906
595.670395	1820.64422
595.863158	1857.50766
596.055921	1714.14984
596.248684	1697.76609
596.441447	1683.43031
596.634211	1640.42297
596.826974	1818.59625
597.019737	1681.38234
597.2125	1734.62953
597.405263	1652.71078
597.598026	1613.79938
597.790789	1492.96922
597.983553	1730.53359
598.176316	1632.23109
598.369079	1376.235
598.561842	1574.88797
598.754605	1550.31234
598.947368	1671.1425
599.140132	1646.56688
599.332895	1495.01719
599.525658	1599.46359
599.718421	1593.31969
599.911184	1550.31234
600.103947	1599.46359
600.296711	1507.305
600.489474	1638.375
600.682237	1523.68875
600.875	1568.74406
601.067763	1447.91391
601.260526	1484.77734
601.453289	1347.56344
601.646053	1535.97656
601.838816	1476.58547
602.031579	1374.18703
602.224342	1531.88063
602.417105	1423.33828
602.609868	1538.02453
602.802632	1466.34562
602.995395	1355.75531
603.188158	1392.61875
603.380921	1333.22766
603.573684	1531.88063
603.766447	1519.59281
603.959211	1361.89922
604.151974	1474.5375
604.344737	1337.32359
604.5375	1318.89188
604.730263	1363.94719
604.923026	1277.9325
605.115789	1249.26094
605.308553	1398.76266
605.501316	1322.98781
605.694079	1357.80328
605.886842	1353.70734
606.079605	1341.41953
606.272368	1308.65203
606.465132	1275.88453
606.657895	1329.13172
606.850658	1304.55609
607.043421	1300.46016
607.236184	1415.14641
607.428947	1298.41219
607.621711	1277.9325
607.814474	1132.52672
608.007237	1263.59672
608.2	1228.78125
608.392763	1150.95844
608.585526	1284.07641
608.778289	1374.18703
608.971053	1243.11703
609.163816	1101.80719
609.356579	1103.85516
609.549342	1208.30156
609.742105	1236.97312
609.934868	1075.18359
610.127632	1204.20563
610.320395	1193.96578
610.513158	1175.53406
610.705921	1259.50078
610.898684	1232.87719
611.091447	1140.71859
611.284211	1214.44547
611.476974	1116.14297
611.669737	1130.47875
611.8625	1144.81453
612.055263	1212.3975
612.248026	1294.31625
612.440789	1142.76656
612.633553	1210.34953
612.826316	1187.82187
613.019079	1114.095
613.211842	1105.90313
613.404605	1241.06906
613.597368	1259.50078
613.790132	1277.9325
613.982895	1071.08766
614.175658	1267.69266
614.368421	1157.10234
614.561184	1163.24625
614.753947	1357.80328
614.946711	1284.07641
615.139474	1241.06906
615.332237	1339.37156
615.525	1128.43078
615.717763	1296.36422
615.910526	1216.49344
616.103289	1302.50812
616.296053	1163.24625
616.488816	1347.56344
616.681579	1148.91047
616.874342	1218.54141
617.067105	1169.39016
617.259868	1331.17969
617.452632	1374.18703
617.645395	1284.07641
617.838158	1122.28687
618.030921	1454.05781
618.223684	1345.51547
618.416447	1304.55609
618.609211	1294.31625
618.801974	1226.73328
618.994737	1173.48609
619.1875	1241.06906
619.380263	1296.36422
619.573026	1462.24969
619.765789	1271.78859
619.958553	1337.32359
620.151316	1325.03578
620.344079	1472.48953
620.536842	1431.53016
620.729605	1423.33828
620.922368	1472.48953
621.115132	1384.42688
621.307895	1386.47484
621.500658	1548.26437
621.693421	1529.83266
621.886184	1474.5375
622.078947	1511.40094
622.271711	1556.45625
622.464474	1513.44891
622.657237	1615.84734
622.85	1433.57813
623.042763	1458.15375
623.235526	1456.10578
623.428289	1615.84734
623.621053	1591.27172
623.813816	1521.64078
624.006579	1613.79937
624.199342	1589.22375
624.392105	1556.45625
624.584868	1669.09453
624.777632	1662.95062
624.970395	1611.75141
625.163158	1615.84734
625.355921	1828.83609
625.548684	1603.55953
625.741447	1701.86203
625.934211	1605.6075
626.126974	1708.00594
626.319737	1689.57422
626.5125	1705.95797
626.705263	1654.75875
626.898026	1824.74016
627.090789	1851.36375
627.283553	1761.25313
627.476316	1722.34172
627.669079	1794.02063
627.861842	1877.98734
628.054605	1703.91
628.247368	1589.22375
628.440132	1890.27516
628.632895	1828.83609
628.825658	1736.6775
629.018421	1753.06125
629.211184	1736.6775
629.403947	1736.6775
629.596711	1902.56297
629.789474	1800.16453
629.982237	1853.41172
630.175	1783.78078
630.367763	1925.09062
630.560526	1806.30844
630.753289	1871.84344
630.946053	1908.70688
631.138816	1697.76609
631.331579	1736.6775
631.524342	1847.26781
631.717105	1837.02797
631.909868	1771.49297
632.102632	1687.52625
632.295395	1765.34906
632.488158	1794.02062
632.680921	1820.64422
632.873684	1843.17188
633.066447	1697.76609
633.259211	1894.37109
633.451974	1822.69219
633.644737	1845.21984
633.8375	1804.26047
634.030263	1828.83609
634.223026	1839.07594
634.415789	1761.25313
634.608553	1654.75875
634.801316	1751.01328
634.994079	1767.39703
635.186842	1824.74016
635.379605	1691.62219
635.572368	1624.03922
635.765132	1746.91734
635.957895	1679.33437
636.150658	1806.30844
636.343421	1572.84
636.536184	1730.53359
636.728947	1621.99125
636.921711	1660.90266
637.114474	1705.95797
637.307237	1689.57422
637.5	1804.26047
637.692763	1642.47094
637.885526	1613.79938
638.078289	1560.55219
638.271053	1470.44156
638.463816	1619.94328
638.656579	1449.96188
638.849342	1437.67406
639.042105	1617.89531
639.234868	1437.67406
639.427632	1634.27906
639.620395	1505.25703
639.813158	1556.45625
640.005921	1486.82531
640.198684	1613.79938
640.391447	1427.43422
640.584211	1603.55953
640.776974	1374.18703
640.969737	1554.40828
641.1625	1482.72937
641.355263	1540.0725
641.548026	1298.41219
641.740789	1452.00984
641.933553	1257.45281
642.126316	1388.52281
642.319079	1300.46016
642.511842	1290.22031
642.704605	1386.47484
642.897368	1511.40094
643.090132	1306.60406
643.282895	1501.16109
643.475658	1316.84391
643.668421	1374.18703
643.861184	1400.81062
644.053947	1288.17234
644.246711	1257.45281
644.439474	1417.19438
644.632237	1177.58203
644.825	1298.41219
645.017763	1245.165
645.210526	1251.30891
645.403289	1218.54141
645.596053	1148.91047
645.788816	1085.42344
645.981579	1159.15031
646.174342	1241.06906
646.367105	1114.095
646.559868	1077.23156
646.752632	1064.94375
646.945395	1155.05438
647.138158	954.353438
647.330921	1212.3975
647.523684	1206.25359
647.716447	1165.29422
647.909211	1198.06172
648.101974	1169.39016
648.294737	1191.91781
648.4875	1138.67063
648.680263	1138.67063
648.873026	942.065625
649.065789	1124.33484
649.258553	1097.71125
649.451316	1089.51938
649.644079	1118.19094
649.836842	1007.60063
650.029605	1048.56
650.222368	1075.18359
650.415132	1023.98438
650.607895	1032.17625
650.800658	1079.27953
650.993421	1030.12828
651.186184	1161.19828
651.378947	968.689219
651.571711	872.434688
651.764474	894.962344
651.957237	937.969687
652.15	1009.64859
652.342763	1026.03234
652.535526	925.681875
652.728289	999.40875
652.921053	880.626563
653.113816	948.209531
653.306579	1056.75187
653.499342	864.242813
653.692105	1042.41609
653.884868	905.202188
654.077632	923.633906
654.270395	944.113594
654.463158	937.969687
654.655921	829.427344
654.848684	864.242813
655.041447	780.276094
655.234211	800.755781
655.426974	911.346094
655.619737	899.058281
655.8125	901.10625
656.005263	722.932969
656.198026	903.154219
656.390789	849.907031
656.583553	735.220781
656.776316	620.534531
656.969079	784.372031
657.161842	847.859063
657.354605	847.859063
657.547368	708.597188
657.740132	886.770469
657.932895	815.091562
658.125658	671.73375
658.318421	858.098906
658.511184	722.932969
658.703947	831.475313
658.896711	770.03625
659.089474	837.619219
659.282237	669.685781
659.475	866.290781
659.667763	681.973594
659.860526	673.781719
660.053289	747.508594
660.246053	755.700469
660.438816	743.412656
660.631579	753.6525
660.824342	677.877656
661.017105	749.556562
661.209868	657.397969
661.402632	528.375937
661.595395	641.014219
661.788158	733.172812
661.980921	577.527187
662.173684	663.541875
662.366447	675.829687
662.559211	815.091562
662.751974	722.932969
662.944737	671.73375
663.1375	647.158125
663.330263	638.96625
663.523026	651.254063
663.715789	600.054844
663.908553	575.479219
664.101316	587.767031
664.294079	657.397969
664.486842	567.287344
664.679605	839.667187
664.872368	581.623125
665.065132	630.774375
665.257895	651.254063
665.450658	540.66375
665.643421	698.357344
665.836184	634.870313
666.028947	593.910937
666.221711	577.527187
666.414474	534.519844
666.607237	612.342656
666.8	479.224688
666.992763	616.438594
667.185526	458.745
667.378289	602.102812
667.571053	657.397969
667.763816	587.767031
667.956579	628.726406
668.149342	600.054844
668.342105	446.457188
668.534868	591.862969
668.727632	565.239375
668.920395	466.936875
669.113158	534.519844
669.305921	460.792969
669.498684	540.66375
669.691447	542.711719
669.884211	657.397969
670.076974	430.073438
670.269737	446.457188
670.4625	542.711719
670.655263	456.697031
670.848026	561.143438
671.040789	751.604531
671.233553	710.645156
671.426316	554.999531
671.619079	608.246719
671.811842	579.575156
672.004605	507.89625
672.197368	610.294688
672.390132	485.368594
672.582895	659.445937
672.775658	405.497812
672.968421	497.656406
673.161184	483.320625
673.353947	493.560469
673.546711	573.43125
673.739474	608.246719
673.932237	526.327969
674.125	497.656406
674.317763	563.191406
674.510526	550.903594
674.703289	497.656406
674.896053	511.992187
675.088816	466.936875
675.281579	534.519844
675.474342	534.519844
675.667105	450.553125
675.859868	538.615781
676.052632	311.29125
676.245395	550.903594
676.438158	405.497813
676.630921	477.176719
676.823684	507.89625
677.016447	511.992187
677.209211	442.36125
677.401974	477.176719
677.594737	514.040156
677.7875	569.335312
677.980263	401.401875
678.173026	382.970156
678.365789	403.449844
678.558553	352.250625
678.751316	600.054844
678.944079	434.169375
679.136842	303.099375
679.329605	342.010781
679.522368	405.497813
679.715132	509.944219
679.907895	530.423906
680.100658	366.586406
680.293421	454.649063
680.486184	483.320625
680.678947	475.12875
680.871711	356.346562
681.064474	544.759687
681.257237	575.479219
681.45	448.505156
681.642763	454.649063
681.835526	511.992187
682.028289	524.28
682.221053	415.737656
682.413816	430.073437
682.606579	464.888906
682.799342	372.730312
682.992105	499.704375
683.184868	546.807656
683.377632	425.9775
683.570395	360.4425
683.763158	516.088125
683.955921	516.088125
684.148684	485.368594
684.341447	407.545781
684.534211	567.287344
684.726974	442.36125
684.919737	511.992187
685.1125	491.5125
685.305263	446.457187
685.498026	509.944219
685.690789	368.634375
685.883553	466.936875
686.076316	358.394531
686.269079	323.579062
686.461842	446.457187
686.654605	479.224688
686.847368	518.136094
687.040132	567.287344
687.232895	395.257969
687.425658	475.12875
687.618421	403.449844
687.811184	423.929531
688.003947	325.627031
688.196711	387.066094
688.389474	387.066094
688.582237	362.490469
688.775	331.770937
688.967763	333.818906
689.160526	546.807656
689.353289	471.032812
689.546053	370.682344
689.738816	417.785625
689.931579	425.9775
690.124342	471.032812
690.317105	407.545781
690.509868	495.608438
690.702632	499.704375
690.895395	462.840938
691.088158	370.682344
691.280921	382.970156
691.473684	376.82625
691.666447	387.066094
691.859211	425.9775
692.051974	423.929531
692.244737	337.914844
692.4375	296.955469
692.630263	370.682344
692.823026	583.671094
693.015789	378.874219
693.208553	380.922187
693.401316	376.82625
693.594079	413.689687
693.786842	376.82625
693.979605	464.888906
694.172368	342.010781
694.365132	389.114062
694.557895	321.531094
694.750658	299.003438
694.943421	456.697031
695.136184	442.36125
695.328947	380.922188
695.521711	247.804219
695.714474	423.929531
695.907237	448.505156
696.1	428.025469
696.292763	299.003438
696.485526	481.272656
696.678289	505.848281
696.871053	348.154688
697.063816	327.675
697.256579	360.4425
697.449342	518.136094
697.642105	301.051406
697.834868	352.250625
698.027632	407.545781
698.220395	477.176719
698.413158	401.401875
698.605921	362.490469
698.798684	464.888906
698.991447	346.106719
699.184211	425.9775
699.376974	417.785625
699.569737	442.36125
699.7625	389.114062
699.955263	331.770937
700.148026	391.162031
700.340789	333.818906
700.533553	376.82625
700.726316	260.092031
700.919079	440.313281
701.111842	350.202656
701.304605	278.52375
701.497368	331.770937
701.690132	376.82625
701.882895	360.4425
702.075658	385.018125
702.268421	243.708281
702.461184	462.840938
702.653947	370.682344
702.846711	352.250625
703.039474	274.427813
703.232237	409.59375
703.425	208.892812
703.617763	434.169375
703.810526	282.619687
704.003289	327.675
704.196053	206.844844
704.388816	296.955469
704.581579	268.283906
704.774342	262.14
704.967105	313.339219
705.159868	403.449844
705.352632	389.114062
705.545395	221.180625
705.738158	311.29125
705.930921	264.187969
706.123684	255.996094
706.316447	229.3725
706.509211	352.250625
706.701974	407.545781
706.894737	255.996094
707.0875	372.730312
707.280263	280.571719
707.473026	362.490469
707.665789	192.509062
707.858553	296.955469
708.051316	243.708281
708.244079	264.187969
708.436842	221.180625
708.629605	245.75625
708.822368	251.900156
709.015132	350.202656
709.207895	198.652969
709.400658	231.420469
709.593421	145.405781
709.786184	352.250625
709.978947	186.365156
710.171711	260.092031
710.364474	317.435156
710.557237	233.468438
710.75	274.427813
710.942763	233.468438
711.135526	147.45375
711.328289	311.29125
711.521053	200.700938
711.713816	225.276563
711.906579	286.715625
712.099342	202.748906
712.292105	145.405781
712.484868	352.250625
712.677632	323.579062
712.870395	278.52375
713.063158	249.852188
713.255921	129.022031
713.448684	178.173281
713.641447	217.084688
713.834211	274.427813
714.026974	180.22125
714.219737	215.036719
714.4125	296.955469
714.605263	188.413125
714.798026	202.748906
714.990789	227.324531
715.183553	147.45375
715.376316	219.132656
715.569079	129.022031
715.761842	110.590312
715.954605	149.501719
716.147368	290.811563
716.340132	182.269219
716.532895	188.413125
716.725658	137.213906
716.918421	247.804219
717.111184	329.722969
717.303947	333.818906
717.496711	258.044062
717.689474	219.132656
717.882237	200.700937
718.075	14.3357813
718.267763	255.996094
718.460526	120.830156
718.653289	262.14
718.846053	223.228594
719.038816	290.811563
719.231579	122.878125
719.424342	135.165937
719.617105	184.317188
719.809868	196.605
720.002632	169.981406
720.195395	165.885469
720.388158	167.933437
720.580921	239.612344
720.773684	149.501719
720.966447	206.844844
721.159211	129.022031
721.351974	135.165938
721.544737	180.22125
721.7375	229.3725
721.930263	100.350469
722.123026	202.748906
722.315789	147.45375
722.508553	172.029375
722.701316	221.180625
722.894079	282.619688
723.086842	114.68625
723.279605	153.597656
723.472368	243.708281
723.665132	159.741563
723.857895	120.830156
724.050658	176.125312
724.243421	114.68625
724.436184	231.420469
724.628947	131.07
724.821711	100.350469
725.014474	143.357813
725.207237	114.68625
725.4	98.3025
725.592763	169.981406
725.785526	83.9667187
725.978289	202.748906
726.171053	147.45375
726.363816	114.68625
726.556579	126.974062
726.749342	184.317187
726.942105	145.405781
727.134868	169.981406
727.327632	71.6789063
727.520395	255.996094
727.713158	212.98875
727.905921	169.981406
728.098684	71.6789062
728.291447	245.75625
728.484211	192.509062
728.676974	116.734219
728.869737	114.68625
729.0625	174.077344
729.255263	88.0626563
729.448026	169.981406
729.640789	231.420469
729.833553	141.309844
730.026316	133.117969
730.219079	217.084687
730.411842	20.4796875
730.604605	100.350469
730.797368	-16.38375
730.990132	94.2065625
731.182895	182.269219
731.375658	264.187969
731.568421	90.110625
731.761184	219.132656
731.953947	90.110625
732.146711	182.269219
732.339474	79.8707812
732.532237	167.933437
732.725	126.974062
732.917763	133.117969
733.110526	79.8707813
733.303289	223.228594
733.496053	223.228594
733.688816	98.3025
733.881579	194.557031
734.074342	63.4870313
734.267105	57.343125
734.459868	219.132656
734.652632	174.077344
734.845395	151.549687
735.038158	12.2878125
735.230921	92.1585937
735.423684	26.6235938
735.616447	75.7748437
735.809211	178.173281
736.001974	155.645625
736.194737	135.165937
736.3875	100.350469
736.580263	92.1585937
736.773026	61.4390625
736.965789	77.8228125
737.158553	124.926094
737.351316	106.494375
737.544079	-16.38375
737.736842	167.933438
737.929605	75.7748437
738.122368	151.549687
738.315132	116.734219
738.507895	135.165937
738.700658	98.3025
738.893421	118.782187
739.086184	188.413125
739.278947	94.2065625
739.471711	110.590312
739.664474	102.398437
739.857237	204.796875
740.05	36.8634375
740.242763	51.1992187
740.435526	86.0146875
740.628289	24.575625
740.821053	163.8375
741.013816	141.309844
741.206579	126.974062
741.399342	217.084688
741.592105	61.4390625
741.784868	110.590312
741.977632	49.15125
742.170395	178.173281
742.363158	92.1585937
742.555921	-8.191875
742.748684	45.0553125
742.941447	204.796875
743.134211	45.0553125
743.326974	51.1992187
743.519737	133.117969
743.7125	200.700937
743.905263	147.45375
744.098026	112.638281
744.290789	96.2545313
744.483553	229.3725
744.676316	118.782187
744.869079	137.213906
745.061842	32.7675
745.254605	139.261875
745.447368	153.597656
745.640132	75.7748437
745.832895	245.75625
746.025658	83.9667187
746.218421	116.734219
746.411184	34.8154688
746.603947	86.0146875
746.796711	192.509062
746.989474	98.3025
747.182237	196.605
747.375	57.343125
747.567763	163.8375
747.760526	-2.04796875
747.953289	167.933437
748.146053	176.125313
748.338816	20.4796875
748.531579	100.350469
748.724342	75.7748437
748.917105	139.261875
749.109868	98.3025
749.302632	88.0626563
749.495395	-38.9114062
749.688158	114.68625
749.880921	26.6235938
750.073684	157.693594
750.266447	172.029375
750.459211	131.07
750.651974	22.5276562
750.844737	122.878125
751.0375	145.405781
751.230263	106.494375
751.423026	112.638281
751.615789	92.1585937
751.808553	65.535
752.001316	159.741562
752.194079	116.734219
752.386842	147.45375
752.579605	106.494375
752.772368	131.07
752.965132	118.782187
753.157895	120.830156
753.350658	53.2471875
753.543421	225.276563
753.736184	206.844844
753.928947	227.324531
754.121711	151.549687
754.314474	196.605
754.507237	81.91875
754.7	231.420469
754.892763	65.535
755.085526	223.228594
755.278289	102.398437
755.471053	129.022031
755.663816	75.7748437
755.856579	172.029375
756.049342	174.077344
756.242105	124.926094
756.434868	192.509063
756.627632	106.494375
756.820395	77.8228125
757.013158	196.605
757.205921	204.796875
757.398684	143.357812
757.591447	131.07
757.784211	104.446406
757.976974	108.542344
758.169737	172.029375
758.3625	159.741562
758.555263	190.461094
758.748026	157.693594
758.940789	79.8707813
759.133553	204.796875
759.326316	34.8154688
759.519079	90.110625
759.711842	-63.4870313
759.904605	108.542344
760.097368	-32.7675
760.290132	141.309844
760.482895	61.4390625
760.675658	116.734219
760.868421	77.8228125
761.061184	247.804219
761.253947	204.796875
761.446711	-34.8154688
761.639474	65.535
761.832237	116.734219
762.025	118.782187
762.217763	92.1585938
762.410526	73.726875
762.603289	90.110625
762.796053	163.8375
762.988816	186.365156
763.181579	4.0959375
763.374342	92.1585937
763.567105	174.077344
763.759868	36.8634375
763.952632	20.4796875
764.145395	16.38375
764.338158	104.446406
764.530921	36.8634375
764.723684	86.0146875
764.916447	204.796875
765.109211	118.782187
765.301974	137.213906
765.494737	153.597656
765.6875	79.8707812
765.880263	133.117969
766.073026	-8.191875
766.265789	-8.191875
766.458553	122.878125
766.651316	167.933438
766.844079	108.542344
767.036842	88.0626563
767.229605	45.0553125
767.422368	98.3025
767.615132	75.7748437
767.807895	8.191875
768.000658	174.077344
768.193421	110.590312
768.386184	165.885469
768.578947	90.110625
768.771711	36.8634375
768.964474	202.748906
769.157237	290.811563
769.35	233.468438
769.542763	221.180625
769.735526	270.331875
769.928289	360.4425
770.121053	442.36125
770.313816	618.486563
770.506579	903.154219
770.699342	1304.55609
770.892105	1454.05781
771.084868	2158.55906
771.277632	2389.97953
771.470395	2801.62125
771.663158	2826.19688
771.855921	2656.21547
772.048684	2404.31531
772.241447	2205.66234
772.434211	1781.73281
772.626974	1411.05047
772.819737	1294.31625
773.0125	1144.81453
773.205263	997.360781
773.398026	991.216875
773.590789	849.907031
773.783553	722.932969
773.976316	747.508594
774.169079	649.206094
774.361842	649.206094
774.554605	561.143437
774.747368	393.21
774.940132	309.243281
775.132895	413.689687
775.325658	288.763594
775.518421	315.387187
775.711184	241.660313
775.903947	192.509062
776.096711	225.276563
776.289474	229.3725
776.482237	114.68625
776.675	100.350469
776.867763	145.405781
777.060526	90.110625
777.253289	120.830156
777.446053	47.1032812
777.638816	104.446406
777.831579	100.350469
778.024342	55.2951563
778.217105	77.8228125
778.409868	120.830156
778.602632	118.782187
778.795395	65.535
778.988158	-30.7195312
779.180921	163.8375
779.373684	202.748906
779.566447	147.45375
779.759211	196.605
779.951974	165.885469
780.144737	-32.7675
780.3375	88.0626563
780.530263	104.446406
780.723026	83.9667187
780.915789	176.125313
781.108553	-51.1992187
781.301316	67.5829687
781.494079	65.535
781.686842	-53.2471875
781.879605	161.789531
782.072368	88.0626563
782.265132	2.04796875
782.457895	73.726875
782.650658	32.7675
782.843421	83.9667187
783.036184	151.549687
783.228947	131.07
783.421711	38.9114062
783.614474	-45.0553125
783.807237	43.0073438
784	129.022031
784.192763	-8.191875
784.385526	169.981406
784.578289	20.4796875
784.771053	-26.6235938
784.963816	22.5276563
785.156579	-77.8228125
785.349342	-75.7748437
785.542105	6.14390625
785.734868	153.597656
785.927632	10.2398437
786.120395	0
786.313158	-36.8634375
786.505921	251.900156
786.698684	22.5276563
786.891447	133.117969
787.084211	51.1992187
787.276974	65.535
787.469737	-38.9114063
787.6625	83.9667187
787.855263	227.324531
788.048026	49.15125
788.240789	24.575625
788.433553	-18.4317188
788.626316	40.959375
788.819079	104.446406
789.011842	30.7195312
789.204605	102.398437
789.397368	178.173281
789.590132	47.1032813
789.782895	126.974062
789.975658	137.213906
790.168421	-71.6789063
790.361184	-12.2878125
790.553947	47.1032812
790.746711	-86.0146875
790.939474	114.68625
791.132237	73.726875
791.325	36.8634375
791.517763	-14.3357812
791.710526	-47.1032813
791.903289	22.5276563
792.096053	-18.4317188
792.288816	92.1585937
792.481579	-30.7195313
792.674342	-16.38375
792.867105	45.0553125
793.059868	20.4796875
793.252632	-51.1992187
793.445395	-28.6715625
793.638158	69.6309375
793.830921	-28.6715625
794.023684	63.4870313
794.216447	53.2471875
794.409211	159.741563
794.601974	126.974062
794.794737	98.3025
794.9875	18.4317188
795.180263	122.878125
795.373026	102.398437
795.565789	-102.398437
795.758553	-43.0073438
795.951316	112.638281
796.144079	176.125312
796.336842	18.4317188
796.529605	-24.575625
796.722368	-32.7675
796.915132	98.3025
797.107895	14.3357812
797.300658	51.1992187
797.493421	110.590312
797.686184	77.8228125
797.878947	92.1585937
798.071711	73.726875
798.264474	129.022031
798.457237	114.68625
798.65	-30.7195312
798.842763	40.959375
799.035526	2.04796875
799.228289	106.494375
799.421053	75.7748437
799.613816	75.7748437
799.806579	18.4317188
799.999342	59.3910937
800.192105	2.04796875
800.384868	196.605
800.577632	90.110625
800.770395	-2.04796875
800.963158	22.5276563
801.155921	55.2951563
801.348684	108.542344
801.541447	-102.398437
801.734211	43.0073438
801.926974	20.4796875
802.119737	88.0626562
802.3125	45.0553125
802.505263	28.6715625
802.698026	18.4317188
802.890789	-28.6715625
803.083553	-30.7195313
803.276316	112.638281
803.469079	10.2398438
803.661842	-77.8228125
803.854605	-14.3357812
804.047368	30.7195312
804.240132	-36.8634375
804.432895	-141.309844
804.625658	165.885469
804.818421	38.9114062
805.011184	-63.4870312
805.203947	24.575625
805.396711	112.638281
805.589474	-137.213906
805.782237	26.6235938
805.975	141.309844
806.167763	10.2398438
806.360526	69.6309375
806.553289	38.9114063
806.746053	196.605
806.938816	28.6715625
807.131579	-57.343125
807.324342	-45.0553125
807.517105	147.45375
807.709868	92.1585937
807.902632	-47.1032813
808.095395	-12.2878125
808.288158	73.726875
808.480921	-4.0959375
808.673684	92.1585937
808.866447	104.446406
809.059211	-6.14390625
809.251974	-120.830156
809.444737	110.590312
809.6375	18.4317188
809.830263	104.446406
810.023026	-38.9114063
810.215789	16.38375
810.408553	43.0073438
810.601316	55.2951563
810.794079	4.0959375
810.986842	104.446406
811.179605	112.638281
811.372368	10.2398438
811.565132	-57.343125
811.757895	79.8707813
811.950658	118.782187
812.143421	-71.6789062
812.336184	-16.38375
812.528947	24.575625
812.721711	24.575625
812.914474	75.7748437
813.107237	-36.8634375
813.3	63.4870313
813.492763	143.357812
813.685526	81.91875
813.878289	-104.446406
814.071053	26.6235938
814.263816	22.5276563
814.456579	49.15125
814.649342	133.117969
814.842105	88.0626563
815.034868	-45.0553125
815.227632	-55.2951563
815.420395	6.14390625
815.613158	34.8154688
815.805921	-8.191875
815.998684	-36.8634375
816.191447	6.14390625
816.384211	49.15125
816.576974	83.9667188
816.769737	55.2951562
816.9625	-90.110625
817.155263	55.2951563
817.348026	53.2471875
817.540789	79.8707813
817.733553	4.0959375
817.926316	71.6789062
818.119079	-32.7675
818.311842	32.7675
818.504605	8.191875
818.697368	47.1032813
818.890132	65.535
819.082895	-112.638281
819.275658	61.4390625
819.468421	12.2878125
819.661184	2.04796875
819.853947	57.343125
820.046711	-86.0146875
820.239474	47.1032812
820.432237	12.2878125
820.625	118.782187
820.817763	49.15125
821.010526	73.726875
821.203289	112.638281
821.396053	-26.6235938
821.588816	36.8634375
821.781579	63.4870313
821.974342	-34.8154688
822.167105	4.0959375
822.359868	18.4317188
822.552632	-20.4796875
822.745395	77.8228125
822.938158	126.974062
823.130921	-12.2878125
823.323684	55.2951562
823.516447	-18.4317188
823.709211	135.165937
823.901974	-47.1032813
824.094737	-22.5276563
824.2875	53.2471875
824.480263	8.191875
824.673026	-14.3357812
824.865789	102.398437
825.058553	88.0626562
825.251316	-32.7675
825.444079	-110.590312
825.636842	-36.8634375
825.829605	-114.68625
826.022368	-28.6715625
826.215132	-118.782187
826.407895	-12.2878125
826.600658	-43.0073438
826.793421	-45.0553125
826.986184	-4.0959375
827.178947	47.1032812
827.371711	102.398437
827.564474	-12.2878125
827.757237	26.6235938
827.95	98.3025
828.142763	53.2471875
828.335526	-77.8228125
828.528289	53.2471875
828.721053	94.2065625
828.913816	-49.15125
829.106579	57.343125
829.299342	-47.1032812
829.492105	10.2398437
829.684868	28.6715625
829.877632	112.638281
830.070395	69.6309375
830.263158	-98.3025
830.455921	-8.191875
830.648684	-34.8154688
830.841447	61.4390625
831.034211	-94.2065625
831.226974	28.6715625
831.419737	-10.2398438
831.6125	-14.3357812
831.805263	129.022031
831.998026	20.4796875
832.190789	-45.0553125
832.383553	32.7675
832.576316	69.6309375
832.769079	131.07
832.961842	-69.6309375
833.154605	34.8154688
833.347368	-40.959375
833.540132	126.974063
833.732895	124.926094
833.925658	-67.5829687
834.118421	32.7675
834.311184	30.7195313
834.503947	69.6309375
834.696711	-77.8228125
834.889474	-92.1585938
835.082237	18.4317188
835.275	34.8154688
835.467763	-45.0553125
835.660526	10.2398438
835.853289	-106.494375
836.046053	20.4796875
836.238816	-65.535
836.431579	22.5276562
836.624342	24.575625
836.817105	79.8707813
837.009868	43.0073438
837.202632	-4.0959375
837.395395	-10.2398438
837.588158	75.7748437
837.780921	-43.0073438
837.973684	22.5276562
838.166447	20.4796875
838.359211	-40.959375
838.551974	51.1992187
838.744737	-45.0553125
838.9375	-2.04796875
839.130263	-43.0073438
839.323026	-67.5829687
839.515789	28.6715625
839.708553	-51.1992187
839.901316	61.4390625
840.094079	2.04796875
840.286842	-172.029375
840.479605	26.6235938
840.672368	-12.2878125
840.865132	14.3357812
841.057895	-36.8634375
841.250658	-12.2878125
841.443421	40.959375
841.636184	-22.5276563
841.828947	79.8707812
842.021711	141.309844
842.214474	-22.5276562
842.407237	81.91875
842.6	-106.494375
842.792763	22.5276562
842.985526	77.8228125
843.178289	26.6235938
843.371053	92.1585937
843.563816	104.446406
843.756579	55.2951562
843.949342	2.04796875
844.142105	-102.398437
844.334868	-69.6309375
844.527632	92.1585938
844.720395	51.1992187
844.913158	-28.6715625
845.105921	-53.2471875
845.298684	51.1992187
845.491447	8.191875
845.684211	96.2545313
845.876974	-163.8375
846.069737	137.213906
846.2625	34.8154688
846.455263	34.8154688
846.648026	-53.2471875
846.840789	-22.5276563
847.033553	112.638281
847.226316	12.2878125
847.419079	-122.878125
847.611842	83.9667187
847.804605	53.2471875
847.997368	53.2471875
848.190132	-30.7195312
848.382895	118.782187
848.575658	102.398437
848.768421	-133.117969
848.961184	8.191875
849.153947	75.7748437
849.346711	-69.6309375
849.539474	-86.0146875
849.732237	-8.191875
849.925	22.5276563
850.117763	-24.575625
850.310526	18.4317188
850.503289	133.117969
850.696053	77.8228125
850.888816	94.2065625
851.081579	-34.8154688
851.274342	-2.04796875
851.467105	-47.1032813
851.659868	-40.959375
851.852632	30.7195312
852.045395	-4.0959375
852.238158	-55.2951563
852.430921	81.91875
852.623684	-8.191875
852.816447	-59.3910937
853.009211	-12.2878125
853.201974	190.461094
853.394737	20.4796875
853.5875	18.4317188
853.780263	83.9667187
853.973026	-2.04796875
854.165789	14.3357812
854.358553	49.15125
854.551316	92.1585937
854.744079	-104.446406
854.936842	69.6309375
855.129605	-61.4390625
855.322368	219.132656
855.515132	36.8634375
855.707895	4.0959375
855.900658	104.446406
856.093421	79.8707812
856.286184	-51.1992187
856.478947	-43.0073438
856.671711	-57.343125
856.864474	-30.7195312
857.057237	-4.0959375
857.25	86.0146875
857.442763	61.4390625
857.635526	83.9667188
857.828289	-4.0959375
858.021053	83.9667187
858.213816	55.2951563
858.406579	-53.2471875
858.599342	0
858.792105	12.2878125
858.984868	43.0073438
859.177632	40.959375
859.370395	100.350469
859.563158	49.15125
859.755921	-22.5276563
859.948684	-47.1032812
860.141447	40.959375
860.334211	-63.4870313
860.526974	-8.191875
860.719737	36.8634375
860.9125	28.6715625
861.105263	-22.5276563
861.298026	53.2471875
861.490789	-32.7675
861.683553	24.575625
861.876316	-30.7195312
862.069079	67.5829687
862.261842	49.15125
862.454605	110.590312
862.647368	22.5276563
862.840132	45.0553125
863.032895	53.2471875
863.225658	98.3025
863.418421	22.5276562
863.611184	2.04796875
863.803947	-129.022031
863.996711	4.0959375
864.189474	12.2878125
864.382237	86.0146875
864.575	-110.590312
864.767763	-143.357812
864.960526	22.5276562
865.153289	-12.2878125
865.346053	36.8634375
865.538816	-2.04796875
865.731579	43.0073438
865.924342	-16.38375
866.117105	10.2398438
866.309868	-38.9114063
866.502632	20.4796875
866.695395	49.15125
866.888158	-28.6715625
867.080921	122.878125
867.273684	-63.4870313
867.466447	18.4317188
867.659211	-65.535
867.851974	-18.4317188
868.044737	145.405781
868.2375	-38.9114062
868.430263	73.726875
868.623026	0
868.815789	38.9114062
869.008553	-55.2951562
869.201316	34.8154688
869.394079	65.535
869.586842	-86.0146875
869.779605	-55.2951563
869.972368	-32.7675
870.165132	65.535
870.357895	-81.91875
870.550658	-45.0553125
870.743421	40.959375
870.936184	-61.4390625
871.128947	-24.575625
871.321711	-16.38375
871.514474	69.6309375
871.707237	-106.494375
871.9	34.8154688
872.092763	77.8228125
872.285526	55.2951563
872.478289	69.6309375
872.671053	-6.14390625
872.863816	-88.0626563
873.056579	-32.7675
873.249342	-4.0959375
873.442105	-59.3910937
873.634868	36.8634375
873.827632	-73.726875
874.020395	-51.1992187
874.213158	-92.1585937
874.405921	-36.8634375
874.598684	-133.117969
874.791447	40.959375
874.984211	28.6715625
875.176974	14.3357812
875.369737	-65.535
875.5625	-51.1992187
875.755263	135.165938
875.948026	77.8228125
876.140789	106.494375
876.333553	36.8634375
876.526316	-94.2065625
876.719079	-118.782187
876.911842	-24.575625
877.104605	-14.3357813
877.297368	196.605
877.490132	18.4317188
877.682895	63.4870313
877.875658	24.575625
878.068421	-22.5276562
878.261184	51.1992187
878.453947	-20.4796875
878.646711	-47.1032813
878.839474	81.91875
879.032237	81.91875
879.225	8.191875
879.417763	-28.6715625
879.610526	14.3357812
879.803289	34.8154688
879.996053	-16.38375
880.188816	10.2398438
880.381579	55.2951562
880.574342	36.8634375
880.767105	-12.2878125
880.959868	67.5829687
881.152632	43.0073438
881.345395	22.5276562
881.538158	-36.8634375
881.730921	-124.926094
881.923684	-2.04796875
882.116447	110.590312
882.309211	-57.343125
882.501974	61.4390625
882.694737	22.5276562
882.8875	38.9114063
883.080263	131.07
883.273026	-24.575625
883.465789	2.04796875
883.658553	6.14390625
883.851316	14.3357812
884.044079	88.0626562
884.236842	-2.04796875
884.429605	40.959375
884.622368	159.741562
884.815132	83.9667187
885.007895	22.5276562
885.200658	53.2471875
885.393421	-8.191875
885.586184	-43.0073438
885.778947	-14.3357812
885.971711	26.6235937
886.164474	-30.7195312
886.357237	49.15125
886.55	-40.959375
886.742763	-36.8634375
886.935526	-14.3357812
887.128289	-38.9114062
887.321053	53.2471875
887.513816	-2.04796875
887.706579	30.7195312
887.899342	-86.0146875
888.092105	159.741563
888.284868	2.04796875
888.477632	147.45375
888.670395	22.5276562
888.863158	-100.350469
889.055921	32.7675
889.248684	-38.9114062
889.441447	43.0073438
889.634211	-36.8634375
889.826974	133.117969
890.019737	22.5276562
890.2125	57.343125
890.405263	20.4796875
890.598026	43.0073438
890.790789	16.38375
890.983553	51.1992187
891.176316	-34.8154688
891.369079	36.8634375
891.561842	-26.6235938
891.754605	-157.693594
891.947368	34.8154688
892.140132	4.0959375
892.332895	57.343125
892.525658	-2.04796875
892.718421	10.2398437
892.911184	-24.575625
893.103947	124.926094
893.296711	4.0959375
893.489474	-83.9667187
893.682237	77.8228125
893.875	-73.726875
894.067763	81.91875
894.260526	-61.4390625
894.453289	32.7675
894.646053	-57.343125
894.838816	24.575625
895.031579	122.878125
895.224342	98.3025
895.417105	-16.38375
895.609868	137.213906
895.802632	-55.2951563
895.995395	12.2878125
896.188158	-24.575625
896.380921	32.7675
896.573684	8.191875
896.766447	59.3910937
896.959211	-61.4390625
897.151974	-38.9114062
897.344737	18.4317188
897.5375	26.6235938
897.730263	-16.38375
897.923026	98.3025
898.115789	-53.2471875
898.308553	169.981406
898.501316	-20.4796875
898.694079	67.5829687
898.886842	-47.1032813
899.079605	79.8707813
899.272368	49.15125
899.465132	32.7675
899.657895	40.959375
899.850658	-26.6235938
900.043421	-79.8707813
900.236184	32.7675
900.428947	-10.2398437
900.621711	114.68625
900.814474	-77.8228125
901.007237	6.14390625
901.2	-4.0959375
901.392763	-26.6235938
901.585526	100.350469
901.778289	194.557031
901.971053	-114.68625
902.163816	-120.830156
902.356579	2.04796875
902.549342	-143.357812
902.742105	12.2878125
902.934868	16.38375
903.127632	53.2471875
903.320395	90.110625
903.513158	57.343125
903.705921	-2.04796875
903.898684	59.3910937
904.091447	-81.91875
904.284211	-77.8228125
904.476974	-149.501719
904.669737	4.0959375
904.8625	-12.2878125
905.055263	36.8634375
905.248026	88.0626562
905.440789	38.9114062
905.633553	-79.8707813
905.826316	8.191875
906.019079	24.575625
906.211842	-36.8634375
906.404605	96.2545313
906.597368	81.91875
906.790132	124.926094
906.982895	40.959375
907.175658	38.9114063
907.368421	-20.4796875
907.561184	602.102813
907.753947	-24.575625
907.946711	92.1585937
908.139474	83.9667187
908.332237	-65.535
908.525	57.343125
908.717763	69.6309375
908.910526	-16.38375
909.103289	-18.4317188
909.296053	-88.0626562
909.488816	2.04796875
909.681579	38.9114063
909.874342	122.878125
910.067105	145.405781
910.259868	2.04796875
910.452632	45.0553125
910.645395	-47.1032813
910.838158	73.726875
911.030921	120.830156
911.223684	24.575625
911.416447	67.5829687
911.609211	-81.91875
911.801974	-53.2471875
911.994737	-40.959375
912.1875	-122.878125
912.380263	-32.7675
912.573026	8.191875
912.765789	-16.38375
912.958553	157.693594
913.151316	8.191875
913.344079	-53.2471875
913.536842	10.2398438
913.729605	-10.2398438
913.922368	-90.110625
914.115132	-36.8634375
914.307895	-28.6715625
914.500658	-49.15125
914.693421	151.549687
914.886184	8.191875
915.078947	-47.1032813
915.271711	-38.9114063
915.464474	6.14390625
915.657237	-24.575625
915.85	-73.726875
916.042763	-63.4870313
916.235526	-55.2951563
916.428289	47.1032813
916.621053	47.1032813
916.813816	-106.494375
917.006579	79.8707813
917.199342	-2.04796875
917.392105	22.5276562
917.584868	-22.5276563
917.777632	-30.7195312
917.970395	-63.4870312
918.163158	-36.8634375
918.355921	-114.68625
918.548684	118.782187
918.741447	-65.535
918.934211	-14.3357812
919.126974	86.0146875
919.319737	-73.726875
919.5125	24.575625
919.705263	43.0073438
919.898026	16.38375
920.090789	-24.575625
920.283553	12.2878125
920.476316	-167.933437
920.669079	24.575625
920.861842	51.1992187
921.054605	-43.0073438
921.247368	126.974062
921.440132	6.14390625
921.632895	32.7675
921.825658	-30.7195312
922.018421	-6.14390625
922.211184	-28.6715625
922.403947	6.14390625
922.596711	-71.6789063
922.789474	-14.3357812
922.982237	71.6789062
923.175	116.734219
923.367763	63.4870313
923.560526	-73.726875
923.753289	120.830156
923.946053	-90.110625
924.138816	-108.542344
924.331579	-6.14390625
924.524342	-151.549687
924.717105	98.3025
924.909868	-92.1585937
925.102632	-34.8154688
925.295395	2.04796875
925.488158	-71.6789063
925.680921	53.2471875
925.873684	86.0146875
926.066447	94.2065625
926.259211	30.7195312
926.451974	77.8228125
926.644737	-10.2398437
926.8375	30.7195312
927.030263	-12.2878125
927.223026	47.1032813
927.415789	-88.0626563
927.608553	2.04796875
927.801316	-24.575625
927.994079	-38.9114063
928.186842	22.5276562
928.379605	-73.726875
928.572368	49.15125
928.765132	-14.3357812
928.957895	-49.15125
929.150658	6.14390625
929.343421	-75.7748438
929.536184	22.5276562
929.728947	79.8707813
929.921711	-36.8634375
930.114474	-63.4870312
930.307237	22.5276562
930.5	28.6715625
930.692763	75.7748437
930.885526	71.6789063
931.078289	-32.7675
931.271053	-71.6789063
931.463816	-57.343125
931.656579	-38.9114063
931.849342	24.575625
932.042105	32.7675
932.234868	149.501719
932.427632	30.7195313
932.620395	2.04796875
932.813158	22.5276562
933.005921	-59.3910937
933.198684	16.38375
933.391447	-53.2471875
933.584211	20.4796875
933.776974	-53.2471875
933.969737	28.6715625
934.1625	-61.4390625
934.355263	-26.6235938
934.548026	53.2471875
934.740789	102.398437
934.933553	157.693594
935.126316	53.2471875
935.319079	-34.8154688
935.511842	45.0553125
935.704605	67.5829687
935.897368	-4.0959375
936.090132	-120.830156
936.282895	-73.726875
936.475658	-86.0146875
936.668421	51.1992187
936.861184	18.4317188
937.053947	10.2398438
937.246711	-10.2398438
937.439474	153.597656
937.632237	45.0553125
937.825	-71.6789063
938.017763	114.68625
938.210526	8.191875
938.403289	-24.575625
938.596053	30.7195313
938.788816	24.575625
938.981579	61.4390625
939.174342	8.191875
939.367105	-63.4870313
939.559868	55.2951562
939.752632	49.15125
939.945395	147.45375
940.138158	16.38375
940.330921	4.0959375
940.523684	69.6309375
940.716447	-67.5829687
940.909211	-10.2398438
941.101974	-49.15125
941.294737	47.1032813
941.4875	126.974062
941.680263	-14.3357813
941.873026	-51.1992187
942.065789	-98.3025
942.258553	28.6715625
942.451316	40.959375
942.644079	-90.110625
942.836842	26.6235938
943.029605	8.191875
943.222368	-81.91875
943.415132	-102.398437
943.607895	-61.4390625
943.800658	-126.974062
943.993421	-45.0553125
944.186184	36.8634375
944.378947	-22.5276562
944.571711	18.4317188
944.764474	22.5276562
944.957237	-63.4870312
945.15	-63.4870313
945.342763	24.575625
945.535526	36.8634375
945.728289	57.343125
945.921053	71.6789062
946.113816	-223.228594
946.306579	49.15125
946.499342	-79.8707813
946.692105	16.38375
946.884868	-90.110625
947.077632	94.2065625
947.270395	20.4796875
947.463158	-116.734219
947.655921	38.9114062
947.848684	6.14390625
948.041447	69.6309375
948.234211	-73.726875
948.426974	-2.04796875
948.619737	161.789531
948.8125	-18.4317187
949.005263	-55.2951563
949.198026	163.8375
949.390789	45.0553125
949.583553	-75.7748437
949.776316	-16.38375
949.969079	141.309844
950.161842	-49.15125
950.354605	-47.1032812
950.547368	24.575625
950.740132	-16.38375
950.932895	20.4796875
951.125658	-2.04796875
951.318421	4.0959375
951.511184	-137.213906
951.703947	-32.7675
951.896711	-28.6715625
952.089474	6.14390625
952.282237	-30.7195312
952.475	151.549687
952.667763	-221.180625
952.860526	40.959375
953.053289	-65.535
953.246053	-118.782187
953.438816	65.535
953.631579	-106.494375
953.824342	-83.9667187
954.017105	36.8634375
954.209868	38.9114062
954.402632	53.2471875
954.595395	-53.2471875
954.788158	-16.38375
954.980921	-55.2951563
955.173684	12.2878125
955.366447	-26.6235938
955.559211	-59.3910937
955.751974	-81.91875
955.944737	133.117969
956.1375	2.04796875
956.330263	-28.6715625
956.523026	79.8707813
956.715789	155.645625
956.908553	-32.7675
957.101316	-2.04796875
957.294079	-114.68625
957.486842	-20.4796875
957.679605	-43.0073438
957.872368	63.4870312
958.065132	-90.110625
958.257895	-14.3357813
958.450658	92.1585937
958.643421	-90.110625
958.836184	-45.0553125
959.028947	-30.7195313
959.221711	-55.2951563
959.414474	100.350469
959.607237	79.8707813
959.8	92.1585937
959.992763	81.91875
960.185526	-96.2545313
960.378289	10.2398438
960.571053	4.0959375
960.763816	-59.3910937
960.956579	-122.878125
961.149342	12.2878125
961.342105	-40.959375
961.534868	43.0073438
961.727632	30.7195312
961.920395	-59.3910937
962.113158	-10.2398438
962.305921	-90.110625
962.498684	22.5276562
962.691447	-28.6715625
962.884211	-73.726875
963.076974	-18.4317188
963.269737	18.4317188
963.4625	6.14390625
963.655263	-73.726875
963.848026	-102.398437
964.040789	16.38375
964.233553	65.535
964.426316	0
964.619079	-8.191875
964.811842	16.38375
965.004605	18.4317188
965.197368	69.6309375
965.390132	126.974062
965.582895	-10.2398438
965.775658	67.5829687
965.968421	-28.6715625
966.161184	118.782187
966.353947	-92.1585937
966.546711	-18.4317187
966.739474	-186.365156
966.932237	16.38375
967.125	83.9667187
967.317763	22.5276563
967.510526	14.3357812
967.703289	-36.8634375
967.896053	38.9114062
968.088816	106.494375
968.281579	8.191875
968.474342	-53.2471875
968.667105	30.7195312
968.859868	-30.7195312
969.052632	36.8634375
969.245395	-22.5276562
969.438158	-83.9667187
969.630921	-51.1992187
969.823684	59.3910937
970.016447	-71.6789063
970.209211	-65.535
970.401974	6.14390625
970.594737	-102.398437
970.7875	-2.04796875
970.980263	-88.0626563
971.173026	-26.6235938
971.365789	38.9114063
971.558553	-34.8154688
971.751316	-100.350469
971.944079	51.1992187
972.136842	73.726875
972.329605	86.0146875
972.522368	18.4317188
972.715132	63.4870313
972.907895	-73.726875
973.100658	-38.9114063
973.293421	20.4796875
973.486184	-47.1032813
973.678947	-12.2878125
973.871711	-38.9114063
974.064474	-104.446406
974.257237	-10.2398438
974.45	-59.3910937
974.642763	30.7195313
974.835526	67.5829687
975.028289	-49.15125
975.221053	-67.5829687
975.413816	43.0073438
975.606579	26.6235937
975.799342	22.5276562
975.992105	-67.5829687
976.184868	38.9114063
976.377632	45.0553125
976.570395	81.91875
976.763158	-10.2398438
976.955921	-40.959375
977.148684	122.878125
977.341447	108.542344
977.534211	-40.959375
977.726974	-120.830156
977.919737	-77.8228125
978.1125	-12.2878125
978.305263	-6.14390625
978.498026	28.6715625
978.690789	-55.2951563
978.883553	-79.8707813
979.076316	38.9114063
979.269079	108.542344
979.461842	-106.494375
979.654605	32.7675
979.847368	51.1992187
980.040132	4.0959375
980.232895	98.3025
980.425658	-77.8228125
980.618421	-57.343125
980.811184	-108.542344
981.003947	-8.191875
981.196711	38.9114063
981.389474	81.91875
981.582237	69.6309375
981.775	96.2545313
981.967763	57.343125
982.160526	47.1032812
982.353289	40.959375
982.546053	-24.575625
982.738816	-83.9667187
982.931579	-55.2951562
983.124342	8.191875
983.317105	-51.1992187
983.509868	40.959375
983.702632	55.2951562
983.895395	-61.4390625
984.088158	118.782187
984.280921	24.575625
984.473684	40.959375
984.666447	-83.9667187
984.859211	-4.0959375
985.051974	-57.343125
985.244737	16.38375
985.4375	-38.9114063
985.630263	36.8634375
985.823026	106.494375
986.015789	-104.446406
986.208553	16.38375
986.401316	-83.9667187
986.594079	-55.2951562
986.786842	-12.2878125
986.979605	-45.0553125
987.172368	-22.5276562
987.365132	36.8634375
987.557895	53.2471875
987.750658	106.494375
987.943421	-28.6715625
988.136184	90.110625
988.328947	73.726875
988.521711	90.110625
988.714474	-2.04796875
988.907237	18.4317188
989.1	-65.535
989.292763	-108.542344
989.485526	26.6235937
989.678289	-34.8154688
989.871053	-14.3357813
990.063816	-47.1032812
990.256579	-12.2878125
990.449342	-161.789531
990.642105	96.2545313
990.834868	20.4796875
991.027632	45.0553125
991.220395	106.494375
991.413158	-86.0146875
991.605921	-79.8707813
991.798684	-73.726875
991.991447	-126.974062
992.184211	26.6235938
992.376974	94.2065625
992.569737	45.0553125
992.7625	4.0959375
992.955263	-26.6235938
993.148026	14.3357812
993.340789	-4.0959375
993.533553	141.309844
993.726316	-18.4317188
993.919079	2.04796875
994.111842	-18.4317188
994.304605	-63.4870313
994.497368	4.0959375
994.690132	73.726875
994.882895	-36.8634375
995.075658	102.398437
995.268421	-30.7195313
995.461184	-28.6715625
995.653947	-102.398437
995.846711	-12.2878125
996.039474	-81.91875
996.232237	59.3910937
996.425	-53.2471875
996.617763	4.0959375
996.810526	73.726875
997.003289	65.535
997.196053	81.91875
997.388816	-6.14390625
997.581579	-14.3357812
997.774342	14.3357813
997.967105	92.1585937
998.159868	-69.6309375
998.352632	28.6715625
998.545395	96.2545312
998.738158	34.8154688
998.930921	100.350469
999.123684	-8.191875
999.316447	-12.2878125
999.509211	-2.04796875
999.701974	18.4317188
999.894737	-75.7748437
1000.0875	12.2878125
1000.28026	32.7675
1000.47303	169.981406
1000.66579	-18.4317188
1000.85855	-81.91875
1001.05132	-6.14390625
1001.24408	108.542344
1001.43684	53.2471875
1001.62961	12.2878125
1001.82237	-2.04796875
1002.01513	26.6235937
1002.20789	38.9114063
1002.40066	-81.91875
1002.59342	-2.04796875
1002.78618	124.926094
1002.97895	63.4870313
1003.17171	83.9667187
1003.36447	-61.4390625
1003.55724	114.68625
1003.75	36.8634375
1003.94276	-20.4796875
1004.13553	20.4796875
1004.32829	38.9114062
1004.52105	55.2951562
1004.71382	110.590312
1004.90658	18.4317188
1005.09934	102.398437
1005.29211	47.1032812
1005.48487	-47.1032812
1005.67763	-14.3357813
1005.87039	10.2398438
1006.06316	40.959375
1006.25592	47.1032812
1006.44868	-24.575625
1006.64145	-65.535
1006.83421	49.15125
1007.02697	47.1032813
1007.21974	-67.5829687
1007.4125	-53.2471875
1007.60526	-26.6235938
1007.79803	-51.1992187
1007.99079	-20.4796875
1008.18355	-43.0073438
1008.37632	16.38375
1008.56908	4.0959375
1008.76184	-55.2951562
1008.95461	-20.4796875
1009.14737	16.38375
1009.34013	-77.8228125
1009.53289	-34.8154688
1009.72566	55.2951563
1009.91842	-40.959375
1010.11118	57.343125
1010.30395	22.5276562
1010.49671	-108.542344
1010.68947	4.0959375
1010.88224	-83.9667187
1011.075	108.542344
1011.26776	-98.3025
1011.46053	38.9114063
1011.65329	40.959375
1011.84605	61.4390625
1012.03882	0
1012.23158	-67.5829687
1012.42434	-16.38375
1012.61711	43.0073438
1012.80987	-22.5276562
1013.00263	71.6789062
1013.19539	-28.6715625
1013.38816	-61.4390625
1013.58092	-8.191875
1013.77368	98.3025
1013.96645	22.5276562
1014.15921	-30.7195312
1014.35197	24.575625
1014.54474	-94.2065625
1014.7375	-28.6715625
1014.93026	59.3910937
1015.12303	22.5276562
1015.31579	20.4796875
1015.50855	18.4317188
1015.70132	-55.2951563
1015.89408	32.7675
1016.08684	-24.575625
1016.27961	-14.3357812
1016.47237	-102.398437
1016.66513	-65.535
1016.85789	12.2878125
1017.05066	-75.7748438
1017.24342	16.38375
1017.43618	122.878125
1017.62895	-32.7675
1017.82171	-20.4796875
1018.01447	34.8154688
1018.20724	-22.5276562
1018.4	-71.6789062
1018.59276	43.0073438
1018.78553	-12.2878125
1018.97829	-49.15125
1019.17105	-180.22125
1019.36382	67.5829687
1019.55658	-4.0959375
1019.74934	-51.1992187
1019.94211	-59.3910937
1020.13487	-141.309844
1020.32763	-8.191875
1020.52039	59.3910937
1020.71316	-38.9114063
1020.90592	88.0626563
1021.09868	10.2398438
1021.29145	-55.2951563
1021.48421	51.1992187
1021.67697	43.0073438
1021.86974	149.501719
1022.0625	30.7195313
1022.25526	-45.0553125
1022.44803	-28.6715625
1022.64079	-63.4870312
1022.83355	20.4796875
1023.02632	98.3025
1023.21908	65.535
1023.41184	96.2545313
1023.60461	0
1023.79737	-30.7195312
1023.99013	2.04796875
1024.18289	18.4317188
1024.37566	57.343125
1024.56842	49.15125
1024.76118	-10.2398438
1024.95395	129.022031
1025.14671	-10.2398438
1025.33947	28.6715625
1025.53224	-137.213906
1025.725	-47.1032812
1025.91776	16.38375
1026.11053	-116.734219
1026.30329	-94.2065625
1026.49605	-32.7675
1026.68882	-69.6309375
1026.88158	-12.2878125
1027.07434	-26.6235938
1027.26711	-4.0959375
1027.45987	-73.726875
1027.65263	-36.8634375
1027.84539	73.726875
1028.03816	49.15125
1028.23092	-43.0073438
1028.42368	-32.7675
1028.61645	94.2065625
1028.80921	-57.343125
1029.00197	-8.191875
1029.19474	69.6309375
1029.3875	8.191875
1029.58026	-2.04796875
1029.77303	6.14390625
1029.96579	-100.350469
1030.15855	55.2951562
1030.35132	73.726875
1030.54408	118.782188
1030.73684	-49.15125
1030.92961	81.91875
1031.12237	40.959375
1031.31513	-2.04796875
1031.50789	-88.0626562
1031.70066	-12.2878125
1031.89342	-59.3910937
1032.08618	145.405781
1032.27895	28.6715625
1032.47171	36.8634375
1032.66447	79.8707813
1032.85724	-10.2398438
1033.05	-118.782187
1033.24276	-55.2951563
1033.43553	16.38375
1033.62829	94.2065625
1033.82105	6.14390625
1034.01382	20.4796875
1034.20658	-122.878125
1034.39934	6.14390625
1034.59211	-26.6235938
1034.78487	-57.343125
1034.97763	18.4317188
1035.17039	-100.350469
1035.36316	20.4796875
1035.55592	81.91875
1035.74868	-131.07
1035.94145	36.8634375
1036.13421	51.1992187
1036.32697	-83.9667188
1036.51974	-14.3357812
1036.7125	-28.6715625
1036.90526	141.309844
1037.09803	-79.8707813
1037.29079	106.494375
1037.48355	-12.2878125
1037.67632	83.9667187
1037.86908	-96.2545313
1038.06184	-20.4796875
1038.25461	-18.4317188
1038.44737	-163.8375
1038.64013	-49.15125
1038.83289	-43.0073438
1039.02566	18.4317188
1039.21842	63.4870313
1039.41118	100.350469
1039.60395	-10.2398438
1039.79671	-61.4390625
1039.98947	-59.3910937
1040.18224	-26.6235938
1040.375	-75.7748437
1040.56776	-63.4870312
1040.76053	-20.4796875
1040.95329	-38.9114063
1041.14605	-2.04796875
1041.33882	96.2545312
1041.53158	-88.0626563
1041.72434	-32.7675
1041.91711	-151.549688
1042.10987	-47.1032813
1042.30263	-71.6789062
1042.49539	45.0553125
1042.68816	-120.830156
1042.88092	24.575625
1043.07368	-24.575625
1043.26645	-12.2878125
1043.45921	24.575625
1043.65197	8.191875
1043.84474	100.350469
1044.0375	26.6235938
1044.23026	92.1585937
1044.42303	2.04796875
1044.61579	-102.398437
1044.80855	16.38375
1045.00132	90.110625
1045.19408	14.3357813
1045.38684	-18.4317188
1045.57961	-16.38375
1045.77237	-59.3910937
1045.96513	32.7675
1046.15789	20.4796875
1046.35066	104.446406
1046.54342	2.04796875
1046.73618	69.6309375
1046.92895	16.38375
1047.12171	20.4796875
1047.31447	-4.0959375
1047.50724	129.022031
