344.5	-8.70386719
344.692763	-8.70386719
344.885526	-8.70386719
345.078289	19.4557031
345.271053	10.7518359
345.463816	17.9197266
345.656579	35.3274609
345.849342	32.2555078
346.042105	-33.7914844
346.234868	-8.191875
346.427632	26.1116016
346.620395	25.5996094
346.813158	-10.7518359
347.005921	-0.511992188
347.198684	-17.9197266
347.391447	5.11992187
347.584211	-57.343125
347.776974	91.6466016
347.969737	-23.0396484
348.1625	4.60792969
348.355263	46.5912891
348.548026	28.1595703
348.740789	19.9676953
348.933553	7.67988281
349.126316	30.7195313
349.319079	60.9270703
349.511842	31.7435156
349.704605	13.8237891
349.897368	23.0396484
350.090132	-9.72785156
350.282895	-10.7518359
350.475658	35.3274609
350.668421	-57.343125
350.861184	11.7758203
351.053947	8.191875
351.246711	-27.1355859
351.439474	-43.0073438
351.632237	73.726875
351.825	29.6955469
352.017763	50.1752344
352.210526	62.4630469
352.403289	-7.16789062
352.596053	-0.511992188
352.788816	52.7351953
352.981579	27.6475781
353.174342	40.4473828
353.367105	-0.511992187
353.559868	50.1752344
353.752632	-22.5276562
353.945395	9.21585938
354.138158	15.3597656
354.330921	-28.1595703
354.523684	-19.9676953
354.716447	-1.02398437
354.909211	-24.575625
355.101974	65.535
355.294737	3.07195313
355.4875	-31.2315234
355.680263	-33.7914844
355.873026	47.1032812
356.065789	46.5912891
356.258553	103.422422
356.451316	24.0636328
356.644079	-10.2398437
356.836842	20.9916797
357.029605	21.5036719
357.222368	-36.8634375
357.415132	54.7831641
357.607895	2.04796875
357.800658	36.3514453
357.993421	29.1835547
358.186184	-43.5193359
358.378947	36.8634375
358.571711	-1.53597656
358.764474	7.16789063
358.957237	32.7675
359.15	55.8071484
359.342763	52.2232031
359.535526	33.2794922
359.728289	-14.3357812
359.921053	8.191875
360.113816	-4.0959375
360.306579	7.16789062
360.499342	15.8717578
360.692105	-35.8394531
360.884868	0.511992188
361.077632	-0.511992187
361.270395	27.6475781
361.463158	11.7758203
361.655921	-4.60792969
361.848684	45.0553125
362.041447	22.5276562
362.234211	36.3514453
362.426974	25.5996094
362.619737	22.5276562
362.8125	47.1032813
363.005263	15.3597656
363.198026	5.11992188
363.390789	15.8717578
363.583553	-19.9676953
363.776316	8.191875
363.969079	47.6152734
364.161842	-26.1116016
364.354605	-23.0396484
364.547368	-35.3274609
364.740132	44.5433203
364.932895	31.2315234
365.125658	-12.2878125
365.318421	95.7425391
365.511184	-14.8477734
365.703947	73.726875
365.896711	-9.21585937
366.089474	20.4796875
366.282237	-17.4077344
366.475	-14.3357813
366.667763	47.1032813
366.860526	16.38375
367.053289	-18.9437109
367.246053	-29.1835547
367.438816	5.11992187
367.631579	4.0959375
367.824342	-32.7675
368.017105	-33.7914844
368.209868	54.2711719
368.402632	-17.4077344
368.595395	64.5110156
368.788158	-30.7195313
368.980921	-52.7351953
369.173684	26.6235938
369.366447	36.3514453
369.559211	55.2951562
369.751974	-5.63191406
369.944737	-2.55996094
370.1375	7.67988281
370.330263	-5.63191406
370.523026	-7.67988281
370.715789	59.9030859
370.908553	-23.5516406
371.101316	38.9114062
371.294079	36.8634375
371.486842	21.5036719
371.679605	6.14390625
371.872368	10.2398438
372.065132	12.2878125
372.257895	77.8228125
372.450658	-61.9510547
372.643421	19.4557031
372.836184	-18.9437109
373.028947	29.1835547
373.221711	-26.6235937
373.414474	-12.2878125
373.607237	48.1272656
373.8	-16.8957422
373.992763	11.2638281
374.185526	-6.14390625
374.378289	-10.2398438
374.571053	31.2315234
374.763816	-39.9353906
374.956579	44.5433203
375.149342	41.4713672
375.342105	47.1032813
375.534868	45.5673047
375.727632	24.0636328
375.920395	19.9676953
376.113158	9.72785156
376.305921	26.1116016
376.498684	18.9437109
376.691447	-8.70386719
376.884211	-58.3671094
377.076974	-20.9916797
377.269737	-4.0959375
377.4625	41.9833594
377.655263	8.70386719
377.848026	76.2868359
378.040789	14.8477734
378.233553	20.4796875
378.426316	19.4557031
378.619079	-53.7591797
378.811842	1.02398438
379.004605	26.6235937
379.197368	65.0230078
379.390132	-24.575625
379.582895	11.2638281
379.775658	-24.0636328
379.968421	10.7518359
380.161184	25.5996094
380.353947	19.4557031
380.546711	14.3357812
380.739474	-15.8717578
380.932237	60.9270703
381.125	16.38375
381.317763	24.575625
381.510526	-24.575625
381.703289	18.9437109
381.896053	3.58394531
382.088816	17.4077344
382.281579	31.2315234
382.474342	14.3357813
382.667105	-12.7998047
382.859868	-25.5996094
383.052632	-30.2075391
383.245395	52.2232031
383.438158	36.3514453
383.630921	-5.11992188
383.823684	-17.4077344
384.016447	-37.8874219
384.209211	13.8237891
384.401974	54.2711719
384.594737	-38.3994141
384.7875	47.1032812
384.980263	11.7758203
385.173026	-6.14390625
385.365789	-6.14390625
385.558553	-16.8957422
385.751316	-10.2398438
385.944079	-6.65589844
386.136842	34.8154688
386.329605	-22.5276562
386.522368	7.16789062
386.715132	38.9114063
386.907895	-0.511992188
387.100658	-2.04796875
387.293421	33.2794922
387.486184	70.1429297
387.678947	-3.07195313
387.871711	-1.02398438
388.064474	49.15125
388.257237	20.9916797
388.45	5.63191406
388.642763	78.8467969
388.835526	71.6789063
389.028289	34.8154688
389.221053	10.2398438
389.413816	66.0469922
389.606579	-9.72785156
389.799342	-10.7518359
389.992105	27.6475781
390.184868	-7.67988281
390.377632	-45.0553125
390.570395	-6.65589844
390.763158	-25.5996094
390.955921	-17.4077344
391.148684	-20.4796875
391.341447	88.0626563
391.534211	-51.1992187
391.726974	8.70386719
391.919737	26.1116016
392.1125	44.0313281
392.305263	14.8477734
392.498026	-55.2951562
392.690789	-2.04796875
392.883553	28.6715625
393.076316	15.3597656
393.269079	3.58394531
393.461842	24.0636328
393.654605	11.7758203
393.847368	5.11992188
394.040132	-16.8957422
394.232895	-60.4150781
394.425658	65.0230078
394.618421	-29.6955469
394.811184	32.2555078
395.003947	31.2315234
395.196711	31.7435156
395.389474	-38.9114062
395.582237	-11.7758203
395.775	55.2951562
395.967763	19.4557031
396.160526	71.1669141
396.353289	6.65589844
396.546053	58.8791016
396.738816	-1.53597656
396.931579	-2.04796875
397.124342	-31.2315234
397.317105	30.2075391
397.509868	47.1032813
397.702632	-26.1116016
397.895395	39.9353906
398.088158	50.1752344
398.280921	49.6632422
398.473684	49.6632422
398.666447	-24.575625
398.859211	3.07195313
399.051974	28.6715625
399.244737	109.054336
399.4375	27.1355859
399.630263	-4.60792969
399.823026	17.9197266
400.015789	-18.9437109
400.208553	27.1355859
400.401316	-10.2398437
400.594079	30.7195313
400.786842	53.7591797
400.979605	58.3671094
401.172368	-50.6872266
401.365132	18.4317188
401.557895	-9.21585937
401.750658	41.9833594
401.943421	77.8228125
402.136184	8.70386719
402.328947	79.8707812
402.521711	84.4787109
402.714474	102.398437
402.907237	168.957422
403.1	82.4307422
403.292763	124.414102
403.485526	188.925117
403.678289	140.797852
403.871053	143.869805
404.063816	148.477734
404.256579	166.397461
404.449342	196.093008
404.642105	135.67793
404.834868	184.82918
405.027632	141.821836
405.220395	164.349492
405.413158	187.901133
405.605921	127.998047
405.798684	189.437109
405.991447	139.261875
406.184211	186.877148
406.376974	225.788555
406.569737	187.389141
406.7625	137.725898
406.955263	108.030352
407.148026	226.300547
407.340789	160.765547
407.533553	161.789531
407.726316	151.549687
407.919079	182.269219
408.111842	233.468438
408.304605	226.812539
408.497368	196.605
408.690132	215.036719
408.882895	223.228594
409.075658	160.253555
409.268421	276.475781
409.461184	250.876172
409.653947	250.36418
409.846711	256.508086
410.039474	250.36418
410.232237	259.068047
410.425	265.723945
410.617763	238.588359
410.810526	250.36418
411.003289	237.564375
411.196053	234.492422
411.388816	251.388164
411.581579	277.499766
411.774342	227.836523
411.967105	238.588359
412.159868	354.810586
412.352632	220.156641
412.545395	306.171328
412.738158	266.74793
412.930921	231.932461
413.123684	242.684297
413.316447	258.044063
413.509211	338.938828
413.701974	282.619688
413.894737	317.947148
414.0875	331.770937
414.280263	243.196289
414.473026	324.603047
414.665789	330.234961
414.858553	303.099375
415.051316	333.818906
415.244079	339.962812
415.436842	277.499766
415.629605	330.746953
415.822368	316.923164
416.015132	280.571719
416.207895	327.163008
416.400658	287.739609
416.593421	350.714648
416.786184	391.162031
416.978947	402.425859
417.171711	317.435156
417.364474	404.473828
417.557237	357.370547
417.75	372.21832
417.942763	421.36957
418.135526	395.769961
418.328289	414.20168
418.521053	410.617734
418.713816	410.105742
418.906579	495.096445
419.099342	403.449844
419.292105	429.049453
419.484868	478.200703
419.677632	413.177695
419.870395	477.176719
420.063158	500.728359
420.255921	461.304961
420.448684	474.104766
420.641447	562.167422
420.834211	497.144414
421.026974	494.072461
421.219737	453.625078
421.4125	557.0475
421.605263	561.143437
421.798026	515.064141
421.990789	526.327969
422.183553	638.96625
422.376316	610.294687
422.569079	558.071484
422.761842	609.270703
422.954605	655.35
423.147368	671.73375
423.340132	580.087148
423.532895	633.334336
423.725658	680.437617
423.918421	735.732773
424.111184	696.309375
424.303947	692.72543
424.496711	689.653477
424.689474	723.444961
424.882237	807.41168
425.075	753.140508
425.267763	813.043594
425.460526	775.156172
425.653289	821.235469
425.846053	838.643203
426.038816	887.794453
426.231579	813.043594
426.424342	903.154219
426.617105	909.810117
426.809868	953.329453
427.002632	929.777812
427.195395	935.409727
427.388158	1033.71223
427.580921	937.969687
427.773684	1031.15227
427.966447	1059.82383
428.159211	1036.78418
428.351974	1022.96039
428.544737	1043.95207
428.7375	962.03332
428.930263	937.969687
429.123026	1078.25555
429.315789	1112.55902
429.508553	1141.74258
429.701316	1148.39848
429.894079	1261.54875
430.086842	1236.46113
430.279605	1258.4768
430.472368	1222.12535
430.665132	1367.01914
430.857895	1337.32359
431.050658	1378.28297
431.243421	1410.53848
431.436184	1418.21836
431.628947	1452.00984
431.821711	1486.82531
432.014474	1518.05684
432.207237	1534.95258
432.4	1567.72008
432.592763	1656.80672
432.785526	1588.19977
432.978289	1615.84734
433.171053	1704.93398
433.363816	1628.64715
433.556579	1736.6775
433.749342	1727.46164
433.942105	1712.61387
434.134868	1856.48367
434.327632	1858.01965
434.520395	1851.36375
434.713158	1914.85078
434.905921	1930.72254
435.098684	1949.66625
435.291447	2017.24922
435.484211	2014.68926
435.676974	2042.84883
435.869737	2081.76023
436.0625	2082.27223
436.255263	2199.51844
436.448026	2245.59773
436.640789	2190.81457
436.833553	2266.58941
437.026316	2286.55711
437.219079	2281.94918
437.411842	2277.85324
437.604605	2404.31531
437.797368	2456.02652
437.990132	2473.43426
438.182895	2468.82633
438.375658	2555.865
438.568421	2605.01625
438.761184	2553.81703
438.953947	2627.54391
439.146711	2683.35105
439.339474	2806.22918
439.532237	2746.32609
439.725	2809.30113
439.917763	2870.7402
440.110526	2936.78719
440.303289	2871.25219
440.496053	2943.95508
440.688816	3022.28988
440.881579	2947.02703
441.074342	3033.55371
441.267105	3150.79992
441.459868	3192.78328
441.652632	3212.75098
441.845395	3247.56645
442.038158	3288.52582
442.230921	3434.95559
442.423684	3388.87629
442.616447	3455.43527
442.809211	3469.25906
443.001974	3510.21844
443.194737	3613.64086
443.3875	3550.66582
443.580263	3672.00797
443.773026	3661.25613
443.965789	3872.19691
444.158553	3808.19789
444.351316	3899.3325
444.544079	3910.08434
444.736842	3948.99574
444.929605	3989.44313
445.122368	4073.92184
445.315132	4241.34328
445.507895	4217.27965
445.700658	4147.64871
445.893421	4387.77305
446.086184	4293.56648
446.278947	4421.56453
446.471711	4428.73242
446.664474	4452.28406
446.857237	4536.76277
447.05	4535.2268
447.242763	4702.13625
447.435526	4662.20086
447.628289	4783.54301
447.821053	4832.69426
448.013816	4890.54937
448.206579	4954.03641
448.399342	4949.94047
448.592105	5067.18668
448.784868	5137.8416
448.977632	5099.95418
449.170395	5247.40793
449.363158	5326.25473
449.555921	5350.31836
449.748684	5434.28508
449.941447	5497.77211
450.134211	5511.5959
450.326974	5612.45836
450.519737	5741.99238
450.7125	5774.24789
450.905263	5884.32621
451.098026	5840.29488
451.290789	6113.18672
451.483553	6008.74031
451.676316	6164.38594
451.869079	6148.51418
452.061842	6398.87836
452.254605	6224.28902
452.447368	6332.31937
452.640132	6533.02031
452.832895	6652.31449
453.025658	6752.66496
453.218421	6822.80789
453.411184	6783.89648
453.603947	6963.60574
453.796711	6899.09473
453.989474	6958.48582
454.182237	7079.82797
454.375	7292.81672
454.567763	7210.89797
454.760526	7313.8084
454.953289	7391.63121
455.146053	7529.8691
455.338816	7547.78883
455.531579	7693.7066
455.724342	7694.73059
455.917105	8001.41391
456.109868	7963.01449
456.302632	8165.7634
456.495395	8141.18777
456.688158	8190.33902
456.880921	8291.71348
457.073684	8406.91172
457.266447	8494.97437
457.459211	8624.5084
457.651974	8811.38555
457.844737	8857.97684
458.0375	8931.19172
458.230263	8924.02383
458.423026	9020.79035
458.615789	9013.11047
458.808553	9313.13789
459.001316	9348.46535
459.194079	9529.71059
459.386842	9619.82121
459.579605	9687.91617
459.772368	9729.89953
459.965132	9807.72234
460.157895	9929.57648
460.350658	10200.9323
460.543421	10231.1399
460.736184	10345.3141
460.928947	10462.0484
461.121711	10457.4404
461.314474	10732.3802
461.507237	10823.0029
461.7	10838.8746
461.892763	11039.5755
462.085526	11046.2314
462.278289	11355.9867
462.471053	11272.02
462.663816	11397.4581
462.856579	11529.0401
463.049342	11548.4958
463.242105	11845.9632
463.434868	11784.0122
463.627632	12189.51
463.820395	12081.4796
464.013158	12277.5727
464.205921	12395.8429
464.398684	12414.7866
464.591447	12734.2697
464.784211	12687.6784
464.976974	12751.6774
465.169737	12841.788
465.3625	13188.4068
465.555263	13221.6862
465.748026	13095.7362
465.940789	13543.7293
466.133553	13705.5189
466.326316	13603.6324
466.519079	13841.1968
466.711842	14016.2981
466.904605	14104.3608
467.097368	14168.8718
467.290132	14336.8052
467.482895	14380.8366
467.675658	14481.187
467.868421	14431.5238
468.061184	14825.7578
468.253947	14871.8371
468.446711	14940.444
468.639474	15215.3838
468.832237	15148.8248
469.025	15141.657
469.217763	15416.5968
469.410526	15633.6814
469.603289	15635.2174
469.796053	15645.4573
469.988816	15814.4147
470.181579	15963.4044
470.374342	15934.2209
470.567105	16300.2953
470.759868	16200.4568
470.952632	16029.9634
471.145395	16550.6595
471.338158	16583.9389
471.530921	16623.8743
471.723684	16739.5846
471.916447	16711.937
472.109211	17019.6443
472.301974	16925.9497
472.494737	17193.7216
472.6875	17282.8083
472.880263	17183.9938
473.073026	17460.4696
473.265789	17502.9649
473.458553	17395.4466
473.651316	17371.3829
473.844079	17676.5303
474.036842	17425.6541
474.229605	17742.5773
474.422368	17591.5396
474.615132	17724.1455
474.807895	17704.6898
475.000658	17865.4554
475.193421	17683.1862
475.386184	17934.5743
475.578947	18015.9811
475.771711	17884.3991
475.964474	18037.4848
476.157237	18039.5327
476.35	18012.9091
476.542763	18029.2929
476.735526	17813.7442
476.928289	18191.0824
477.121053	17882.8631
477.313816	17940.2062
477.506579	18183.4025
477.699342	17847.0237
477.892105	18236.1377
478.084868	18062.0604
478.277632	18039.0207
478.470395	18129.1314
478.663158	17997.5494
478.855921	17837.8078
479.048684	17945.3262
479.241447	18070.7643
479.434211	18132.2033
479.626974	18072.8122
479.819737	18005.7412
480.0125	18039.0207
480.205263	18075.3722
480.398026	18070.2523
480.590789	17891.055
480.783553	17863.4074
480.976316	17863.4074
481.169079	17905.3908
481.361842	17826.544
481.554605	17687.7941
481.747368	17726.7055
481.940132	17601.7794
482.132895	17624.8191
482.325658	17581.2997
482.518421	17743.6012
482.711184	17575.1558
482.903947	17469.6854
483.096711	17629.427
483.289474	17549.0442
483.482237	17410.2943
483.675	17484.5332
483.867763	17326.8396
484.060526	17271.0325
484.253289	17323.2557
484.446053	17312.5038
484.638816	17251.5768
484.831579	17064.1876
485.024342	17040.124
485.217105	17097.9791
485.409868	16958.7172
485.602632	16834.3031
485.795395	16912.6379
485.988158	16895.7422
486.180921	16557.8273
486.373684	16699.6492
486.566447	16697.0892
486.759211	16552.1954
486.951974	16593.6668
487.144737	16334.0868
487.3375	16377.0941
487.530263	16326.4069
487.723026	16321.287
487.915789	16008.4597
488.108553	16177.4171
488.301316	15996.1719
488.494079	15816.4627
488.686842	16030.4754
488.879605	15662.353
489.072368	15848.7182
489.265132	15605.0099
489.457895	15506.1954
489.650658	15510.8033
489.843421	15474.9639
490.036184	15337.238
490.228947	15333.654
490.421711	15191.8322
490.614474	15272.215
490.807237	15103.2575
491	15160.6007
491.192763	14950.1719
491.385526	14898.9727
491.578289	14704.9276
491.771053	14624.5448
491.963816	14779.6785
492.156579	14539.5541
492.349342	14486.8189
492.542105	14436.1317
492.734868	14372.1327
492.927632	14321.4455
493.120395	14364.4528
493.313158	14113.5766
493.505921	14190.3755
493.698684	14011.1782
493.891447	14063.9134
494.084211	14044.9697
494.276974	13985.0666
494.469737	14002.4743
494.6625	13875.5003
494.855263	13808.4293
495.048026	13685.5512
495.240789	13671.7274
495.433553	13603.6324
495.626316	13665.5835
495.819079	13607.7284
496.011842	13654.3196
496.204605	13584.1767
496.397368	13512.4978
496.590132	13366.068
496.782895	13513.0098
496.975658	13450.5468
497.168421	13396.7876
497.361184	13229.3661
497.553947	13332.2766
497.746711	13335.3485
497.939474	13374.7719
498.132237	13165.8791
498.325	13284.6613
498.517763	13122.8718
498.710526	13097.7841
498.903289	13170.999
499.096053	13039.417
499.288816	12981.5619
499.481579	13085.4963
499.674342	13113.1439
499.867105	12966.2021
500.059868	12917.0509
500.252632	12915.0029
500.445395	12955.9623
500.638158	12910.395
500.830921	12938.0426
501.023684	13036.3451
501.216447	12882.7474
501.409211	12964.6662
501.601974	13081.9124
501.794737	12946.2345
501.9875	13017.4014
502.180263	12947.2584
502.373026	12892.9873
502.565789	13038.905
502.758553	12809.5325
502.951316	12774.2051
503.144079	12818.7484
503.336842	12925.2428
503.529605	12767.0372
503.722368	12713.278
503.915132	12959.0343
504.107895	12897.5952
504.300658	12819.2604
504.493421	13116.7279
504.686184	13099.8321
504.878947	13456.1787
505.071711	13785.3896
505.264474	14423.3319
505.457237	15762.7035
505.65	16593.6668
505.842763	17113.8509
506.035526	17326.3276
506.228289	16460.5488
506.421053	15060.2502
506.613816	13912.8757
506.806579	13235.51
506.999342	12558.1444
507.192105	12461.8898
507.384868	12399.9388
507.577632	12227.9094
507.770395	12286.2765
507.963158	12094.2795
508.155921	12108.1032
508.348684	12256.069
508.541447	12139.8468
508.734211	11946.8257
508.926974	11935.0499
509.119737	12009.2888
509.3125	11625.8066
509.505263	11748.6847
509.698026	11614.5428
509.890789	11679.5658
510.083553	11613.0068
510.276316	11477.8409
510.469079	11300.1796
510.661842	11477.8409
510.854605	11329.3631
511.047368	11253.0763
511.240132	11232.5966
511.432895	11092.8227
511.625658	11210.0689
511.818421	11029.3357
512.011184	11045.7195
512.203947	10864.9862
512.396711	10831.7067
512.589474	10722.1404
512.782237	10655.0694
512.975	10681.181
513.167763	10635.6137
513.360526	10513.2476
513.553289	10211.1722
513.746053	10497.3758
513.938816	10407.7772
514.131579	10223.46
514.324342	10299.2348
514.517105	10172.7728
514.709868	10068.3264
514.902632	9971.04785
515.095395	9962.85598
515.288158	10057.5745
515.480921	9810.7943
515.673684	9855.33762
515.866447	9698.15602
516.059211	9547.63031
516.251974	9592.68563
516.444737	9477.48738
516.6375	9548.6543
516.830263	9485.67926
517.023026	9300.85008
517.215789	9238.38703
517.408553	9267.57059
517.601316	9028.47023
517.794079	9054.58184
517.986842	9085.30137
518.179605	9020.27836
518.372368	8889.20836
518.565132	8867.1927
518.757895	8781.17801
518.950658	8642.94012
519.143421	8814.4575
519.336184	8558.46141
519.528947	8569.21324
519.721711	8516.99004
519.914474	8392.57594
520.107237	8361.85641
520.3	8280.96164
520.492763	8290.68949
520.685526	8017.79766
520.878289	8113.0282
521.071053	8059.78102
521.263816	7869.31992
521.456579	7993.73402
521.649342	7974.79031
521.842105	8021.3816
522.034868	7639.43543
522.227632	7604.61996
522.420395	7640.45941
522.613158	7576.97238
522.805921	7493.51766
522.998684	7493.00566
523.191447	7341.45598
523.384211	7325.58422
523.576974	7355.27977
523.769737	7163.79469
523.9625	7105.42758
524.155263	7053.71637
524.348026	7059.86027
524.540789	7106.45156
524.733553	6916.50246
524.926316	6789.01641
525.119079	6797.20828
525.311842	6750.61699
525.504605	6629.78684
525.697368	6546.33211
525.890132	6501.2768
526.082895	6407.07023
526.275658	6441.8857
526.468421	6110.62676
526.661184	6351.77508
526.853947	6193.0575
527.046711	6123.93855
527.239474	6133.15441
527.432237	6079.39523
527.625	6064.54746
527.817763	5992.86855
528.010526	5953.95715
528.203289	5895.59004
528.396053	5779.36781
528.588816	5712.29684
528.781579	5701.545
528.974342	5708.2009
529.167105	5557.1632
529.359868	5613.99434
529.552632	5581.73883
529.745395	5508.01195
529.938158	5416.87734
530.130921	5374.89398
530.323684	5384.62184
530.516447	5297.58316
530.709211	5256.62379
530.901974	5230.51219
531.094737	5242.8
531.2875	5170.09711
531.480263	5135.79363
531.673026	5075.89055
531.865789	5059.5068
532.058553	5124.01781
532.251316	5021.10738
532.444079	5076.40254
532.636842	5063.09074
532.829605	5002.67566
533.022368	4941.2366
533.215132	4906.42113
533.407895	5013.93949
533.600658	4862.3898
533.793421	4886.96543
533.986184	4913.07703
534.178947	4929.46078
534.371711	4900.78922
534.564474	4847.54203
534.757237	4800.95074
534.95	4796.34281
535.142763	4813.23855
535.335526	4843.95809
535.528289	4866.99773
535.721053	4745.65559
535.913816	4810.67859
536.106579	4827.57434
536.299342	4799.92676
536.492105	4840.37414
536.684868	4860.85383
536.877632	4891.06137
537.070395	4756.91941
537.263158	4851.63797
537.455921	4855.22191
537.648684	4923.31688
537.841447	4785.59098
538.034211	4829.11031
538.226974	4862.3898
538.419737	4891.57336
538.6125	4902.3252
538.805263	4893.62133
538.998026	4867.50973
539.190789	4852.66195
539.383553	4885.42945
539.576316	4954.5484
539.769079	4878.77355
539.961842	4778.42309
540.154605	4848.05402
540.347368	4930.99676
540.540132	4881.84551
540.732895	4902.3252
540.925658	4855.73391
541.118421	4888.50141
541.311184	4919.22094
541.503947	4985.26793
541.696711	4862.3898
541.889474	4905.39715
542.082237	4891.06137
542.275	4877.23758
542.467763	4931.50875
542.660526	4830.1343
542.853289	4899.76523
543.046053	4903.86117
543.238816	4881.33352
543.431579	4985.26793
543.624342	4791.73488
543.817105	4996.53176
544.009868	4974.51609
544.202632	4833.20625
544.395395	4908.98109
544.588158	4908.4691
544.780921	4873.14164
544.973684	4858.80586
545.166447	4913.07703
545.359211	4843.95809
545.551974	4835.25422
545.744737	4879.79754
545.9375	4765.11129
546.130263	4850.10199
546.323026	4726.19988
546.515789	4842.9341
546.708553	4754.35945
546.901316	4759.47937
547.094079	4802.99871
547.286842	4722.10395
547.479605	4705.7202
547.672368	4699.57629
547.865132	4608.95367
548.057895	4694.45637
548.250658	4723.63992
548.443421	4620.2175
548.636184	4557.75445
548.828947	4727.22387
549.021711	4521.40301
549.214474	4622.26547
549.407237	4571.06625
549.6	4485.05156
549.792763	4589.49797
549.985526	4485.56355
550.178289	4407.22875
550.371053	4411.32469
550.563816	4359.10148
550.756579	4390.33301
550.949342	4321.21406
551.142105	4292.5425
551.334868	4400.57285
551.527632	4311.48621
551.720395	4332.47789
551.913158	4280.76668
552.105921	4243.39125
552.298684	4231.10344
552.491447	4262.84695
552.684211	4128.705
552.876974	4181.4402
553.069737	4120.51312
553.2625	4101.05742
553.455263	4082.11371
553.648026	4142.52879
553.840789	4000.19496
554.033553	3985.85918
554.226316	4041.15434
554.419079	3898.30852
554.611842	3911.10832
554.804605	3864.00504
554.997368	3817.92574
555.190132	3827.1416
555.382895	3772.87043
555.575658	3769.79848
555.768421	3773.38242
555.961184	3758.53465
556.153947	3662.28012
556.346711	3702.7275
556.539474	3635.14453
556.732237	3609.03293
556.925	3617.2248
557.117763	3536.33004
557.310526	3523.53023
557.503289	3565.0016
557.696053	3510.21844
557.888816	3521.99426
558.081579	3410.37996
558.274342	3398.09215
558.467105	3428.81168
558.659868	3423.17977
558.852632	3402.18809
559.045395	3359.18074
559.238158	3314.63742
559.430921	3417.54785
559.623684	3352.52484
559.816447	3335.6291
560.009211	3324.87727
560.201974	3190.73531
560.394737	3236.81461
560.5875	3173.32758
560.780263	3210.19102
560.973026	3168.20766
561.165789	3185.61539
561.358553	3113.93648
561.551316	3218.38289
561.744079	3098.06473
561.936842	3072.97711
562.129605	3060.6893
562.322368	3094.99277
562.515132	3046.86551
562.707895	3009.49008
562.900658	3009.49008
563.093421	3019.21793
563.286184	3007.44211
563.478947	3044.30555
563.671711	3016.14598
563.864474	2909.13961
564.057237	2948.05102
564.25	2932.17926
564.442763	2913.23555
564.635526	2907.09164
564.828289	2870.2282
565.021053	2888.14793
565.213816	2892.75586
565.406579	2911.69957
565.599342	2816.46902
565.792105	2899.41176
565.984868	2831.82879
566.177632	2861.01234
566.370395	2766.80578
566.563158	2836.43672
566.755921	2815.44504
566.948684	2845.14059
567.141447	2726.87039
567.334211	2792.40539
567.526974	2828.75684
567.719737	2824.6609
567.9125	2815.95703
568.105263	2873.81215
568.298026	2797.52531
568.490789	2849.23652
568.683553	2799.57328
568.876316	2786.26148
569.069079	2895.31582
569.261842	2866.64426
569.454605	2831.82879
569.647368	2883.02801
569.840132	2866.64426
570.032895	2932.17926
570.225658	2935.7632
570.418421	2938.83516
570.611184	3017.16996
570.803947	3048.40148
570.996711	3139.53609
571.189474	3141.07207
571.382237	3236.30262
571.575	3211.72699
571.767763	3272.14207
571.960526	3209.67902
572.153289	3369.42059
572.346053	3404.23605
572.538816	3443.65945
572.731579	3514.31437
572.924342	3562.44164
573.117105	3687.87973
573.309868	3705.79945
573.502632	3837.38145
573.695395	3862.98105
573.888158	3934.14797
574.080921	3956.67563
574.273684	4084.67367
574.466447	4229.56746
574.659211	4303.29434
574.851974	4402.10883
575.044737	4375.48523
575.2375	4596.15387
575.430263	4591.03395
575.623026	4810.1666
575.815789	4783.03102
576.008553	4985.26793
576.201316	5008.30758
576.394079	5208.49652
576.586842	5447.59688
576.779605	5382.57387
576.972368	5674.92141
577.165132	5585.83477
577.357895	5686.18523
577.550658	5842.34285
577.743421	6081.9552
577.936184	6065.05945
578.128947	6325.66348
578.321711	6484.89305
578.514474	6550.94004
578.707237	6769.5607
578.9	7005.5891
579.092763	7083.41191
579.285526	7345.55191
579.478289	7555.9807
579.671053	7665.03504
579.863816	7716.23426
580.056579	7894.40754
580.249342	8110.46824
580.442105	8199.55488
580.634868	8421.2475
580.827632	8602.49273
581.020395	8696.6993
581.213158	8967.54316
581.405921	8973.68707
581.598684	9262.96266
581.791447	9473.39145
581.984211	9563.50207
582.176974	9657.70863
582.369737	9890.15309
582.5625	9965.41594
582.755263	10181.9886
582.948026	10257.7635
583.140789	10443.6166
583.333553	10386.7855
583.526316	10727.7723
583.719079	10732.3802
583.911842	10827.6108
584.104605	11069.7831
584.297368	11040.0875
584.490132	11078.487
584.682895	11129.6862
584.875658	11259.7322
585.068421	11286.8678
585.261184	11387.2182
585.453947	11500.8805
585.646711	11449.6813
585.839474	11573.5834
586.032237	11629.3905
586.225	11593.5511
586.417763	11704.1414
586.610526	11568.9755
586.803289	11542.3519
586.996053	11636.0464
587.188816	11561.8076
587.381579	11499.3445
587.574342	11517.2643
587.767105	11458.8971
587.959868	11368.7865
588.152632	11429.2016
588.345395	11521.3602
588.538158	11435.3455
588.730921	11416.4018
588.923684	11328.3391
589.116447	11233.1086
589.309211	11159.3817
589.501974	11161.9417
589.694737	11099.9906
589.8875	10990.9363
590.080263	10990.9363
590.273026	10985.3044
590.465789	10837.3386
590.658553	10787.1634
590.851316	10667.3572
591.044079	10636.6377
591.236842	10654.0454
591.429605	10628.4458
591.622368	10388.3215
591.815132	10537.3112
592.007895	10405.7292
592.200658	10364.7698
592.393421	10308.4507
592.586184	10142.5652
592.778947	10130.2774
592.971711	10065.7664
593.164474	10035.5589
593.357237	9954.15211
593.55	10173.2848
593.742763	9834.34594
593.935526	9877.35328
594.128289	9748.33125
594.321053	9791.33859
594.513816	9839.46586
594.706579	9780.07477
594.899342	9585.51773
595.092105	9532.27055
595.284868	9588.0777
595.477632	9612.14133
595.670395	9380.20887
595.863158	9545.58234
596.055921	9406.32047
596.248684	9358.7052
596.441447	9440.62395
596.634211	9301.87406
596.826974	9462.63961
597.019737	9307.50598
597.2125	9268.08258
597.405263	9383.79281
597.598026	9289.58625
597.790789	9444.20789
597.983553	9292.14621
598.176316	9340.78547
598.369079	9372.52898
598.561842	9261.93867
598.754605	9230.19516
598.947368	9356.65723
599.140132	9194.8677
599.332895	9484.65527
599.525658	9247.60289
599.718421	9277.81043
599.911184	9434.48004
600.103947	9288.56227
600.296711	9355.63324
600.489474	9276.78645
600.682237	9453.42375
600.875	9440.62395
601.067763	9478.51137
601.260526	9462.12762
601.453289	9397.10461
601.646053	9449.8398
601.838816	9529.71059
602.031579	9467.75953
602.224342	9536.36648
602.417105	9539.43844
602.609868	9579.88582
602.802632	9571.18195
602.995395	9718.6357
603.188158	9655.14867
603.380921	9642.86086
603.573684	9659.7566
603.766447	9684.33223
603.959211	9658.22062
604.151974	9707.88387
604.344737	9756.01113
604.5375	9795.43453
604.730263	9853.28965
604.923026	9929.57648
605.115789	9909.0968
605.308553	9891.68906
605.501316	9925.99254
605.694079	9999.20742
605.886842	9877.35328
606.079605	9911.65676
606.272368	9955.68809
606.465132	10024.295
606.657895	10114.4057
606.850658	10046.3107
607.043421	10031.4629
607.236184	10241.3797
607.428947	10123.1095
607.621711	10081.1262
607.814474	10240.3557
608.007237	10109.7977
608.2	10304.8668
608.392763	10197.3484
608.585526	10327.9064
608.778289	10255.2035
608.971053	10328.9304
609.163816	10234.2118
609.356579	10362.7219
609.549342	10381.1536
609.742105	10455.9045
609.934868	10484.064
610.127632	10532.7033
610.320395	10462.5604
610.513158	10612.0621
610.705921	10691.4209
610.898684	10579.2946
611.091447	10551.135
611.284211	10672.4771
611.476974	10687.8369
611.669737	10740.5721
611.8625	10679.133
612.055263	10702.6847
612.248026	10708.8286
612.440789	10715.9965
612.633553	10806.1071
612.826316	10934.1052
613.019079	10861.4023
613.211842	10973.5286
613.404605	10934.1052
613.597368	10894.6818
613.790132	10894.1698
613.982895	10953.0489
614.175658	11073.879
614.368421	11104.0866
614.561184	11005.2721
614.753947	10952.5369
614.946711	11117.9104
615.139474	11099.4786
615.332237	11141.974
615.525	11281.7479
615.717763	11265.3641
615.910526	11229.0127
616.103289	11229.5246
616.296053	11264.3401
616.488816	11332.9471
616.681579	11300.6916
616.874342	11270.996
617.067105	11486.0327
617.259868	11464.5291
617.452632	11455.8252
617.645395	11405.65
617.838158	11382.0983
618.030921	11469.137
618.223684	11506.5124
618.416447	11624.2706
618.609211	11627.3426
618.801974	11576.1434
618.994737	11640.1424
619.1875	11497.8086
619.380263	11799.372
619.573026	11631.4385
619.765789	11693.9016
619.958553	11730.765
620.151316	11801.4199
620.344079	11671.8859
620.536842	11772.2364
620.729605	11837.2594
620.922368	11932.4899
621.115132	11806.5398
621.307895	11950.9216
621.500658	12024.1365
621.693421	12042.0563
621.886184	11944.7777
622.078947	11938.1218
622.271711	12006.7288
622.464474	12197.7019
622.657237	12115.7831
622.85	12126.535
623.042763	12209.4777
623.235526	12303.1723
623.428289	12194.6299
623.621053	12223.8135
623.813816	12302.1483
624.006579	12303.1723
624.199342	12377.9231
624.392105	12434.7543
624.584868	12480.8336
624.777632	12563.7763
624.970395	12393.7949
625.163158	12536.6407
625.355921	12603.1997
625.548684	12700.4782
625.741447	12675.9026
625.934211	12645.183
626.126974	12873.0196
626.319737	12747.5815
626.5125	12729.6618
626.705263	12809.5325
626.898026	12776.765
627.090789	12923.1948
627.283553	12986.6818
627.476316	12900.1552
627.669079	13058.8727
627.861842	12986.6818
628.054605	12955.9623
628.247368	13060.9207
628.440132	13003.0656
628.632895	13107
628.825658	13035.8331
629.018421	13067.5766
629.211184	13014.8414
629.403947	13152.0553
629.596711	13033.2731
629.789474	13108.024
629.982237	13137.2075
630.175	13344.5644
630.367763	13289.2692
630.560526	13187.3828
630.753289	13173.047
630.946053	13487.4102
631.138816	13217.5903
631.331579	13294.9011
631.524342	13446.4508
631.717105	13287.7332
631.909868	13207.3505
632.102632	13323.0607
632.295395	13497.65
632.488158	13272.8855
632.680921	13388.0837
632.873684	13342.5164
633.066447	13344.5644
633.259211	13334.8365
633.451974	13450.0348
633.644737	13354.2922
633.8375	13404.4675
634.030263	13327.6686
634.223026	13460.2746
634.415789	13426.4831
634.608553	13203.7665
634.801316	13462.3226
634.994079	13268.7895
635.186842	13336.8845
635.379605	13277.4934
635.572368	13421.8752
635.765132	13119.7998
635.957895	13168.4391
636.150658	13310.7729
636.343421	13323.5727
636.536184	13176.1189
636.728947	13104.952
636.921711	13148.9834
637.114474	13187.3828
637.307237	12977.466
637.5	13091.6402
637.692763	13128.5037
637.885526	13004.6016
638.078289	13053.2408
638.271053	12987.1938
638.463816	13092.1522
638.656579	12908.859
638.849342	13020.9853
639.042105	13015.8654
639.234868	12819.2604
639.427632	13005.1136
639.620395	12803.3886
639.813158	12785.9809
640.005921	12755.2614
640.198684	12726.0778
640.391447	12724.0298
640.584211	12679.9985
640.776974	12655.4229
640.969737	12654.9109
641.1625	12456.7699
641.355263	12418.8825
641.548026	12529.4728
641.740789	12505.9212
641.933553	12390.7229
642.126316	12234.5653
642.319079	12152.1346
642.511842	12464.9618
642.704605	12168.0063
642.897368	12352.8355
643.090132	12104.0073
643.282895	12033.3524
643.475658	12075.3357
643.668421	11976.5212
643.861184	12046.6642
644.053947	12059.976
644.246711	11827.0195
644.439474	12021.5766
644.632237	11731.789
644.825	11821.3876
645.017763	11718.9892
645.210526	11660.6221
645.403289	11665.23
645.596053	11752.7807
645.788816	11626.3186
645.981579	11555.6637
646.174342	11622.2227
646.367105	11461.9691
646.559868	11521.3602
646.752632	11475.7929
646.945395	11557.1996
647.138158	11342.6749
647.330921	11413.8418
647.523684	11238.2285
647.716447	11340.115
647.909211	11375.4424
648.101974	11170.1336
648.294737	11372.8825
648.4875	11182.4214
648.680263	10997.5922
648.873026	11221.3328
649.065789	11028.3117
649.258553	11061.0792
649.451316	11162.4537
649.644079	11003.2241
649.836842	10969.9446
650.029605	10949.9769
650.222368	10915.1614
650.415132	10837.3386
650.607895	10840.9226
650.800658	10876.762
650.993421	10696.5408
651.186184	10812.763
651.378947	10711.3886
651.571711	10708.3166
651.764474	10748.764
651.957237	10558.8149
652.15	10728.2843
652.342763	10644.8296
652.535526	10544.9911
652.728289	10505.0557
652.921053	10413.9211
653.113816	10500.4478
653.306579	10454.8805
653.499342	10286.435
653.692105	10458.9764
653.884868	10420.065
654.077632	10398.5613
654.270395	10320.7385
654.463158	10368.8658
654.655921	10405.7292
654.848684	10323.8105
655.041447	10234.2118
655.234211	10371.4257
655.426974	10196.8364
655.619737	10306.9147
655.8125	10051.4306
656.005263	10198.8844
656.198026	10264.4194
656.390789	10103.6538
656.583553	10061.6705
656.776316	10125.6695
656.969079	9985.38363
657.161842	10165.0929
657.354605	10122.0855
657.547368	9971.04785
657.740132	9911.14477
657.932895	10014.5672
658.125658	9900.39293
658.318421	9998.69543
658.511184	9938.79234
658.703947	9892.20105
658.896711	9981.79969
659.089474	10013.0312
659.282237	10055.5266
659.475	9901.92891
659.667763	9775.46684
659.860526	9901.92891
660.053289	9854.31363
660.246053	9914.21672
660.438816	9961.32
660.631579	9784.1707
660.824342	9822.57012
661.017105	9740.13937
661.209868	9702.25195
661.402632	9737.06742
661.595395	9781.61074
661.788158	9830.25
661.980921	9746.28328
662.173684	9618.79723
662.366447	9646.9568
662.559211	9768.29895
662.751974	9730.41152
662.944737	9622.89316
663.1375	9640.81289
663.330263	9551.72625
663.523026	9636.71695
663.715789	9597.80555
663.908553	9451.88777
664.101316	9665.90051
664.294079	9421.16824
664.486842	9508.20691
664.679605	9381.23285
664.872368	9562.47809
665.065132	9476.4634
665.257895	9467.75953
665.450658	9422.70422
665.643421	9514.35082
665.836184	9346.92937
666.028947	9299.3141
666.221711	9321.84176
666.414474	9276.78645
666.607237	9355.63324
666.8	9334.12957
666.992763	9301.36207
667.185526	9253.2348
667.378289	9349.48934
667.571053	9338.22551
667.763816	9239.92301
667.956579	9159.02824
668.149342	9103.22109
668.342105	9131.38066
668.534868	9206.64352
668.727632	9099.12516
668.920395	9110.38898
669.113158	9121.65281
669.305921	8970.61512
669.498684	9002.87062
669.691447	9032.05418
669.884211	9090.93328
670.076974	8958.3273
670.269737	8921.97586
670.4625	8887.67238
670.655263	8928.11977
670.848026	8952.69539
671.040789	8935.79965
671.233553	8885.11242
671.426316	8833.40121
671.619079	8726.90684
671.811842	8805.75363
672.004605	8806.77762
672.197368	8844.15305
672.390132	8783.22598
672.582895	8747.38652
672.775658	8762.2343
672.968421	8724.85887
673.161184	8707.96312
673.353947	8792.44184
673.546711	8652.66797
673.739474	8574.84516
673.932237	8661.37184
674.125	8474.49469
674.317763	8536.44574
674.510526	8650.62
674.703289	8611.1966
674.896053	8550.26953
675.088816	8443.26316
675.281579	8603.00473
675.474342	8391.55195
675.667105	8502.65426
675.859868	8465.27883
676.052632	8390.52797
676.245395	8448.89508
676.438158	8316.80109
676.630921	8264.57789
676.823684	8256.89801
677.016447	8294.27344
677.209211	8270.2098
677.401974	8323.96898
677.594737	8161.66746
677.7875	8124.80402
677.980263	8047.4932
678.173026	8023.42957
678.365789	8140.16379
678.558553	8050.05316
678.751316	8115.07617
678.944079	8076.67676
679.136842	8000.90191
679.329605	7961.47852
679.522368	7994.24602
679.715132	7923.59109
679.907895	7903.6234
680.100658	7976.83828
680.293421	7771.52941
680.486184	7913.86324
680.678947	7782.28125
680.871711	7692.17063
681.064474	7705.48242
681.257237	7722.89016
681.45	7714.18629
681.642763	7678.85883
681.835526	7658.37914
682.028289	7608.20391
682.221053	7631.75555
682.413816	7558.54066
682.606579	7591.30816
682.799342	7466.38207
682.992105	7430.03062
683.184868	7501.70953
683.377632	7515.53332
683.570395	7404.94301
683.763158	7382.41535
683.955921	7400.84707
684.148684	7435.15055
684.341447	7263.12117
684.534211	7315.34438
684.726974	7315.34438
684.919737	7266.19312
685.1125	7290.76875
685.305263	7143.315
685.498026	7121.29934
685.690789	7139.21906
685.883553	7113.61945
686.076316	7034.26066
686.269079	7035.79664
686.461842	7034.26066
686.654605	7041.94055
686.847368	7053.20437
687.040132	6900.6307
687.232895	7088.01984
687.425658	7003.02914
687.618421	6947.73398
687.811184	6811.54406
688.003947	6927.76629
688.196711	6902.16668
688.389474	6886.80691
688.582237	6878.61504
688.775	6741.91313
688.967763	6823.31988
689.160526	6699.41777
689.353289	6656.92242
689.546053	6641.05066
689.738816	6636.44273
689.931579	6529.94836
690.124342	6602.65125
690.317105	6579.09961
690.509868	6410.14219
690.702632	6516.12457
690.895395	6492.57293
691.088158	6545.82012
691.280921	6454.17352
691.473684	6437.27777
691.666447	6456.73348
691.859211	6385.05457
692.051974	6326.17547
692.244737	6329.75941
692.4375	6327.19945
692.630263	6313.88766
692.823026	6330.27141
693.015789	6200.73738
693.208553	6206.3693
693.401316	6231.45691
693.594079	6117.28266
693.786842	6037.41187
693.979605	6136.22637
694.172368	6085.53914
694.365132	6107.5548
694.557895	6117.28266
694.750658	5965.73297
694.943421	5970.3409
695.136184	5979.55676
695.328947	5967.26895
695.521711	5995.94051
695.714474	5871.01441
695.907237	5874.08637
696.1	5806.5034
696.292763	5751.72023
696.485526	5775.27188
696.678289	5744.04035
696.871053	5743.52836
697.063816	5702.05699
697.256579	5749.67227
697.449342	5732.26453
697.642105	5638.05797
697.834868	5629.86609
698.027632	5585.83477
698.220395	5549.99531
698.413158	5575.08293
698.605921	5533.61156
698.798684	5533.61156
698.991447	5476.26844
699.184211	5369.77406
699.376974	5416.36535
699.569737	5444.01293
699.7625	5411.75742
699.955263	5400.49359
700.148026	5332.39863
700.340789	5347.7584
700.533553	5332.39863
700.726316	5346.73441
700.919079	5194.16074
701.111842	5142.96152
701.304605	5215.15242
701.497368	5162.92922
701.690132	5173.16906
701.882895	5116.84992
702.075658	5055.92285
702.268421	5004.21164
702.461184	5056.94684
702.653947	4970.93215
702.846711	5050.29094
703.039474	4984.24395
703.232237	4976.05207
703.425	4951.47645
703.617763	4977.58805
703.810526	4906.42113
704.003289	4836.2782
704.196053	4782.51902
704.388816	4869.0457
704.581579	4805.04668
704.774342	4754.87145
704.967105	4765.11129
705.159868	4615.60957
705.352632	4698.5523
705.545395	4684.72852
705.738158	4664.24883
705.930921	4590.52195
706.123684	4484.02758
706.316447	4604.85773
706.509211	4618.68152
706.701974	4398.01289
706.894737	4545.46664
707.0875	4476.85969
707.280263	4412.34867
707.473026	4468.66781
707.665789	4425.14848
707.858553	4477.88367
708.051316	4348.86164
708.244079	4369.34133
708.436842	4304.31832
708.629605	4336.57383
708.822368	4296.12645
709.015132	4283.83863
709.207895	4266.4309
709.400658	4257.21504
709.593421	4321.21406
709.786184	4215.23168
709.978947	4188.09609
710.171711	4156.86457
710.364474	4131.26496
710.557237	4136.89687
710.75	4105.15336
710.942763	3997.12301
711.135526	3989.44312
711.328289	3955.13965
711.521053	4064.70598
711.713816	3880.90078
711.906579	3979.71527
712.099342	3998.14699
712.292105	3964.8675
712.484868	4000.70695
712.677632	3915.71625
712.870395	3850.69324
713.063158	3931.58801
713.255921	3869.63695
713.448684	3760.58262
713.641447	3695.04762
713.834211	3690.43969
714.026974	3733.44703
714.219737	3750.34277
714.4125	3678.15188
714.605263	3688.39172
714.798026	3666.88805
714.990789	3612.61687
715.183553	3619.78477
715.376316	3640.77645
715.569079	3568.07355
715.761842	3542.98594
715.954605	3556.29773
716.147368	3508.68246
716.340132	3474.89098
716.532895	3414.98789
716.725658	3475.91496
716.918421	3480.0109
717.111184	3441.09949
717.303947	3440.5875
717.496711	3359.18074
717.689474	3342.285
717.882237	3382.22039
718.075	3327.43723
718.267763	3265.48617
718.460526	3364.30066
718.653289	3327.94922
718.846053	3410.37996
719.038816	3305.42156
719.231579	3220.94285
719.424342	3194.83125
719.617105	3175.37555
719.809868	3205.58309
720.002632	3234.25465
720.195395	3224.0148
720.388158	3218.38289
720.580921	3114.96047
720.773684	3209.67902
720.966447	3113.93648
721.159211	3052.49742
721.351974	3116.49645
721.544737	2998.22625
721.7375	2997.20227
721.930263	3138.00012
722.123026	3026.38582
722.315789	3071.95313
722.508553	3080.145
722.701316	2980.30652
722.894079	2983.89047
723.086842	2964.94676
723.279605	2923.98738
723.472368	2943.95508
723.665132	2951.63496
723.857895	2916.81949
724.050658	2848.72453
724.243421	2907.09164
724.436184	2851.79648
724.628947	2818.51699
724.821711	2815.95703
725.014474	2880.46805
725.207237	2780.62957
725.4	2791.38141
725.592763	2785.74949
725.785526	2801.10926
725.978289	2713.0466
726.171053	2810.32512
726.363816	2747.35008
726.556579	2735.06227
726.749342	2712.02262
726.942105	2726.3584
727.134868	2647.5116
727.327632	2719.19051
727.520395	2642.39168
727.713158	2612.69613
727.905921	2666.45531
728.098684	2679.76711
728.291447	2541.01723
728.484211	2639.83172
728.676974	2550.23309
728.869737	2539.99324
729.0625	2594.77641
729.255263	2564.56887
729.448026	2472.92227
729.640789	2498.00988
729.833553	2559.44895
730.026316	2519.00156
730.219079	2500.05785
730.411842	2507.22574
730.604605	2518.48957
730.797368	2519.00156
730.990132	2443.22672
731.182895	2441.69074
731.375658	2489.30602
731.568421	2375.64375
731.761184	2380.25168
731.953947	2308.57277
732.146711	2456.02652
732.339474	2470.8743
732.532237	2351.06812
732.725	2350.55613
732.917763	2344.92422
733.110526	2353.62809
733.303289	2255.83758
733.496053	2335.70836
733.688816	2310.10875
733.881579	2294.23699
734.074342	2339.8043
734.267105	2319.32461
734.459868	2260.44551
734.652632	2308.57277
734.845395	2251.74164
735.038158	2194.39852
735.230921	2263.51746
735.423684	2229.21398
735.616447	2226.14203
735.809211	2282.46117
736.001974	2231.77395
736.194737	2272.22133
736.3875	2170.84687
736.580263	2191.83855
736.773026	2116.06371
736.965789	2272.22133
737.158553	2077.1523
737.351316	2114.01574
737.544079	2134.49543
737.736842	2079.20027
737.929605	2118.11168
738.122368	2071.0084
738.315132	2057.18461
738.507895	2148.83121
738.700658	2117.0877
738.893421	2056.16063
739.086184	2028.51305
739.278947	2008.54535
739.471711	2064.86449
739.664474	2039.26488
739.857237	2082.27223
740.05	1943.52234
740.242763	2098.65598
740.435526	2029.02504
740.628289	2035.68094
740.821053	1992.67359
741.013816	2098.65598
741.206579	1974.75387
741.399342	2038.2409
741.592105	2031.07301
741.784868	1964.00203
741.977632	1954.27418
742.170395	2036.19293
742.363158	2036.70492
742.555921	1987.55367
742.748684	1898.46703
742.941447	1888.73918
743.134211	1955.29816
743.326974	1877.47535
743.519737	1963.49004
743.7125	1864.67555
743.905263	1858.01965
744.098026	1839.58793
744.290789	1969.12195
744.483553	1868.25949
744.676316	1851.87574
744.869079	1917.92273
745.061842	1911.26684
745.254605	1811.42836
745.447368	1891.81113
745.640132	1819.10824
745.832895	1820.13223
746.025658	1819.10824
746.218421	1803.23648
746.411184	1864.16355
746.603947	1828.83609
746.796711	1847.7798
746.989474	1856.48367
747.182237	1800.16453
747.375	1883.10727
747.567763	1844.70785
747.760526	1773.54094
747.953289	1820.64422
748.146053	1779.17285
748.338816	1847.7798
748.531579	1811.94035
748.724342	1770.46898
748.917105	1762.27711
749.109868	1807.33242
749.302632	1769.95699
749.495395	1724.90168
749.688158	1802.2125
749.880921	1725.41367
750.073684	1683.43031
750.266447	1680.35836
750.459211	1715.68582
750.651974	1714.14984
750.844737	1812.45234
751.0375	1732.58156
751.230263	1680.87035
751.423026	1749.9893
751.615789	1764.32508
751.808553	1719.26977
752.001316	1693.67016
752.194079	1706.46996
752.386842	1796.06859
752.579605	1732.06957
752.772368	1630.69512
752.965132	1705.95797
753.157895	1741.28543
753.350658	1676.77441
753.543421	1701.86203
753.736184	1743.3334
753.928947	1741.28543
754.121711	1652.19879
754.314474	1681.38234
754.507237	1634.27906
754.7	1694.69414
754.892763	1642.47094
755.085526	1640.42297
755.278289	1612.2634
755.471053	1629.67113
755.663816	1741.28543
755.856579	1657.31871
756.049342	1660.90266
756.242105	1647.07887
756.434868	1633.25508
756.627632	1648.61484
756.820395	1657.31871
757.013158	1655.27074
757.205921	1595.36766
757.398684	1655.78273
757.591447	1634.27906
757.784211	1715.68582
757.976974	1651.1748
758.169737	1599.46359
758.3625	1634.27906
758.555263	1612.77539
758.748026	1587.68777
758.940789	1591.27172
759.133553	1617.38332
759.326316	1599.46359
759.519079	1585.12781
759.711842	1653.22277
759.904605	1594.34367
760.097368	1629.67113
760.290132	1644.00691
760.482895	1560.55219
760.675658	1575.91195
760.868421	1594.34367
761.061184	1639.91098
761.253947	1600.99957
761.446711	1522.66477
761.639474	1540.0725
761.832237	1593.31969
762.025	1620.45527
762.217763	1619.94328
762.410526	1607.65547
762.603289	1607.14348
762.796053	1515.49687
762.988816	1422.3143
763.181579	1431.53016
763.374342	1413.09844
763.567105	1382.8909
763.759868	1446.37793
763.952632	1372.65105
764.145395	1410.53848
764.338158	1412.07445
764.530921	1374.69902
764.723684	1268.20465
764.916447	1313.77195
765.109211	1282.02844
765.301974	1241.58105
765.494737	1307.11605
765.6875	1228.26926
765.880263	1192.4298
766.073026	1231.34121
766.265789	1207.78957
766.458553	1173.48609
766.651316	1250.79691
766.844079	1207.78957
767.036842	1250.28492
767.229605	1317.86789
767.422368	1358.82727
767.615132	1383.40289
767.807895	1428.4582
768.000658	1485.28934
768.193421	1556.45625
768.386184	1582.56785
768.578947	1660.39066
768.771711	1731.04559
768.964474	1736.6775
769.157237	1830.37207
769.35	1883.61926
769.542763	2183.64668
769.735526	2311.13273
769.928289	2712.53461
770.121053	3225.03879
770.313816	3929.02805
770.506579	5073.84258
770.699342	6725.52938
770.892105	8774.01012
771.084868	11283.2838
771.277632	13918.5076
771.470395	15250.1993
771.663158	15847.6942
771.855921	15255.8312
772.048684	13794.0935
772.241447	11546.4478
772.434211	9543.53437
772.626974	8020.35762
772.819737	7120.78734
773.0125	6298.0159
773.205263	5860.26258
773.398026	5411.75742
773.590789	5145.00949
773.783553	4873.14164
773.976316	4587.45
774.169079	4353.98156
774.361842	3915.20426
774.554605	3699.14355
774.747368	3491.27473
774.940132	2956.24289
775.132895	2726.3584
775.325658	2323.42055
775.518421	2201.56641
775.711184	1952.7382
775.903947	1846.75582
776.096711	1757.15719
776.289474	1605.09551
776.482237	1522.66477
776.675	1504.74504
776.867763	1475.04949
777.060526	1369.06711
777.253289	1391.08277
777.446053	1401.32262
777.638816	1370.60309
777.831579	1276.39652
778.024342	1214.95746
778.217105	1272.30059
778.409868	1204.71762
778.602632	1229.80523
778.795395	1103.34316
778.988158	1190.38184
779.180921	1181.16598
779.373684	1189.35785
779.566447	1131.50273
779.759211	1148.39848
779.951974	1063.91977
780.144737	1117.16695
780.3375	1109.99906
780.530263	1100.27121
780.723026	1042.41609
780.915789	1058.79984
781.108553	1103.34316
781.301316	1039.85613
781.494079	1064.94375
781.686842	1022.96039
781.879605	1111.53504
782.072368	983.536992
782.265132	1008.62461
782.457895	999.40875
782.650658	930.801797
782.843421	1057.77586
783.036184	953.841445
783.228947	995.312812
783.421711	940.529648
783.614474	905.71418
783.807237	929.26582
784	955.377422
784.192763	918.001992
784.385526	828.915352
784.578289	950.2575
784.771053	946.673555
784.963816	936.945703
785.156579	893.426367
785.349342	902.642227
785.542105	921.073945
785.734868	923.121914
785.927632	919.025977
786.120395	902.130234
786.313158	890.866406
786.505921	826.355391
786.698684	879.090586
786.891447	797.171836
787.084211	863.73082
787.276974	844.787109
787.469737	844.787109
787.6625	855.026953
787.855263	862.706836
788.048026	873.458672
788.240789	809.459648
788.433553	876.530625
788.626316	807.923672
788.819079	824.307422
789.011842	808.435664
789.204605	854.002969
789.397368	786.42
789.590132	848.371055
789.782895	816.627539
789.975658	809.971641
790.168421	755.188477
790.361184	757.236445
790.553947	777.204141
790.746711	703.477266
790.939474	728.052891
791.132237	733.684805
791.325	707.573203
791.517763	793.587891
791.710526	696.309375
791.903289	733.684805
792.096053	723.444961
792.288816	753.140508
792.481579	686.581523
792.674342	725.49293
792.867105	745.972617
793.059868	745.460625
793.252632	695.797383
793.445395	707.573203
793.638158	690.165469
793.830921	704.50125
794.023684	731.124844
794.216447	719.349023
794.409211	617.97457
794.601974	703.989258
794.794737	650.74207
794.9875	624.118477
795.180263	658.421953
795.373026	658.421953
795.565789	593.910937
795.758553	748.532578
795.951316	667.637813
796.144079	543.735703
796.336842	663.029883
796.529605	689.141484
796.722368	633.846328
796.915132	657.909961
797.107895	630.262383
797.300658	647.670117
797.493421	621.046523
797.686184	571.895273
797.878947	648.182109
798.071711	578.551172
798.264474	519.67207
798.457237	582.647109
798.65	590.838984
798.842763	586.231055
799.035526	581.623125
799.228289	557.0475
799.421053	615.926602
799.613816	578.551172
799.806579	602.102813
799.999342	540.66375
800.192105	566.775352
800.384868	573.43125
800.577632	532.471875
800.770395	591.862969
800.963158	571.895273
801.155921	542.199727
801.348684	525.303984
801.541447	551.415586
801.734211	512.50418
801.926974	571.383281
802.119737	563.191406
802.3125	522.232031
802.505263	489.976523
802.698026	450.041133
802.890789	554.999531
803.083553	426.489492
803.276316	519.160078
803.469079	519.160078
803.661842	549.367617
803.854605	488.952539
804.047368	545.783672
804.240132	498.168398
804.432895	575.479219
804.625658	524.791992
804.818421	474.104766
805.011184	450.553125
805.203947	492.536484
805.396711	458.233008
805.589474	479.73668
805.782237	500.728359
805.975	478.712695
806.167763	513.528164
806.360526	414.20168
806.553289	457.209023
806.746053	495.096445
806.938816	432.121406
807.131579	511.992188
807.324342	443.385234
807.517105	459.768984
807.709868	500.216367
807.902632	473.080781
808.095395	465.400898
808.288158	479.73668
808.480921	443.385234
808.673684	364.026445
808.866447	471.544805
809.059211	439.801289
809.251974	444.921211
809.444737	432.121406
809.6375	424.953516
809.830263	426.489492
810.023026	381.43418
810.215789	469.496836
810.408553	379.898203
810.601316	457.209023
810.794079	360.954492
810.986842	374.266289
811.179605	374.266289
811.372368	411.129727
811.565132	390.138047
811.757895	343.034766
811.950658	355.322578
812.143421	370.170352
812.336184	389.626055
812.528947	420.857578
812.721711	425.465508
812.914474	339.45082
813.107237	360.4425
813.3	371.706328
813.492763	373.754297
813.685526	423.417539
813.878289	403.449844
814.071053	328.186992
814.263816	362.490469
814.456579	372.21832
814.649342	346.106719
814.842105	353.786602
815.034868	395.769961
815.227632	309.755273
815.420395	437.75332
815.613158	397.305938
815.805921	319.995117
815.998684	296.955469
816.191447	313.339219
816.384211	374.266289
816.576974	339.45082
816.769737	339.45082
816.9625	408.057773
817.155263	350.202656
817.348026	431.097422
817.540789	263.675977
817.733553	313.851211
817.926316	332.28293
818.119079	369.146367
818.311842	361.466484
818.504605	314.363203
818.697368	273.91582
818.890132	412.665703
819.082895	296.955469
819.275658	294.9075
819.468421	333.306914
819.661184	355.83457
819.853947	337.402852
820.046711	371.706328
820.239474	316.923164
820.432237	296.443477
820.625	346.618711
820.817763	330.746953
821.010526	357.882539
821.203289	269.307891
821.396053	321.531094
821.588816	277.499766
821.781579	347.642695
821.974342	381.946172
822.167105	298.491445
822.359868	254.972109
822.552632	261.628008
822.745395	275.963789
822.938158	279.035742
823.130921	342.010781
823.323684	228.860508
823.516447	291.323555
823.709211	297.467461
823.901974	315.89918
824.094737	289.787578
824.2875	306.171328
824.480263	220.156641
824.673026	293.883516
824.865789	215.548711
825.058553	267.771914
825.251316	306.68332
825.444079	247.292227
825.636842	291.835547
825.829605	272.379844
826.022368	257.020078
826.215132	274.939805
826.407895	225.788555
826.600658	293.883516
826.793421	321.019102
826.986184	253.948125
827.178947	240.124336
827.371711	249.340195
827.564474	292.859531
827.757237	299.003438
827.95	288.251602
828.142763	232.956445
828.335526	279.547734
828.528289	293.883516
828.721053	247.292227
828.913816	217.084688
829.106579	257.53207
829.299342	249.852188
829.492105	329.210977
829.684868	229.3725
829.877632	264.187969
830.070395	211.964766
830.263158	234.492422
830.455921	305.659336
830.648684	251.388164
830.841447	178.173281
831.034211	279.035742
831.226974	199.676953
831.419737	311.29125
831.6125	185.853164
831.805263	235.004414
831.998026	278.011758
832.190789	226.812539
832.383553	256.508086
832.576316	220.156641
832.769079	300.539414
832.961842	279.547734
833.154605	293.371523
833.347368	244.732266
833.540132	251.388164
833.732895	164.349492
833.925658	163.8375
834.118421	204.796875
834.311184	278.011758
834.503947	226.300547
834.696711	236.540391
834.889474	232.956445
835.082237	237.564375
835.275	183.293203
835.467763	197.116992
835.660526	206.844844
835.853289	222.716602
836.046053	203.260898
836.238816	201.724922
836.431579	200.700937
836.624342	260.604023
836.817105	190.973086
837.009868	220.668633
837.202632	169.981406
837.395395	203.260898
837.588158	253.948125
837.780921	217.59668
837.973684	227.836523
838.166447	155.645625
838.359211	254.460117
838.551974	198.652969
838.744737	223.740586
838.9375	160.253555
839.130263	165.373477
839.323026	193.021055
839.515789	239.100352
839.708553	161.277539
839.901316	204.284883
840.094079	234.492422
840.286842	211.964766
840.479605	224.252578
840.672368	245.75625
840.865132	143.869805
841.057895	167.933437
841.250658	197.116992
841.443421	198.140977
841.636184	184.317188
841.828947	173.053359
842.021711	241.14832
842.214474	223.228594
842.407237	141.309844
842.6	217.084687
842.792763	199.676953
842.985526	234.492422
843.178289	231.420469
843.371053	187.389141
843.563816	225.788555
843.756579	186.877148
843.949342	152.06168
844.142105	209.916797
844.334868	163.325508
844.527632	182.269219
844.720395	227.836523
844.913158	216.572695
845.105921	157.693594
845.298684	146.941758
845.491447	187.901133
845.684211	158.205586
845.876974	135.165937
846.069737	150.525703
846.2625	167.421445
846.455263	206.844844
846.648026	186.877148
846.840789	161.277539
847.033553	173.053359
847.226316	144.893789
847.419079	164.861484
847.611842	173.053359
847.804605	183.293203
847.997368	158.717578
848.190132	174.077344
848.382895	232.444453
848.575658	134.653945
848.768421	130.046016
848.961184	143.869805
849.153947	176.637305
849.346711	200.188945
849.539474	180.733242
849.732237	169.981406
849.925	186.877148
850.117763	163.8375
850.310526	135.67793
850.503289	142.333828
850.696053	164.349492
850.888816	121.342148
851.081579	164.861484
851.274342	125.950078
851.467105	161.277539
851.659868	160.253555
851.852632	125.950078
852.045395	152.06168
852.238158	90.6226172
852.430921	134.141953
852.623684	154.621641
852.816447	137.725898
853.009211	182.781211
853.201974	159.741562
853.394737	145.405781
853.5875	133.629961
853.780263	139.773867
853.973026	113.662266
854.165789	151.037695
854.358553	205.820859
854.551316	96.7665234
854.744079	214.524727
854.936842	176.125312
855.129605	166.397461
855.322368	70.1429297
855.515132	116.734219
855.707895	173.053359
855.900658	111.614297
856.093421	124.926094
856.286184	173.565352
856.478947	138.749883
856.671711	129.534023
856.864474	142.333828
857.057237	89.5986328
857.25	157.693594
857.442763	151.037695
857.635526	227.836523
857.828289	166.397461
858.021053	159.741562
858.213816	173.053359
858.406579	109.054336
858.599342	177.149297
858.792105	123.902109
858.984868	162.301523
859.177632	136.189922
859.370395	150.013711
859.563158	94.2065625
859.755921	181.245234
859.948684	84.9907031
860.141447	118.270195
860.334211	136.701914
860.526974	131.581992
860.719737	137.213906
860.9125	151.037695
861.105263	90.110625
861.298026	106.494375
861.490789	82.4307422
861.683553	117.758203
861.876316	102.91043
862.069079	81.4067578
862.261842	121.342148
862.454605	174.077344
862.647368	87.0386719
862.840132	138.749883
863.032895	100.862461
863.225658	109.566328
863.418421	159.22957
863.611184	120.830156
863.803947	118.782187
863.996711	129.534023
864.189474	200.188945
864.382237	117.246211
864.575	182.781211
864.767763	182.781211
864.960526	149.501719
865.153289	104.958398
865.346053	107.518359
865.538816	120.318164
865.731579	143.357812
865.924342	96.7665234
866.117105	124.414102
866.309868	99.3264844
866.502632	128.510039
866.695395	120.318164
866.888158	211.452773
867.080921	167.933438
867.273684	89.5986328
867.466447	95.7425391
867.659211	139.261875
867.851974	106.494375
868.044737	56.8311328
868.2375	152.573672
868.430263	69.6309375
868.623026	79.8707812
868.815789	92.6705859
869.008553	159.741563
869.201316	91.1346094
869.394079	92.6705859
869.586842	151.549687
869.779605	113.150273
869.972368	73.2148828
870.165132	108.542344
870.357895	127.486055
870.550658	127.486055
870.743421	142.84582
870.936184	113.150273
871.128947	153.597656
871.321711	142.84582
871.514474	163.8375
871.707237	27.1355859
871.9	73.726875
872.092763	119.806172
872.285526	117.758203
872.478289	87.0386719
872.671053	100.862461
872.863816	62.9750391
873.056579	142.333828
873.249342	119.29418
873.442105	78.8467969
873.634868	129.534023
873.827632	79.8707813
874.020395	57.8551172
874.213158	133.629961
874.405921	80.8947656
874.598684	120.830156
874.791447	89.5986328
874.984211	126.974063
875.176974	80.3827734
875.369737	124.926094
875.5625	80.3827734
875.755263	93.6945703
875.948026	143.869805
876.140789	34.8154688
876.333553	94.7185547
876.526316	70.6549219
876.719079	95.2305469
876.911842	120.830156
877.104605	131.581992
877.297368	152.06168
877.490132	53.7591797
877.682895	78.8467969
877.875658	140.285859
878.068421	57.343125
878.261184	110.590313
878.453947	110.590312
878.646711	111.102305
878.839474	157.693594
879.032237	90.110625
879.225	70.1429297
879.417763	132.093984
879.610526	111.102305
879.803289	114.68625
879.996053	113.150273
880.188816	73.2148828
880.381579	109.566328
880.574342	91.6466016
880.767105	57.8551172
880.959868	158.717578
881.152632	54.2711719
881.345395	87.5506641
881.538158	67.5829688
881.730921	117.246211
881.923684	127.486055
882.116447	110.590312
882.309211	114.68625
882.501974	44.5433203
882.694737	133.629961
882.8875	52.7351953
883.080263	66.5589844
883.273026	48.6392578
883.465789	117.758203
883.658553	121.342148
883.851316	92.1585937
884.044079	131.07
884.236842	119.29418
884.429605	78.3348047
884.622368	121.854141
884.815132	102.91043
885.007895	84.9907031
885.200658	130.046016
885.393421	36.8634375
885.586184	87.0386719
885.778947	68.6069531
885.971711	86.5266797
886.164474	55.2951563
886.357237	72.7028906
886.55	95.7425391
886.742763	96.7665234
886.935526	71.6789062
887.128289	109.054336
887.321053	56.8311328
887.513816	110.590313
887.706579	89.0866406
887.899342	117.758203
888.092105	68.0949609
888.284868	89.5986328
888.477632	150.013711
888.670395	63.9990234
888.863158	31.2315234
889.055921	53.7591797
889.248684	97.2785156
889.441447	68.6069531
889.634211	113.150273
889.826974	116.222227
890.019737	50.6872266
890.2125	94.7185547
890.405263	68.0949609
890.598026	66.5589844
890.790789	95.7425391
890.983553	49.15125
891.176316	61.9510547
891.369079	80.8947656
891.561842	86.0146875
891.754605	102.398437
891.947368	45.5673047
892.140132	26.1116016
892.332895	59.9030859
892.525658	91.1346094
892.718421	42.4953516
892.911184	68.6069531
893.103947	48.6392578
893.296711	59.9030859
893.489474	74.7508594
893.682237	69.6309375
893.875	90.6226172
894.067763	102.398437
894.260526	36.8634375
894.453289	119.806172
894.646053	122.878125
894.838816	51.7112109
895.031579	15.3597656
895.224342	103.934414
895.417105	110.590312
895.609868	45.0553125
895.802632	81.91875
895.995395	86.5266797
896.188158	103.934414
896.380921	33.7914844
896.573684	12.7998047
896.766447	56.3191406
896.959211	17.4077344
897.151974	73.726875
897.344737	43.5193359
897.5375	30.7195312
897.730263	80.8947656
897.923026	52.7351953
898.115789	35.8394531
898.308553	157.181602
898.501316	22.0156641
898.694079	66.5589844
898.886842	62.4630469
899.079605	53.7591797
899.272368	82.9427344
899.465132	22.0156641
899.657895	10.2398438
899.850658	-11.2638281
900.043421	13.3117969
900.236184	13.3117969
900.428947	-4.60792969
900.621711	72.7028906
900.814474	6.65589844
901.007237	54.2711719
901.2	65.0230078
901.392763	51.7112109
901.585526	113.662266
901.778289	29.1835547
901.971053	103.934414
902.163816	60.4150781
902.356579	61.4390625
902.549342	109.566328
902.742105	-15.8717578
902.934868	10.2398438
903.127632	5.11992187
903.320395	17.9197266
903.513158	45.5673047
903.705921	69.1189453
903.898684	66.0469922
904.091447	108.542344
904.284211	46.0792969
904.476974	2.04796875
904.669737	33.2794922
904.8625	55.2951562
905.055263	25.5996094
905.248026	-16.38375
905.440789	106.494375
905.633553	-23.0396484
905.826316	91.6466016
906.019079	12.2878125
906.211842	16.38375
906.404605	62.9750391
906.597368	62.9750391
906.790132	61.4390625
906.982895	55.2951563
907.175658	92.1585937
907.368421	36.3514453
907.561184	5.63191406
907.753947	30.2075391
907.946711	-34.3034766
908.139474	56.3191406
908.332237	18.9437109
908.525	-30.7195312
908.717763	113.150273
908.910526	66.5589844
909.103289	-13.3117969
909.296053	22.5276562
909.488816	82.9427344
909.681579	36.8634375
909.874342	41.9833594
910.067105	56.3191406
910.259868	27.6475781
910.452632	30.7195313
910.645395	-17.9197266
910.838158	-0.511992188
911.030921	90.110625
911.223684	30.7195312
911.416447	14.3357812
911.609211	50.1752344
911.801974	10.2398438
911.994737	3.58394531
912.1875	4.0959375
912.380263	35.8394531
912.573026	82.9427344
912.765789	52.2232031
912.958553	27.1355859
913.151316	-4.0959375
913.344079	105.470391
913.536842	8.70386719
913.729605	11.7758203
913.922368	48.1272656
914.115132	-22.5276563
914.307895	34.8154687
914.500658	61.4390625
914.693421	39.4233984
914.886184	11.7758203
915.078947	-62.9750391
915.271711	-20.9916797
915.464474	73.726875
915.657237	37.3754297
915.85	5.11992187
916.042763	53.7591797
916.235526	25.5996094
916.428289	17.4077344
916.621053	-17.9197266
916.813816	44.5433203
917.006579	7.67988281
917.199342	32.2555078
917.392105	6.65589844
917.584868	-3.07195313
917.777632	66.5589844
917.970395	10.2398438
918.163158	34.3034766
918.355921	66.0469922
918.548684	-26.1116016
918.741447	71.6789063
918.934211	-6.14390625
919.126974	-45.5673047
919.319737	37.8874219
919.5125	60.9270703
919.705263	-13.8237891
919.898026	-22.5276563
920.090789	-1.02398438
920.283553	77.8228125
920.476316	31.2315234
920.669079	-8.191875
920.861842	49.15125
921.054605	54.2711719
921.247368	-8.191875
921.440132	39.4233984
921.632895	19.9676953
921.825658	12.7998047
922.018421	-10.7518359
922.211184	55.8071484
922.403947	-4.0959375
922.596711	56.3191406
922.789474	26.1116016
922.982237	4.54747351E-13
923.175	35.3274609
923.367763	5.63191406
923.560526	5.63191406
923.753289	66.0469922
923.946053	68.0949609
924.138816	22.0156641
924.331579	-7.16789063
924.524342	41.4713672
924.717105	7.16789062
924.909868	-37.8874219
925.102632	54.7831641
925.295395	-2.55996094
925.488158	45.0553125
925.680921	-52.7351953
925.873684	47.6152734
926.066447	30.7195312
926.259211	-2.04796875
926.451974	0
926.644737	22.5276562
926.8375	26.1116016
927.030263	27.1355859
927.223026	-7.16789063
927.415789	23.5516406
927.608553	-9.72785156
927.801316	30.7195313
927.994079	-15.3597656
928.186842	87.0386719
928.379605	-68.6069531
928.572368	69.1189453
928.765132	0.511992188
928.957895	-1.53597656
929.150658	14.3357813
929.343421	13.3117969
929.536184	14.8477734
929.728947	2.55996094
929.921711	47.1032812
930.114474	-17.4077344
930.307237	40.959375
930.5	3.58394531
930.692763	28.1595703
930.885526	-4.60792969
931.078289	65.535
931.271053	-3.58394531
931.463816	3.07195312
931.656579	59.3910938
931.849342	49.15125
932.042105	20.9916797
932.234868	51.1992187
932.427632	-72.1908984
932.620395	-10.2398438
932.813158	79.3587891
933.005921	46.5912891
933.198684	43.0073438
933.391447	28.1595703
933.584211	39.9353906
933.776974	-19.4557031
933.969737	14.8477734
934.1625	-35.3274609
934.355263	41.9833594
934.548026	-12.7998047
934.740789	33.7914844
934.933553	81.91875
935.126316	-15.3597656
935.319079	-24.0636328
935.511842	36.3514453
935.704605	5.63191406
935.897368	43.5193359
936.090132	-12.7998047
936.282895	50.6872266
936.475658	30.2075391
936.668421	-7.67988281
936.861184	50.1752344
937.053947	33.7914844
937.246711	37.3754297
937.439474	14.8477734
937.632237	40.959375
937.825	55.8071484
938.017763	41.4713672
938.210526	-18.9437109
938.403289	-11.7758203
938.596053	57.343125
938.788816	39.9353906
938.981579	17.4077344
939.174342	-26.1116016
939.367105	-12.7998047
939.559868	-4.60792969
939.752632	-8.191875
939.945395	49.6632422
940.138158	6.65589844
940.330921	17.9197266
940.523684	78.8467969
940.716447	5.11992188
940.909211	10.7518359
941.101974	19.4557031
941.294737	59.9030859
941.4875	20.4796875
941.680263	28.6715625
941.873026	26.1116016
942.065789	90.110625
942.258553	6.14390625
942.451316	17.9197266
942.644079	-14.8477734
942.836842	39.4233984
943.029605	-9.21585937
943.222368	15.3597656
943.415132	-6.65589844
943.607895	47.1032812
943.800658	-13.3117969
943.993421	7.16789062
944.186184	32.2555078
944.378947	27.6475781
944.571711	-3.58394531
944.764474	24.0636328
944.957237	-30.7195312
945.15	-4.0959375
945.342763	68.0949609
945.535526	3.58394531
945.728289	1.53597656
945.921053	31.7435156
946.113816	-12.2878125
946.306579	-37.8874219
946.499342	7.67988281
946.692105	5.63191406
946.884868	66.0469922
947.077632	-22.0156641
947.270395	17.9197266
947.463158	-18.4317187
947.655921	-32.7675
947.848684	4.60792969
948.041447	38.9114063
948.234211	-14.8477734
948.426974	30.7195312
948.619737	12.7998047
948.8125	19.9676953
949.005263	-17.9197266
949.198026	52.2232031
949.390789	-59.3910937
949.583553	-9.72785156
949.776316	2.55996094
949.969079	-13.8237891
950.161842	27.1355859
950.354605	68.0949609
950.547368	-22.5276562
950.740132	-84.4787109
950.932895	-9.72785156
951.125658	6.65589844
951.318421	-25.0876172
951.511184	-28.6715625
951.703947	6.14390625
951.896711	-39.4233984
952.089474	-6.14390625
952.282237	-25.0876172
952.475	7.16789062
952.667763	-24.575625
952.860526	-9.21585937
953.053289	-21.5036719
953.246053	-22.5276562
953.438816	68.0949609
953.631579	10.7518359
953.824342	23.5516406
954.017105	44.5433203
954.209868	-36.3514453
954.402632	32.7675
954.595395	-2.04796875
954.788158	12.2878125
954.980921	-6.14390625
955.173684	38.9114062
955.366447	34.3034766
955.559211	8.191875
955.751974	-29.1835547
955.944737	26.1116016
956.1375	19.9676953
956.330263	-40.959375
956.523026	-26.6235938
956.715789	28.6715625
956.908553	26.6235938
957.101316	-16.38375
957.294079	35.3274609
957.486842	10.7518359
957.679605	23.0396484
957.872368	-8.70386719
958.065132	-19.9676953
958.257895	-25.5996094
958.450658	-18.9437109
958.643421	13.8237891
958.836184	47.6152734
959.028947	49.6632422
959.221711	11.2638281
959.414474	16.38375
959.607237	-34.8154688
959.8	58.8791016
959.992763	-67.0709766
960.185526	54.2711719
960.378289	-89.0866406
960.571053	-16.38375
960.763816	14.8477734
960.956579	33.2794922
961.149342	29.1835547
961.342105	-17.9197266
961.534868	-7.67988281
961.727632	-25.5996094
961.920395	16.8957422
962.113158	-23.5516406
962.305921	-20.9916797
962.498684	36.8634375
962.691447	-2.55996094
962.884211	-1.53597656
963.076974	13.3117969
963.269737	-1.02398437
963.4625	16.8957422
963.655263	42.4953516
963.848026	19.4557031
964.040789	53.7591797
964.233553	8.191875
964.426316	-27.1355859
964.619079	-40.4473828
964.811842	-11.7758203
965.004605	39.9353906
965.197368	31.7435156
965.390132	34.8154688
965.582895	27.6475781
965.775658	7.67988281
965.968421	-35.3274609
966.161184	5.11992187
966.353947	-5.11992188
966.546711	-1.02398438
966.739474	24.575625
966.932237	-6.65589844
967.125	-23.5516406
967.317763	-76.7988281
967.510526	27.6475781
967.703289	92.1585938
967.896053	37.3754297
968.088816	63.9990234
968.281579	29.6955469
968.474342	-34.3034766
968.667105	-5.63191406
968.859868	30.2075391
969.052632	-21.5036719
969.245395	8.70386719
969.438158	-4.60792969
969.630921	-16.8957422
969.823684	51.7112109
970.016447	-49.15125
970.209211	-4.0959375
970.401974	9.72785156
970.594737	11.2638281
970.7875	26.1116016
970.980263	12.2878125
971.173026	-12.7998047
971.365789	-39.4233984
971.558553	-3.07195312
971.751316	33.7914844
971.944079	71.1669141
972.136842	-24.575625
972.329605	46.0792969
972.522368	-13.8237891
972.715132	44.5433203
972.907895	-22.5276562
973.100658	53.7591797
973.293421	18.9437109
973.486184	68.0949609
973.678947	4.60792969
973.871711	2.04796875
974.064474	28.1595703
974.257237	83.4547266
974.45	54.7831641
974.642763	9.72785156
974.835526	-2.04796875
975.028289	-9.21585938
975.221053	11.7758203
975.413816	-13.3117969
975.606579	46.0792969
975.799342	12.7998047
975.992105	4.54747351E-13
976.184868	6.14390625
976.377632	40.959375
976.570395	-0.511992187
976.763158	-11.2638281
976.955921	-23.5516406
977.148684	22.0156641
977.341447	-19.9676953
977.534211	91.1346094
977.726974	3.07195313
977.919737	13.3117969
978.1125	1.02398438
978.305263	28.6715625
978.498026	-24.575625
978.690789	78.8467969
978.883553	-16.38375
979.076316	-11.2638281
979.269079	-17.4077344
979.461842	-35.8394531
979.654605	1.02398437
979.847368	58.8791016
980.040132	9.72785156
980.232895	-10.2398438
980.425658	18.4317188
980.618421	23.0396484
980.811184	39.9353906
981.003947	35.8394531
981.196711	55.2951562
981.389474	30.7195313
981.582237	-13.3117969
981.775	15.8717578
981.967763	11.7758203
982.160526	-6.65589844
982.353289	-16.8957422
982.546053	-3.58394531
982.738816	41.9833594
982.931579	52.7351953
983.124342	-3.58394531
983.317105	12.2878125
983.509868	28.6715625
983.702632	-25.0876172
983.895395	-4.0959375
984.088158	39.4233984
984.280921	-62.9750391
984.473684	4.0959375
984.666447	17.9197266
984.859211	29.1835547
985.051974	-24.0636328
985.244737	43.0073438
985.4375	-6.65589844
985.630263	-9.21585937
985.823026	-1.02398437
986.015789	-54.2711719
986.208553	16.8957422
986.401316	-63.4870313
986.594079	4.60792969
986.786842	-30.2075391
986.979605	2.04796875
987.172368	-48.1272656
987.365132	-30.2075391
987.557895	-52.2232031
987.750658	-19.9676953
987.943421	-14.8477734
988.136184	-13.3117969
988.328947	46.5912891
988.521711	25.0876172
988.714474	38.9114063
988.907237	-1.53597656
989.1	58.8791016
989.292763	-30.2075391
989.485526	6.14390625
989.678289	31.2315234
989.871053	35.3274609
990.063816	25.0876172
990.256579	22.0156641
990.449342	4.0959375
990.642105	6.14390625
990.834868	28.6715625
991.027632	-3.07195313
991.220395	29.6955469
991.413158	-13.3117969
991.605921	20.4796875
991.798684	31.2315234
991.991447	17.9197266
992.184211	-16.8957422
992.376974	9.72785156
992.569737	17.9197266
992.7625	-16.8957422
992.955263	70.6549219
993.148026	19.4557031
993.340789	-5.11992187
993.533553	5.63191406
993.726316	39.4233984
993.919079	31.2315234
994.111842	28.6715625
994.304605	-7.67988281
994.497368	-20.9916797
994.690132	-15.8717578
994.882895	70.1429297
995.075658	-18.4317188
995.268421	-16.8957422
995.461184	4.60792969
995.653947	-0.511992188
995.846711	-44.5433203
996.039474	10.2398438
996.232237	11.2638281
996.425	-5.63191406
996.617763	11.7758203
996.810526	-15.3597656
997.003289	-37.3754297
997.196053	-3.07195313
997.388816	3.58394531
997.581579	-17.4077344
997.774342	-10.2398438
997.967105	6.14390625
998.159868	40.4473828
998.352632	-23.5516406
998.545395	-0.511992187
998.738158	-62.9750391
998.930921	-24.575625
999.123684	-30.7195313
999.316447	35.3274609
999.509211	7.67988281
999.701974	9.72785156
999.894737	38.9114063
1000.0875	-38.3994141
1000.28026	60.9270703
1000.47303	25.5996094
1000.66579	10.2398438
1000.85855	-24.575625
1001.05132	9.21585938
1001.24408	21.5036719
1001.43684	-30.7195313
1001.62961	26.6235938
1001.82237	-10.2398438
1002.01513	-43.0073438
1002.20789	26.1116016
1002.40066	31.2315234
1002.59342	-5.11992188
1002.78618	20.4796875
1002.97895	-70.1429297
1003.17171	3.07195313
1003.36447	-5.11992187
1003.55724	-49.15125
1003.75	34.3034766
1003.94276	-4.60792969
1004.13553	-31.7435156
1004.32829	25.5996094
1004.52105	46.0792969
1004.71382	-46.0792969
1004.90658	-7.16789063
1005.09934	35.8394531
1005.29211	-20.4796875
1005.48487	69.6309375
1005.67763	-43.0073438
1005.87039	54.7831641
1006.06316	-35.8394531
1006.25592	-58.8791016
1006.44868	24.575625
1006.64145	-11.7758203
1006.83421	-23.0396484
1007.02697	-13.3117969
1007.21974	49.6632422
1007.4125	14.8477734
1007.60526	16.8957422
1007.79803	-12.2878125
1007.99079	66.5589844
1008.18355	28.1595703
1008.37632	-33.7914844
1008.56908	-5.11992188
1008.76184	28.6715625
1008.95461	44.5433203
1009.14737	32.7675
1009.34013	38.9114063
1009.53289	-17.9197266
1009.72566	-20.9916797
1009.91842	-5.11992187
1010.11118	-6.65589844
1010.30395	-10.2398438
1010.49671	-11.7758203
1010.68947	53.7591797
1010.88224	-40.959375
1011.075	4.0959375
1011.26776	4.60792969
1011.46053	9.72785156
1011.65329	-28.1595703
1011.84605	37.8874219
1012.03882	-7.67988281
1012.23158	25.5996094
1012.42434	-5.63191406
1012.61711	620.534531
1012.80987	-30.2075391
1013.00263	31.2315234
1013.19539	23.5516406
1013.38816	44.5433203
1013.58092	-40.959375
1013.77368	5.63191406
1013.96645	55.2951563
1014.15921	-10.7518359
1014.35197	88.5746484
1014.54474	9.21585938
1014.7375	-45.5673047
1014.93026	32.2555078
1015.12303	3.07195312
1015.31579	21.5036719
1015.50855	38.3994141
1015.70132	43.5193359
1015.89408	72.7028906
1016.08684	5.11992187
1016.27961	35.8394531
1016.47237	1.53597656
1016.66513	6.14390625
1016.85789	-8.70386719
1017.05066	-33.7914844
1017.24342	69.6309375
1017.43618	1.53597656
1017.62895	9.72785156
1017.82171	8.191875
1018.01447	32.2555078
1018.20724	4.0959375
1018.4	40.4473828
1018.59276	-5.11992188
1018.78553	-21.5036719
1018.97829	74.7508594
1019.17105	22.5276562
1019.36382	9.72785156
1019.55658	50.1752344
1019.74934	-51.7112109
1019.94211	30.2075391
1020.13487	-27.1355859
1020.32763	-81.91875
1020.52039	-22.0156641
1020.71316	12.2878125
1020.90592	-40.4473828
1021.09868	39.9353906
1021.29145	91.6466016
1021.48421	11.7758203
1021.67697	-6.65589844
1021.86974	12.2878125
1022.0625	8.191875
1022.25526	-3.07195313
1022.44803	-5.63191406
1022.64079	15.3597656
1022.83355	7.67988281
1023.02632	-19.9676953
1023.21908	18.4317188
1023.41184	-5.11992187
1023.60461	-20.9916797
1023.79737	24.0636328
1023.99013	7.67988281
1024.18289	-57.8551172
1024.37566	-16.8957422
1024.56842	-30.2075391
1024.76118	4.0959375
1024.95395	-27.1355859
1025.14671	8.70386719
1025.33947	-45.5673047
1025.53224	50.1752344
1025.725	28.6715625
1025.91776	5.63191406
1026.11053	14.3357813
1026.30329	28.6715625
1026.49605	-3.58394531
1026.68882	-10.2398437
1026.88158	79.8707812
1027.07434	-1.53597656
1027.26711	14.3357812
1027.45987	-23.0396484
1027.65263	27.6475781
1027.84539	10.7518359
1028.03816	-38.3994141
1028.23092	14.8477734
1028.42368	45.5673047
1028.61645	-26.1116016
1028.80921	4.60792969
1029.00197	-100.862461
1029.19474	-25.5996094
1029.3875	-23.0396484
1029.58026	2.04796875
1029.77303	-45.0553125
1029.96579	-28.1595703
1030.15855	22.0156641
1030.35132	-20.9916797
1030.54408	77.8228125
1030.73684	49.6632422
1030.92961	-23.0396484
1031.12237	-5.11992188
1031.31513	-14.3357812
1031.50789	37.3754297
1031.70066	-3.58394531
1031.89342	-3.07195313
1032.08618	5.11992188
1032.27895	-9.72785156
1032.47171	-2.04796875
1032.66447	44.0313281
1032.85724	78.3348047
1033.05	7.67988281
1033.24276	26.6235938
1033.43553	-4.60792969
1033.62829	43.5193359
1033.82105	24.575625
1034.01382	-35.8394531
1034.20658	3.58394531
1034.39934	2.55996094
1034.59211	17.4077344
1034.78487	18.9437109
1034.97763	23.0396484
1035.17039	-6.14390625
1035.36316	4.60792969
1035.55592	-41.4713672
1035.74868	9.72785156
1035.94145	-24.0636328
1036.13421	-53.7591797
1036.32697	7.16789062
1036.51974	-29.6955469
1036.7125	35.3274609
1036.90526	-42.4953516
1037.09803	-83.9667187
1037.29079	-57.8551172
1037.48355	19.9676953
1037.67632	-7.67988281
1037.86908	35.8394531
1038.06184	-24.0636328
1038.25461	11.7758203
1038.44737	30.7195312
1038.64013	31.2315234
1038.83289	-3.07195313
1039.02566	-0.511992187
1039.21842	52.7351953
1039.41118	-12.7998047
1039.60395	-5.11992187
1039.79671	-26.6235938
1039.98947	-56.3191406
1040.18224	25.5996094
1040.375	-7.16789063
1040.56776	83.9667188
1040.76053	22.0156641
1040.95329	-20.4796875
1041.14605	-105.470391
1041.33882	0.511992188
1041.53158	-19.9676953
1041.72434	51.1992187
1041.91711	-49.15125
1042.10987	-2.55996094
1042.30263	58.8791016
1042.49539	54.7831641
1042.68816	1.53597656
1042.88092	59.9030859
1043.07368	43.0073438
1043.26645	-41.9833594
1043.45921	17.9197266
1043.65197	28.1595703
1043.84474	25.0876172
1044.0375	55.2951563
1044.23026	7.67988281
1044.42303	0.511992188
1044.61579	71.1669141
1044.80855	95.2305469
1045.00132	14.3357813
1045.19408	-18.4317188
1045.38684	55.2951562
1045.57961	-37.8874219
1045.77237	5.11992187
1045.96513	30.2075391
1046.15789	48.6392578
1046.35066	34.3034766
1046.54342	88.0626563
1046.73618	126.46207
1046.92895	150.525703
1047.12171	269.819883
1047.31447	373.242305
1047.50724	592.374961
