344.5	18.4317188
344.692763	18.4317188
344.885526	18.4317188
345.078289	-12.2878125
345.271053	-34.8154688
345.463816	4.0959375
345.656579	-49.15125
345.849342	65.535
346.042105	36.8634375
346.234868	34.8154688
346.427632	-2.04796875
346.620395	-12.2878125
346.813158	40.959375
347.005921	-10.2398437
347.198684	55.2951563
347.391447	26.6235938
347.584211	32.7675
347.776974	-63.4870312
347.969737	77.8228125
348.1625	0
348.355263	-22.5276563
348.548026	-86.0146875
348.740789	30.7195313
348.933553	67.5829687
349.126316	-2.04796875
349.319079	79.8707813
349.511842	83.9667187
349.704605	118.782188
349.897368	-43.0073438
350.090132	69.6309375
350.282895	-53.2471875
350.475658	-4.0959375
350.668421	2.04796875
350.861184	-49.15125
351.053947	65.535
351.246711	69.6309375
351.439474	-83.9667187
351.632237	129.022031
351.825	-55.2951563
352.017763	43.0073438
352.210526	83.9667187
352.403289	-14.3357813
352.596053	26.6235938
352.788816	151.549688
352.981579	77.8228125
353.174342	81.91875
353.367105	32.7675
353.559868	38.9114063
353.752632	-90.110625
353.945395	-102.398437
354.138158	-8.191875
354.330921	-14.3357812
354.523684	36.8634375
354.716447	8.191875
354.909211	-161.789531
355.101974	34.8154688
355.294737	65.535
355.4875	-129.022031
355.680263	118.782187
355.873026	67.5829687
356.065789	47.1032813
356.258553	-2.04796875
356.451316	38.9114062
356.644079	137.213906
356.836842	47.1032813
357.029605	38.9114062
357.222368	34.8154688
357.415132	-34.8154688
357.607895	-67.5829687
357.800658	174.077344
357.993421	75.7748437
358.186184	51.1992187
358.378947	157.693594
358.571711	133.117969
358.764474	4.0959375
358.957237	-147.45375
359.15	-63.4870313
359.342763	-55.2951562
359.535526	-79.8707812
359.728289	-2.04796875
359.921053	51.1992187
360.113816	-18.4317187
360.306579	-26.6235938
360.499342	-24.575625
360.692105	-32.7675
360.884868	-24.575625
361.077632	53.2471875
361.270395	106.494375
361.463158	2.04796875
361.655921	100.350469
361.848684	124.926094
362.041447	-118.782187
362.234211	24.575625
362.426974	-18.4317188
362.619737	38.9114063
362.8125	49.15125
363.005263	-24.575625
363.198026	51.1992187
363.390789	18.4317188
363.583553	118.782187
363.776316	-108.542344
363.969079	106.494375
364.161842	51.1992187
364.354605	12.2878125
364.547368	61.4390625
364.740132	-92.1585937
364.932895	6.14390625
365.125658	63.4870313
365.318421	53.2471875
365.511184	-49.15125
365.703947	-116.734219
365.896711	12.2878125
366.089474	-79.8707813
366.282237	6.14390625
366.475	2.04796875
366.667763	-43.0073438
366.860526	55.2951562
367.053289	126.974062
367.246053	-51.1992187
367.438816	34.8154688
367.631579	-34.8154688
367.824342	-96.2545313
368.017105	-45.0553125
368.209868	83.9667187
368.402632	135.165938
368.595395	-108.542344
368.788158	-94.2065625
368.980921	-47.1032813
369.173684	30.7195312
369.366447	-6.14390625
369.559211	-186.365156
369.751974	30.7195312
369.944737	118.782187
370.1375	-49.15125
370.330263	-51.1992187
370.523026	102.398437
370.715789	-22.5276562
370.908553	-14.3357813
371.101316	-75.7748437
371.294079	-102.398437
371.486842	79.8707813
371.679605	69.6309375
371.872368	-67.5829687
372.065132	-14.3357812
372.257895	67.5829687
372.450658	92.1585937
372.643421	-49.15125
372.836184	-88.0626562
373.028947	8.191875
373.221711	-49.15125
373.414474	22.5276562
373.607237	-10.2398438
373.8	-92.1585937
373.992763	-4.0959375
374.185526	47.1032813
374.378289	18.4317188
374.571053	26.6235938
374.763816	-40.959375
374.956579	59.3910937
375.149342	-88.0626563
375.342105	18.4317188
375.534868	-30.7195313
375.727632	34.8154687
375.920395	-73.726875
376.113158	-131.07
376.305921	147.45375
376.498684	-53.2471875
376.691447	-16.38375
376.884211	-38.9114062
377.076974	106.494375
377.269737	20.4796875
377.4625	-131.07
377.655263	96.2545313
377.848026	59.3910937
378.040789	77.8228125
378.233553	10.2398438
378.426316	45.0553125
378.619079	38.9114062
378.811842	69.6309375
379.004605	6.14390625
379.197368	61.4390625
379.390132	61.4390625
379.582895	4.0959375
379.775658	-22.5276563
379.968421	-24.575625
380.161184	-30.7195313
380.353947	2.04796875
380.546711	28.6715625
380.739474	116.734219
380.932237	-12.2878125
381.125	-61.4390625
381.317763	63.4870312
381.510526	0
381.703289	16.38375
381.896053	-55.2951563
382.088816	-16.38375
382.281579	-155.645625
382.474342	-51.1992187
382.667105	2.04796875
382.859868	34.8154688
383.052632	69.6309375
383.245395	-81.91875
383.438158	-28.6715625
383.630921	-145.405781
383.823684	-40.959375
384.016447	83.9667187
384.209211	61.4390625
384.401974	30.7195313
384.594737	98.3025
384.7875	-38.9114062
384.980263	94.2065625
385.173026	-34.8154688
385.365789	-14.3357813
385.558553	88.0626562
385.751316	-36.8634375
385.944079	79.8707813
386.136842	-100.350469
386.329605	-98.3025
386.522368	22.5276562
386.715132	-32.7675
386.907895	-75.7748437
387.100658	24.575625
387.293421	26.6235938
387.486184	59.3910937
387.678947	16.38375
387.871711	49.15125
388.064474	-32.7675
388.257237	-34.8154688
388.45	-26.6235938
388.642763	-73.726875
388.835526	10.2398438
389.028289	-36.8634375
389.221053	45.0553125
389.413816	40.959375
389.606579	-53.2471875
389.799342	-26.6235938
389.992105	53.2471875
390.184868	75.7748437
390.377632	-34.8154687
390.570395	49.15125
390.763158	-51.1992187
390.955921	-4.0959375
391.148684	-43.0073438
391.341447	-57.343125
391.534211	-10.2398438
391.726974	43.0073438
391.919737	-40.959375
392.1125	24.575625
392.305263	6.14390625
392.498026	34.8154688
392.690789	-129.022031
392.883553	-12.2878125
393.076316	-2.04796875
393.269079	-55.2951562
393.461842	12.2878125
393.654605	126.974062
393.847368	143.357813
394.040132	53.2471875
394.232895	-71.6789062
394.425658	-53.2471875
394.618421	24.575625
394.811184	0
395.003947	34.8154688
395.196711	-67.5829687
395.389474	-40.959375
395.582237	-88.0626563
395.775	-18.4317188
395.967763	-6.14390625
396.160526	20.4796875
396.353289	-20.4796875
396.546053	-131.07
396.738816	-12.2878125
396.931579	-32.7675
397.124342	4.0959375
397.317105	6.14390625
397.509868	-40.959375
397.702632	102.398437
397.895395	-20.4796875
398.088158	14.3357812
398.280921	-16.38375
398.473684	94.2065625
398.666447	75.7748437
398.859211	20.4796875
399.051974	-45.0553125
399.244737	-88.0626562
399.4375	-57.343125
399.630263	116.734219
399.823026	49.15125
400.015789	-63.4870313
400.208553	77.8228125
400.401316	-65.535
400.594079	-10.2398438
400.786842	-77.8228125
400.979605	196.605
401.172368	96.2545313
401.365132	145.405781
401.557895	18.4317188
401.750658	120.830156
401.943421	112.638281
402.136184	-16.38375
402.328947	-34.8154688
402.521711	-26.6235938
402.714474	12.2878125
402.907237	112.638281
403.1	-94.2065625
403.292763	32.7675
403.485526	8.191875
403.678289	8.191875
403.871053	-6.14390625
404.063816	14.3357813
404.256579	34.8154688
404.449342	-73.726875
404.642105	24.575625
404.834868	-2.04796875
405.027632	22.5276563
405.220395	-40.959375
405.413158	-120.830156
405.605921	26.6235938
405.798684	69.6309375
405.991447	57.343125
406.184211	-16.38375
406.376974	-26.6235938
406.569737	38.9114063
406.7625	-38.9114062
406.955263	110.590312
407.148026	20.4796875
407.340789	49.15125
407.533553	-12.2878125
407.726316	-8.191875
407.919079	6.14390625
408.111842	-18.4317188
408.304605	12.2878125
408.497368	-51.1992187
408.690132	-112.638281
408.882895	22.5276562
409.075658	32.7675
409.268421	51.1992187
409.461184	88.0626563
409.653947	94.2065625
409.846711	129.022031
410.039474	-59.3910937
410.232237	106.494375
410.425	26.6235938
410.617763	71.6789063
410.810526	8.191875
411.003289	34.8154688
411.196053	-51.1992187
411.388816	-22.5276562
411.581579	-137.213906
411.774342	-20.4796875
411.967105	-32.7675
412.159868	-81.91875
412.352632	-77.8228125
412.545395	-40.959375
412.738158	26.6235938
412.930921	-30.7195312
413.123684	-57.343125
413.316447	20.4796875
413.509211	-231.420469
413.701974	-28.6715625
413.894737	-116.734219
414.0875	-96.2545312
414.280263	43.0073438
414.473026	-6.14390625
414.665789	-10.2398438
414.858553	-20.4796875
415.051316	-38.9114063
415.244079	16.38375
415.436842	-16.38375
415.629605	75.7748437
415.822368	34.8154688
416.015132	10.2398438
416.207895	36.8634375
416.400658	-8.191875
416.593421	16.38375
416.786184	32.7675
416.978947	-24.575625
417.171711	-71.6789062
417.364474	-14.3357812
417.557237	-57.343125
417.75	-40.959375
417.942763	-47.1032813
418.135526	-69.6309375
418.328289	53.2471875
418.521053	2.04796875
418.713816	51.1992187
418.906579	-51.1992187
419.099342	-24.575625
419.292105	151.549687
419.484868	30.7195312
419.677632	-40.959375
419.870395	71.6789063
420.063158	90.110625
420.255921	-4.0959375
420.448684	-30.7195312
420.641447	-67.5829687
420.834211	-12.2878125
421.026974	-49.15125
421.219737	-75.7748437
421.4125	71.6789063
421.605263	-131.07
421.798026	55.2951563
421.990789	67.5829687
422.183553	-43.0073438
422.376316	6.14390625
422.569079	-30.7195312
422.761842	8.191875
422.954605	34.8154688
423.147368	40.959375
423.340132	0
423.532895	79.8707813
423.725658	-8.191875
423.918421	51.1992187
424.111184	79.8707813
424.303947	-40.959375
424.496711	67.5829687
424.689474	75.7748437
424.882237	104.446406
425.075	-8.191875
425.267763	-32.7675
425.460526	26.6235938
425.653289	-2.04796875
425.846053	49.15125
426.038816	14.3357813
426.231579	24.575625
426.424342	10.2398438
426.617105	-73.726875
426.809868	-110.590312
427.002632	53.2471875
427.195395	63.4870313
427.388158	-38.9114062
427.580921	-53.2471875
427.773684	83.9667187
427.966447	-81.91875
428.159211	-16.38375
428.351974	-26.6235938
428.544737	53.2471875
428.7375	-47.1032812
428.930263	-32.7675
429.123026	14.3357812
429.315789	-122.878125
429.508553	-83.9667188
429.701316	-36.8634375
429.894079	-6.14390625
430.086842	-30.7195313
430.279605	-88.0626563
430.472368	32.7675
430.665132	-61.4390625
430.857895	-149.501719
431.050658	63.4870312
431.243421	43.0073438
431.436184	-63.4870313
431.628947	-59.3910937
431.821711	-18.4317188
432.014474	32.7675
432.207237	-8.191875
432.4	-141.309844
432.592763	18.4317188
432.785526	94.2065625
432.978289	51.1992187
433.171053	-28.6715625
433.363816	-12.2878125
433.556579	-51.1992187
433.749342	-71.6789063
433.942105	-6.14390625
434.134868	-4.0959375
434.327632	90.110625
434.520395	-36.8634375
434.713158	-57.343125
434.905921	-14.3357813
435.098684	34.8154688
435.291447	-10.2398438
435.484211	-43.0073438
435.676974	-6.14390625
435.869737	61.4390625
436.0625	71.6789063
436.255263	-34.8154688
436.448026	40.959375
436.640789	-28.6715625
436.833553	71.6789063
437.026316	81.91875
437.219079	24.575625
437.411842	-10.2398438
437.604605	-16.38375
437.797368	0
437.990132	-22.5276562
438.182895	-75.7748437
438.375658	-38.9114063
438.568421	-6.14390625
438.761184	-28.6715625
438.953947	-126.974063
439.146711	4.0959375
439.339474	-135.165937
439.532237	32.7675
439.725	22.5276562
439.917763	-49.15125
440.110526	40.959375
440.303289	-36.8634375
440.496053	-6.14390625
440.688816	-22.5276562
440.881579	81.91875
441.074342	90.110625
441.267105	-86.0146875
441.459868	-10.2398438
441.652632	-143.357812
441.845395	22.5276563
442.038158	12.2878125
442.230921	30.7195312
442.423684	-24.575625
442.616447	-53.2471875
442.809211	100.350469
443.001974	34.8154688
443.194737	-172.029375
443.3875	-67.5829687
443.580263	-104.446406
443.773026	20.4796875
443.965789	43.0073438
444.158553	0
444.351316	61.4390625
444.544079	73.726875
444.736842	-69.6309375
444.929605	26.6235937
445.122368	-71.6789063
445.315132	8.191875
445.507895	-10.2398438
445.700658	20.4796875
445.893421	59.3910937
446.086184	10.2398438
446.278947	-47.1032813
446.471711	-137.213906
446.664474	-28.6715625
446.857237	10.2398438
447.05	-28.6715625
447.242763	40.959375
447.435526	-32.7675
447.628289	-28.6715625
447.821053	65.535
448.013816	161.789531
448.206579	71.6789062
448.399342	-34.8154687
448.592105	32.7675
448.784868	43.0073438
448.977632	22.5276562
449.170395	49.15125
449.363158	38.9114063
449.555921	161.789531
449.748684	149.501719
449.941447	94.2065625
450.134211	47.1032812
450.326974	-65.535
450.519737	47.1032813
450.7125	59.3910937
450.905263	194.557031
451.098026	36.8634375
451.290789	149.501719
451.483553	139.261875
451.676316	159.741563
451.869079	-104.446406
452.061842	-8.191875
452.254605	100.350469
452.447368	36.8634375
452.640132	71.6789063
452.832895	131.07
453.025658	120.830156
453.218421	12.2878125
453.411184	135.165937
453.603947	145.405781
453.796711	40.959375
453.989474	-38.9114062
454.182237	92.1585937
454.375	88.0626562
454.567763	-34.8154688
454.760526	-30.7195313
454.953289	153.597656
455.146053	106.494375
455.338816	-67.5829687
455.531579	112.638281
455.724342	-10.2398437
455.917105	147.45375
456.109868	-63.4870313
456.302632	106.494375
456.495395	26.6235938
456.688158	81.91875
456.880921	-8.191875
457.073684	-34.8154687
457.266447	86.0146875
457.459211	73.726875
457.651974	-8.191875
457.844737	122.878125
458.0375	-4.0959375
458.230263	-16.38375
458.423026	16.38375
458.615789	106.494375
458.808553	108.542344
459.001316	49.15125
459.194079	92.1585937
459.386842	59.3910937
459.579605	22.5276563
459.772368	131.07
459.965132	-8.191875
460.157895	16.38375
460.350658	-32.7675
460.543421	-4.0959375
460.736184	129.022031
460.928947	73.726875
461.121711	71.6789063
461.314474	96.2545313
461.507237	90.110625
461.7	65.535
461.892763	165.885469
462.085526	38.9114063
462.278289	102.398437
462.471053	6.14390625
462.663816	-47.1032812
462.856579	96.2545313
463.049342	124.926094
463.242105	184.317187
463.434868	38.9114063
463.627632	118.782187
463.820395	169.981406
464.013158	157.693594
464.205921	139.261875
464.398684	153.597656
464.591447	120.830156
464.784211	133.117969
464.976974	81.91875
465.169737	145.405781
465.3625	40.959375
465.555263	96.2545313
465.748026	157.693594
465.940789	90.110625
466.133553	83.9667187
466.326316	110.590312
466.519079	143.357813
466.711842	131.07
466.904605	90.110625
467.097368	98.3025
467.290132	106.494375
467.482895	106.494375
467.675658	98.3025
467.868421	122.878125
468.061184	245.75625
468.253947	155.645625
468.446711	114.68625
468.639474	196.605
468.832237	75.7748437
469.025	49.15125
469.217763	210.940781
469.410526	145.405781
469.603289	98.3025
469.796053	167.933437
469.988816	137.213906
470.181579	153.597656
470.374342	79.8707813
470.567105	172.029375
470.759868	178.173281
470.952632	59.3910937
471.145395	264.187969
471.338158	145.405781
471.530921	159.741562
471.723684	186.365156
471.916447	180.22125
472.109211	307.195312
472.301974	225.276563
472.494737	204.796875
472.6875	176.125312
472.880263	186.365156
473.073026	243.708281
473.265789	124.926094
473.458553	94.2065625
473.651316	192.509062
473.844079	229.3725
474.036842	102.398437
474.229605	354.298594
474.422368	202.748906
474.615132	137.213906
474.807895	161.789531
475.000658	260.092031
475.193421	200.700937
475.386184	182.269219
475.578947	110.590313
475.771711	253.948125
475.964474	124.926094
476.157237	49.15125
476.35	219.132656
476.542763	225.276562
476.735526	233.468438
476.928289	98.3025
477.121053	141.309844
477.313816	129.022031
477.506579	161.789531
477.699342	190.461094
477.892105	184.317187
478.084868	202.748906
478.277632	194.557031
478.470395	178.173281
478.663158	192.509062
478.855921	104.446406
479.048684	106.494375
479.241447	174.077344
479.434211	141.309844
479.626974	272.379844
479.819737	149.501719
480.0125	77.8228125
480.205263	180.22125
480.398026	198.652969
480.590789	286.715625
480.783553	233.468437
480.976316	180.22125
481.169079	196.605
481.361842	188.413125
481.554605	163.8375
481.747368	192.509063
481.940132	159.741563
482.132895	172.029375
482.325658	239.612344
482.518421	202.748906
482.711184	188.413125
482.903947	311.29125
483.096711	180.22125
483.289474	227.324531
483.482237	92.1585937
483.675	153.597656
483.867763	137.213906
484.060526	184.317187
484.253289	260.092031
484.446053	155.645625
484.638816	258.044062
484.831579	133.117969
485.024342	247.804219
485.217105	200.700938
485.409868	178.173281
485.602632	110.590312
485.795395	243.708281
485.988158	186.365156
486.180921	161.789531
486.373684	178.173281
486.566447	18.4317188
486.759211	208.892813
486.951974	-24.575625
487.144737	118.782187
487.3375	208.892812
487.530263	102.398437
487.723026	235.516406
487.915789	174.077344
488.108553	100.350469
488.301316	208.892812
488.494079	145.405781
488.686842	14.3357812
488.879605	215.036719
489.072368	206.844844
489.265132	167.933437
489.457895	161.789531
489.650658	165.885469
489.843421	114.68625
490.036184	151.549688
490.228947	77.8228125
490.421711	215.036719
490.614474	65.535
490.807237	159.741563
491	124.926094
491.192763	137.213906
491.385526	169.981406
491.578289	40.959375
491.771053	124.926094
491.963816	90.110625
492.156579	86.0146875
492.349342	88.0626562
492.542105	79.8707813
492.734868	143.357813
492.927632	245.75625
493.120395	49.15125
493.313158	122.878125
493.505921	108.542344
493.698684	161.789531
493.891447	135.165938
494.084211	231.420469
494.276974	65.535
494.469737	90.110625
494.6625	-30.7195313
494.855263	239.612344
495.048026	-69.6309375
495.240789	94.2065625
495.433553	114.68625
495.626316	77.8228125
495.819079	38.9114063
496.011842	90.110625
496.204605	79.8707813
496.397368	178.173281
496.590132	194.557031
496.782895	137.213906
496.975658	43.0073438
497.168421	122.878125
497.361184	131.07
497.553947	137.213906
497.746711	276.475781
497.939474	133.117969
498.132237	155.645625
498.325	0
498.517763	233.468438
498.710526	51.1992187
498.903289	129.022031
499.096053	116.734219
499.288816	106.494375
499.481579	100.350469
499.674342	198.652969
499.867105	86.0146875
500.059868	71.6789062
500.252632	126.974063
500.445395	16.38375
500.638158	24.575625
500.830921	161.789531
501.023684	100.350469
501.216447	8.191875
501.409211	-14.3357813
501.601974	210.940781
501.794737	139.261875
501.9875	92.1585937
502.180263	137.213906
502.373026	243.708281
502.565789	157.693594
502.758553	155.645625
502.951316	182.269219
503.144079	114.68625
503.336842	245.75625
503.529605	374.778281
503.722368	223.228594
503.915132	215.036719
504.107895	219.132656
504.300658	83.9667187
504.493421	94.2065625
504.686184	110.590312
504.878947	155.645625
505.071711	79.8707813
505.264474	188.413125
505.457237	262.14
505.65	196.605
505.842763	266.235937
506.035526	153.597656
506.228289	116.734219
506.421053	292.859531
506.613816	190.461094
506.806579	75.7748438
506.999342	94.2065625
507.192105	57.343125
507.384868	182.269219
507.577632	112.638281
507.770395	137.213906
507.963158	126.974062
508.155921	210.940781
508.348684	122.878125
508.541447	81.91875
508.734211	161.789531
508.926974	-67.5829687
509.119737	118.782187
509.3125	98.3025
509.505263	20.4796875
509.698026	165.885469
509.890789	86.0146875
510.083553	61.4390625
510.276316	90.110625
510.469079	229.3725
510.661842	212.98875
510.854605	120.830156
511.047368	141.309844
511.240132	69.6309375
511.432895	106.494375
511.625658	86.0146875
511.818421	24.575625
512.011184	92.1585937
512.203947	174.077344
512.396711	118.782188
512.589474	43.0073438
512.782237	-12.2878125
512.975	55.2951563
513.167763	200.700937
513.360526	100.350469
513.553289	110.590312
513.746053	243.708281
513.938816	49.15125
514.131579	122.878125
514.324342	12.2878125
514.517105	6.14390625
514.709868	94.2065625
514.902632	122.878125
515.095395	174.077344
515.288158	88.0626562
515.480921	135.165937
515.673684	139.261875
515.866447	110.590312
516.059211	86.0146875
516.251974	53.2471875
516.444737	59.3910937
516.6375	53.2471875
516.830263	75.7748438
517.023026	137.213906
517.215789	57.343125
517.408553	133.117969
517.601316	65.535
517.794079	22.5276562
517.986842	114.68625
518.179605	45.0553125
518.372368	65.535
518.565132	114.68625
518.757895	-45.0553125
518.950658	104.446406
519.143421	69.6309375
519.336184	94.2065625
519.528947	94.2065625
519.721711	49.15125
519.914474	-135.165937
520.107237	73.726875
520.3	169.981406
520.492763	83.9667187
520.685526	108.542344
520.878289	114.68625
521.071053	106.494375
521.263816	26.6235938
521.456579	2.04796875
521.649342	75.7748437
521.842105	8.191875
522.034868	30.7195313
522.227632	221.180625
522.420395	38.9114062
522.613158	100.350469
522.805921	126.974062
522.998684	120.830156
523.191447	-59.3910937
523.384211	47.1032812
523.576974	10.2398438
523.769737	165.885469
523.9625	-28.6715625
524.155263	225.276563
524.348026	81.91875
524.540789	40.959375
524.733553	36.8634375
524.926316	28.6715625
525.119079	49.15125
525.311842	83.9667187
525.504605	-16.38375
525.697368	131.07
525.890132	38.9114063
526.082895	-26.6235938
526.275658	135.165937
526.468421	36.8634375
526.661184	-24.575625
526.853947	-16.38375
527.046711	57.343125
527.239474	206.844844
527.432237	157.693594
527.625	0
527.817763	2.04796875
528.010526	30.7195313
528.203289	45.0553125
528.396053	-12.2878125
528.588816	120.830156
528.781579	34.8154688
528.974342	100.350469
529.167105	79.8707813
529.359868	112.638281
529.552632	-43.0073438
529.745395	143.357813
529.938158	108.542344
530.130921	83.9667187
530.323684	40.959375
530.516447	8.191875
530.709211	8.191875
530.901974	61.4390625
531.094737	-51.1992187
531.2875	81.91875
531.480263	18.4317188
531.673026	-4.0959375
531.865789	10.2398438
532.058553	36.8634375
532.251316	204.796875
532.444079	114.68625
532.636842	28.6715625
532.829605	-14.3357813
533.022368	53.2471875
533.215132	-2.04796875
533.407895	38.9114063
533.600658	-67.5829688
533.793421	40.959375
533.986184	45.0553125
534.178947	0
534.371711	4.0959375
534.564474	57.343125
534.757237	-16.38375
534.95	118.782187
535.142763	77.8228125
535.335526	96.2545313
535.528289	-38.9114062
535.721053	-18.4317188
535.913816	-26.6235938
536.106579	36.8634375
536.299342	18.4317188
536.492105	118.782188
536.684868	118.782187
536.877632	-61.4390625
537.070395	73.726875
537.263158	114.68625
537.455921	96.2545313
537.648684	0
537.841447	-10.2398437
538.034211	57.343125
538.226974	145.405781
538.419737	47.1032813
538.6125	59.3910937
538.805263	106.494375
538.998026	16.38375
539.190789	100.350469
539.383553	45.0553125
539.576316	14.3357812
539.769079	26.6235937
539.961842	65.535
540.154605	20.4796875
540.347368	61.4390625
540.540132	47.1032812
540.732895	-30.7195312
540.925658	30.7195312
541.118421	88.0626562
541.311184	14.3357812
541.503947	88.0626562
541.696711	86.0146875
541.889474	34.8154688
542.082237	-108.542344
542.275	-59.3910937
542.467763	-59.3910937
542.660526	36.8634375
542.853289	20.4796875
543.046053	61.4390625
543.238816	88.0626563
543.431579	4.0959375
543.624342	174.077344
543.817105	92.1585937
544.009868	18.4317188
544.202632	57.343125
544.395395	-20.4796875
544.588158	163.8375
544.780921	-32.7675
544.973684	12.2878125
545.166447	26.6235938
545.359211	71.6789062
545.551974	14.3357813
545.744737	79.8707813
545.9375	28.6715625
546.130263	106.494375
546.323026	65.535
546.515789	-8.191875
546.708553	53.2471875
546.901316	75.7748437
547.094079	102.398437
547.286842	114.68625
547.479605	22.5276563
547.672368	30.7195312
547.865132	8.191875
548.057895	-92.1585937
548.250658	73.726875
548.443421	63.4870312
548.636184	-133.117969
548.828947	-90.110625
549.021711	147.45375
549.214474	118.782187
549.407237	10.2398438
549.6	-6.14390625
549.792763	40.959375
549.985526	165.885469
550.178289	118.782187
550.371053	-16.38375
550.563816	24.575625
550.756579	-53.2471875
550.949342	88.0626562
551.142105	18.4317188
551.334868	71.6789062
551.527632	10.2398438
551.720395	83.9667187
551.913158	57.343125
552.105921	-38.9114063
552.298684	98.3025
552.491447	59.3910937
552.684211	14.3357812
552.876974	86.0146875
553.069737	-30.7195313
553.2625	81.91875
553.455263	38.9114063
553.648026	120.830156
553.840789	145.405781
554.033553	57.343125
554.226316	63.4870313
554.419079	110.590312
554.611842	55.2951562
554.804605	71.6789063
554.997368	77.8228125
555.190132	55.2951562
555.382895	-40.959375
555.575658	104.446406
555.768421	-88.0626562
555.961184	55.2951563
556.153947	104.446406
556.346711	30.7195313
556.539474	18.4317188
556.732237	0
556.925	24.575625
557.117763	40.959375
557.310526	2.04796875
557.503289	30.7195312
557.696053	165.885469
557.888816	108.542344
558.081579	94.2065625
558.274342	75.7748437
558.467105	75.7748438
558.659868	32.7675
558.852632	26.6235937
559.045395	104.446406
559.238158	26.6235938
559.430921	-108.542344
559.623684	-10.2398437
559.816447	-18.4317188
560.009211	137.213906
560.201974	149.501719
560.394737	200.700937
560.5875	47.1032812
560.780263	139.261875
560.973026	143.357812
561.165789	-43.0073438
561.358553	118.782188
561.551316	-88.0626562
561.744079	6.14390625
561.936842	-61.4390625
562.129605	-47.1032812
562.322368	-102.398437
562.515132	36.8634375
562.707895	73.726875
562.900658	73.726875
563.093421	92.1585938
563.286184	153.597656
563.478947	69.6309375
563.671711	61.4390625
563.864474	149.501719
564.057237	-14.3357813
564.25	118.782187
564.442763	-63.4870312
564.635526	159.741563
564.828289	120.830156
565.021053	40.959375
565.213816	34.8154688
565.406579	-14.3357813
565.599342	120.830156
565.792105	131.07
565.984868	202.748906
566.177632	180.22125
566.370395	141.309844
566.563158	92.1585937
566.755921	81.91875
566.948684	178.173281
567.141447	139.261875
567.334211	182.269219
567.526974	88.0626563
567.719737	206.844844
567.9125	215.036719
568.105263	178.173281
568.298026	212.98875
568.490789	223.228594
568.683553	157.693594
568.876316	43.0073438
569.069079	231.420469
569.261842	192.509062
569.454605	157.693594
569.647368	266.235938
569.840132	30.7195313
570.032895	223.228594
570.225658	135.165937
570.418421	258.044063
570.611184	163.8375
570.803947	301.051406
570.996711	110.590312
571.189474	73.726875
571.382237	253.948125
571.575	210.940781
571.767763	196.605
571.960526	153.597656
572.153289	210.940781
572.346053	268.283906
572.538816	124.926094
572.731579	90.110625
572.924342	159.741562
573.117105	274.427813
573.309868	210.940781
573.502632	153.597656
573.695395	212.98875
573.888158	333.818906
574.080921	258.044062
574.273684	262.14
574.466447	344.05875
574.659211	358.394531
574.851974	339.962812
575.044737	417.785625
575.2375	393.21
575.430263	362.490469
575.623026	325.627031
575.815789	514.040156
576.008553	448.505156
576.201316	299.003438
576.394079	499.704375
576.586842	385.018125
576.779605	374.778281
576.972368	464.888906
577.165132	436.217344
577.357895	378.874219
577.550658	606.19875
577.743421	415.737656
577.936184	600.054844
578.128947	487.416563
578.321711	561.143438
578.514474	397.305938
578.707237	544.759687
578.9	438.265312
579.092763	460.792969
579.285526	583.671094
579.478289	411.641719
579.671053	634.870313
579.863816	569.335312
580.056579	514.040156
580.249342	628.726406
580.442105	552.951562
580.634868	520.184062
580.827632	593.910937
581.020395	526.327969
581.213158	681.973594
581.405921	569.335312
581.598684	571.383281
581.791447	677.877656
581.984211	634.870313
582.176974	677.877656
582.369737	569.335312
582.5625	528.375938
582.755263	649.206094
582.948026	739.316719
583.140789	899.058281
583.333553	759.796406
583.526316	708.597188
583.719079	837.619219
583.911842	681.973594
584.104605	755.700469
584.297368	776.180156
584.490132	870.386719
584.682895	849.907031
584.875658	757.748437
585.068421	704.50125
585.261184	808.947656
585.453947	856.050938
585.646711	700.405313
585.839474	792.563906
586.032237	821.235469
586.225	815.091563
586.417763	802.80375
586.610526	946.161562
586.803289	892.914375
586.996053	833.523281
587.188816	839.667187
587.381579	782.324062
587.574342	860.146875
587.767105	776.180156
587.959868	821.235469
588.152632	931.825781
588.345395	952.305469
588.538158	880.626562
588.730921	831.475312
588.923684	868.33875
589.116447	829.427344
589.309211	894.962344
589.501974	901.10625
589.694737	917.49
589.8875	913.394063
590.080263	989.168906
590.273026	925.681875
590.465789	878.578594
590.658553	806.899687
590.851316	897.010312
591.044079	802.80375
591.236842	925.681875
591.429605	913.394063
591.622368	933.87375
591.815132	901.10625
592.007895	788.467969
592.200658	925.681875
592.393421	868.33875
592.586184	663.541875
592.778947	724.980937
592.971711	815.091562
593.164474	952.305469
593.357237	888.818437
593.55	847.859062
593.742763	827.379375
593.935526	737.26875
594.128289	905.202188
594.321053	786.42
594.513816	835.57125
594.706579	759.796406
594.899342	794.611875
595.092105	712.693125
595.284868	837.619219
595.477632	767.988281
595.670395	718.837031
595.863158	927.729844
596.055921	782.324063
596.248684	823.283438
596.441447	962.545312
596.634211	751.604531
596.826974	847.859063
597.019737	931.825781
597.2125	993.264844
597.405263	888.818438
597.598026	892.914375
597.790789	745.460625
597.983553	763.892344
598.176316	692.213438
598.369079	770.03625
598.561842	837.619219
598.754605	825.331406
598.947368	751.604531
599.140132	915.442031
599.332895	878.578594
599.525658	837.619219
599.718421	860.146875
599.911184	731.124844
600.103947	761.844375
600.296711	854.002969
600.489474	901.10625
600.682237	784.372031
600.875	878.578594
601.067763	813.043594
601.260526	739.316719
601.453289	796.659844
601.646053	616.438594
601.838816	724.980937
602.031579	813.043594
602.224342	694.261406
602.417105	901.10625
602.609868	755.700469
602.802632	694.261406
602.995395	823.283438
603.188158	657.397969
603.380921	835.57125
603.573684	827.379375
603.766447	712.693125
603.959211	733.172812
604.151974	868.33875
604.344737	632.822344
604.5375	835.57125
604.730263	745.460625
604.923026	765.940312
605.115789	659.445938
605.308553	819.1875
605.501316	643.062188
605.694079	720.885
605.886842	624.630469
606.079605	741.364687
606.272368	708.597188
606.465132	759.796406
606.657895	778.228125
606.850658	845.811094
607.043421	671.73375
607.236184	577.527187
607.428947	608.246719
607.621711	622.5825
607.814474	727.028906
608.007237	653.302031
608.2	645.110156
608.392763	782.324062
608.585526	718.837031
608.778289	628.726406
608.971053	776.180156
609.163816	743.412656
609.356579	589.815
609.549342	632.822344
609.742105	497.656406
609.934868	600.054844
610.127632	759.796406
610.320395	808.947656
610.513158	645.110156
610.705921	722.932969
610.898684	751.604531
611.091447	757.748438
611.284211	669.685781
611.476974	645.110156
611.669737	614.390625
611.8625	686.069531
612.055263	696.309375
612.248026	741.364687
612.440789	776.180156
612.633553	663.541875
612.826316	847.859062
613.019079	704.50125
613.211842	681.973594
613.404605	688.1175
613.597368	624.630469
613.790132	649.206094
613.982895	669.685781
614.175658	784.372031
614.368421	665.589844
614.561184	763.892344
614.753947	698.357344
614.946711	694.261406
615.139474	655.35
615.332237	810.995625
615.525	688.1175
615.717763	636.918281
615.910526	641.014219
616.103289	810.995625
616.296053	755.700469
616.488816	749.556562
616.681579	827.379375
616.874342	782.324062
617.067105	792.563906
617.259868	692.213438
617.452632	692.213438
617.645395	837.619219
617.838158	763.892344
618.030921	673.781719
618.223684	681.973594
618.416447	692.213438
618.609211	831.475313
618.801974	774.132187
618.994737	591.862969
619.1875	776.180156
619.380263	727.028906
619.573026	808.947656
619.765789	759.796406
619.958553	641.014219
620.151316	626.678438
620.344079	724.980937
620.536842	620.534531
620.729605	696.309375
620.922368	671.73375
621.115132	765.940313
621.307895	618.486563
621.500658	618.486562
621.693421	628.726406
621.886184	692.213438
622.078947	735.220781
622.271711	673.781719
622.464474	835.57125
622.657237	749.556563
622.85	692.213438
623.042763	810.995625
623.235526	813.043594
623.428289	819.1875
623.621053	806.899687
623.813816	704.50125
624.006579	622.5825
624.199342	544.759687
624.392105	864.242813
624.584868	804.851719
624.777632	720.885
624.970395	743.412656
625.163158	860.146875
625.355921	767.988281
625.548684	843.763125
625.741447	849.907031
625.934211	780.276094
626.126974	847.859062
626.319737	790.515937
626.5125	894.962344
626.705263	702.453281
626.898026	731.124844
627.090789	827.379375
627.283553	899.058281
627.476316	843.763125
627.669079	739.316719
627.861842	724.980937
628.054605	890.866406
628.247368	704.50125
628.440132	843.763125
628.632895	786.42
628.825658	849.907031
629.018421	839.667188
629.211184	788.467969
629.403947	845.811094
629.596711	737.26875
629.789474	743.412656
629.982237	800.755781
630.175	847.859062
630.367763	718.837031
630.560526	763.892344
630.753289	868.33875
630.946053	864.242813
631.138816	733.172812
631.331579	1032.17625
631.524342	917.49
631.717105	880.626562
631.909868	843.763125
632.102632	907.250156
632.295395	919.537969
632.488158	927.729844
632.680921	718.837031
632.873684	790.515938
633.066447	731.124844
633.259211	798.707813
633.451974	755.700469
633.644737	782.324062
633.8375	784.372031
634.030263	860.146875
634.223026	886.770469
634.415789	788.467969
634.608553	663.541875
634.801316	765.940313
634.994079	825.331406
635.186842	788.467969
635.379605	792.563906
635.572368	806.899687
635.765132	800.755781
635.957895	731.124844
636.150658	698.357344
636.343421	841.715156
636.536184	757.748437
636.728947	712.693125
636.921711	714.741094
637.114474	798.707812
637.307237	765.940313
637.5	716.789062
637.692763	645.110156
637.885526	720.885
638.078289	739.316719
638.271053	819.1875
638.463816	704.50125
638.656579	905.202187
638.849342	774.132187
639.042105	706.549219
639.234868	475.12875
639.427632	892.914375
639.620395	827.379375
639.813158	735.220781
640.005921	702.453281
640.198684	823.283437
640.391447	757.748437
640.584211	782.324062
640.776974	751.604531
640.969737	673.781719
641.1625	727.028906
641.355263	696.309375
641.548026	886.770469
641.740789	712.693125
641.933553	681.973594
642.126316	675.829688
642.319079	776.180156
642.511842	794.611875
642.704605	788.467969
642.897368	743.412656
643.090132	550.903594
643.282895	499.704375
643.475658	669.685781
643.668421	659.445937
643.861184	653.302031
644.053947	727.028906
644.246711	571.383281
644.439474	755.700469
644.632237	782.324062
644.825	751.604531
645.017763	737.26875
645.210526	604.150781
645.403289	692.213438
645.596053	747.508594
645.788816	591.862969
645.981579	798.707812
646.174342	839.667187
646.367105	575.479219
646.559868	651.254063
646.752632	739.316719
646.945395	665.589844
647.138158	681.973594
647.330921	657.397969
647.523684	622.5825
647.716447	557.0475
647.909211	788.467969
648.101974	571.383281
648.294737	530.423906
648.4875	497.656406
648.680263	587.767031
648.873026	569.335312
649.065789	610.294688
649.258553	479.224688
649.451316	688.1175
649.644079	573.43125
649.836842	679.925625
650.029605	661.493906
650.222368	583.671094
650.415132	600.054844
650.607895	702.453281
650.800658	493.560469
650.993421	552.951562
651.186184	659.445938
651.378947	653.302031
651.571711	684.021563
651.764474	589.815
651.957237	538.615781
652.15	577.527187
652.342763	444.409219
652.535526	411.641719
652.728289	661.493906
652.921053	554.999531
653.113816	565.239375
653.306579	610.294688
653.499342	653.302031
653.692105	462.840938
653.884868	651.254063
654.077632	598.006875
654.270395	479.224688
654.463158	499.704375
654.655921	415.737656
654.848684	522.232031
655.041447	554.999531
655.234211	581.623125
655.426974	632.822344
655.619737	493.560469
655.8125	550.903594
656.005263	534.519844
656.198026	546.807656
656.390789	544.759688
656.583553	491.5125
656.776316	483.320625
656.969079	581.623125
657.161842	528.375937
657.354605	466.936875
657.547368	536.567812
657.740132	546.807656
657.932895	581.623125
658.125658	540.66375
658.318421	561.143438
658.511184	557.0475
658.703947	497.656406
658.896711	466.936875
659.089474	444.409219
659.282237	382.970156
659.475	468.984844
659.667763	526.327969
659.860526	602.102812
660.053289	409.59375
660.246053	346.106719
660.438816	530.423906
660.631579	399.353906
660.824342	473.080781
661.017105	522.232031
661.209868	557.0475
661.402632	444.409219
661.595395	561.143437
661.788158	505.848281
661.980921	421.881562
662.173684	428.025469
662.366447	370.682344
662.559211	444.409219
662.751974	477.176719
662.944737	526.327969
663.1375	495.608438
663.330263	434.169375
663.523026	366.586406
663.715789	454.649062
663.908553	309.243281
664.101316	411.641719
664.294079	432.121406
664.486842	487.416563
664.679605	278.52375
664.872368	444.409219
665.065132	352.250625
665.257895	432.121406
665.450658	477.176719
665.643421	401.401875
665.836184	548.855625
666.028947	423.929531
666.221711	354.298594
666.414474	387.066094
666.607237	393.21
666.8	428.025469
666.992763	315.387187
667.185526	378.874219
667.378289	489.464531
667.571053	446.457188
667.763816	348.154687
667.956579	444.409219
668.149342	391.162031
668.342105	350.202656
668.534868	339.962812
668.727632	473.080781
668.920395	288.763594
669.113158	346.106719
669.305921	331.770937
669.498684	405.497812
669.691447	317.435156
669.884211	337.914844
670.076974	485.368594
670.269737	378.874219
670.4625	325.627031
670.655263	327.675
670.848026	354.298594
671.040789	270.331875
671.233553	315.387187
671.426316	319.483125
671.619079	374.778281
671.811842	382.970156
672.004605	333.818906
672.197368	413.689688
672.390132	339.962812
672.582895	563.191406
672.775658	321.531094
672.968421	376.82625
673.161184	491.5125
673.353947	454.649063
673.546711	335.866875
673.739474	460.792969
673.932237	321.531094
674.125	376.82625
674.317763	370.682344
674.510526	376.82625
674.703289	301.051406
674.896053	358.394531
675.088816	360.4425
675.281579	282.619688
675.474342	417.785625
675.667105	335.866875
675.859868	417.785625
676.052632	407.545781
676.245395	325.627031
676.438158	389.114062
676.630921	268.283906
676.823684	354.298594
677.016447	350.202656
677.209211	337.914844
677.401974	417.785625
677.594737	403.449844
677.7875	532.471875
677.980263	372.730313
678.173026	157.693594
678.365789	305.147344
678.558553	315.387187
678.751316	208.892813
678.944079	335.866875
679.136842	391.162031
679.329605	385.018125
679.522368	229.3725
679.715132	329.722969
679.907895	282.619688
680.100658	317.435156
680.293421	303.099375
680.486184	303.099375
680.678947	249.852188
680.871711	368.634375
681.064474	315.387187
681.257237	407.545781
681.45	258.044062
681.642763	358.394531
681.835526	358.394531
682.028289	446.457188
682.221053	315.387187
682.413816	352.250625
682.606579	378.874219
682.799342	243.708281
682.992105	419.833594
683.184868	376.82625
683.377632	315.387187
683.570395	296.955469
683.763158	231.420469
683.955921	331.770938
684.148684	434.169375
684.341447	270.331875
684.534211	313.339219
684.726974	393.21
684.919737	430.073438
685.1125	196.605
685.305263	270.331875
685.498026	276.475781
685.690789	192.509062
685.883553	299.003438
686.076316	192.509062
686.269079	378.874219
686.461842	368.634375
686.654605	294.9075
686.847368	292.859531
687.040132	352.250625
687.232895	364.538437
687.425658	286.715625
687.618421	245.75625
687.811184	286.715625
688.003947	274.427813
688.196711	321.531094
688.389474	227.324531
688.582237	385.018125
688.775	178.173281
688.967763	362.490469
689.160526	272.379844
689.353289	288.763594
689.546053	282.619688
689.738816	342.010781
689.931579	124.926094
690.124342	348.154687
690.317105	215.036719
690.509868	313.339219
690.702632	294.9075
690.895395	276.475781
691.088158	163.8375
691.280921	192.509063
691.473684	235.516406
691.666447	212.98875
691.859211	231.420469
692.051974	311.29125
692.244737	313.339219
692.4375	280.571719
692.630263	225.276563
692.823026	245.75625
693.015789	344.05875
693.208553	325.627031
693.401316	339.962813
693.594079	378.874219
693.786842	202.748906
693.979605	118.782187
694.172368	288.763594
694.365132	264.187969
694.557895	294.9075
694.750658	198.652969
694.943421	249.852187
695.136184	159.741562
695.328947	219.132656
695.521711	264.187969
695.714474	241.660313
695.907237	212.98875
696.1	245.75625
696.292763	155.645625
696.485526	235.516406
696.678289	229.3725
696.871053	212.98875
697.063816	270.331875
697.256579	387.066094
697.449342	296.955469
697.642105	227.324531
697.834868	362.490469
698.027632	311.29125
698.220395	167.933437
698.413158	237.564375
698.605921	45.0553125
698.798684	196.605
698.991447	264.187969
699.184211	200.700937
699.376974	194.557031
699.569737	315.387187
699.7625	292.859531
699.955263	255.996094
700.148026	268.283906
700.340789	231.420469
700.533553	108.542344
700.726316	174.077344
700.919079	159.741562
701.111842	174.077344
701.304605	188.413125
701.497368	274.427813
701.690132	282.619688
701.882895	245.75625
702.075658	174.077344
702.268421	276.475781
702.461184	299.003438
702.653947	219.132656
702.846711	182.269219
703.039474	272.379844
703.232237	153.597656
703.425	188.413125
703.617763	323.579062
703.810526	155.645625
704.003289	212.98875
704.196053	155.645625
704.388816	200.700938
704.581579	202.748906
704.774342	88.0626563
704.967105	176.125313
705.159868	227.324531
705.352632	227.324531
705.545395	274.427812
705.738158	147.45375
705.930921	180.22125
706.123684	182.269219
706.316447	94.2065625
706.509211	245.75625
706.701974	243.708281
706.894737	153.597656
707.0875	126.974062
707.280263	239.612344
707.473026	163.8375
707.665789	358.394531
707.858553	157.693594
708.051316	208.892812
708.244079	67.5829688
708.436842	309.243281
708.629605	110.590312
708.822368	122.878125
709.015132	184.317188
709.207895	155.645625
709.400658	249.852188
709.593421	174.077344
709.786184	38.9114062
709.978947	106.494375
710.171711	139.261875
710.364474	188.413125
710.557237	190.461094
710.75	204.796875
710.942763	139.261875
711.135526	319.483125
711.328289	176.125313
711.521053	129.022031
711.713816	165.885469
711.906579	215.036719
712.099342	206.844844
712.292105	133.117969
712.484868	186.365156
712.677632	161.789531
712.870395	112.638281
713.063158	299.003438
713.255921	100.350469
713.448684	163.8375
713.641447	120.830156
713.834211	102.398437
714.026974	86.0146875
714.219737	137.213906
714.4125	215.036719
714.605263	190.461094
714.798026	149.501719
714.990789	59.3910937
715.183553	227.324531
715.376316	208.892813
715.569079	153.597656
715.761842	194.557031
715.954605	106.494375
716.147368	47.1032812
716.340132	202.748906
716.532895	149.501719
716.725658	133.117969
716.918421	235.516406
717.111184	237.564375
717.303947	145.405781
717.496711	192.509063
717.689474	18.4317188
717.882237	149.501719
718.075	86.0146875
718.267763	206.844844
718.460526	79.8707813
718.653289	104.446406
718.846053	10.2398438
719.038816	131.07
719.231579	167.933437
719.424342	145.405781
719.617105	-10.2398438
719.809868	219.132656
720.002632	180.22125
720.195395	247.804219
720.388158	245.75625
720.580921	83.9667187
720.773684	159.741562
720.966447	135.165937
721.159211	167.933437
721.351974	104.446406
721.544737	178.173281
721.7375	129.022031
721.930263	71.6789063
722.123026	176.125312
722.315789	151.549687
722.508553	143.357812
722.701316	86.0146875
722.894079	122.878125
723.086842	129.022031
723.279605	88.0626563
723.472368	0
723.665132	135.165937
723.857895	106.494375
724.050658	188.413125
724.243421	102.398437
724.436184	51.1992187
724.628947	51.1992187
724.821711	126.974062
725.014474	135.165938
725.207237	225.276563
725.4	124.926094
725.592763	67.5829687
725.785526	102.398437
725.978289	71.6789063
726.171053	176.125313
726.363816	-18.4317188
726.556579	153.597656
726.749342	4.0959375
726.942105	-28.6715625
727.134868	169.981406
727.327632	18.4317188
727.520395	73.726875
727.713158	231.420469
727.905921	184.317187
728.098684	28.6715625
728.291447	110.590312
728.484211	188.413125
728.676974	247.804219
728.869737	116.734219
729.0625	69.6309375
729.255263	155.645625
729.448026	75.7748437
729.640789	157.693594
729.833553	34.8154688
730.026316	47.1032812
730.219079	143.357812
730.411842	108.542344
730.604605	110.590312
730.797368	20.4796875
730.990132	94.2065625
731.182895	47.1032812
731.375658	67.5829687
731.568421	57.343125
731.761184	47.1032813
731.953947	200.700938
732.146711	200.700937
732.339474	122.878125
732.532237	178.173281
732.725	139.261875
732.917763	137.213906
733.110526	71.6789063
733.303289	139.261875
733.496053	53.2471875
733.688816	157.693594
733.881579	96.2545313
734.074342	4.0959375
734.267105	40.959375
734.459868	153.597656
734.652632	135.165937
734.845395	38.9114062
735.038158	151.549687
735.230921	96.2545313
735.423684	143.357812
735.616447	55.2951563
735.809211	100.350469
736.001974	169.981406
736.194737	98.3025
736.3875	77.8228125
736.580263	143.357812
736.773026	100.350469
736.965789	40.959375
737.158553	51.1992187
737.351316	155.645625
737.544079	86.0146875
737.736842	26.6235938
737.929605	49.15125
738.122368	225.276563
738.315132	53.2471875
738.507895	104.446406
738.700658	67.5829687
738.893421	63.4870313
739.086184	-14.3357813
739.278947	86.0146875
739.471711	57.343125
739.664474	-28.6715625
739.857237	16.38375
740.05	-12.2878125
740.242763	34.8154688
740.435526	86.0146875
740.628289	147.45375
740.821053	65.535
741.013816	-16.38375
741.206579	163.8375
741.399342	139.261875
741.592105	88.0626563
741.784868	24.575625
741.977632	83.9667187
742.170395	-28.6715625
742.363158	112.638281
742.555921	86.0146875
742.748684	124.926094
742.941447	14.3357812
743.134211	155.645625
743.326974	-71.6789063
743.519737	106.494375
743.7125	100.350469
743.905263	118.782187
744.098026	172.029375
744.290789	129.022031
744.483553	53.2471875
744.676316	131.07
744.869079	90.110625
745.061842	110.590312
745.254605	135.165937
745.447368	-26.6235937
745.640132	202.748906
745.832895	100.350469
746.025658	30.7195312
746.218421	28.6715625
746.411184	102.398437
746.603947	14.3357812
746.796711	47.1032813
746.989474	-10.2398438
747.182237	102.398437
747.375	110.590312
747.567763	-59.3910937
747.760526	292.859531
747.953289	34.8154688
748.146053	184.317187
748.338816	34.8154688
748.531579	172.029375
748.724342	57.343125
748.917105	53.2471875
749.109868	-28.6715625
749.302632	55.2951562
749.495395	-18.4317187
749.688158	73.726875
749.880921	-8.191875
750.073684	96.2545312
750.266447	-22.5276562
750.459211	65.535
750.651974	-16.38375
750.844737	-57.343125
751.0375	217.084688
751.230263	-59.3910937
751.423026	32.7675
751.615789	51.1992187
751.808553	141.309844
752.001316	172.029375
752.194079	28.6715625
752.386842	65.535
752.579605	161.789531
752.772368	59.3910937
752.965132	6.14390625
753.157895	53.2471875
753.350658	88.0626563
753.543421	63.4870312
753.736184	167.933437
753.928947	155.645625
754.121711	180.22125
754.314474	18.4317188
754.507237	94.2065625
754.7	-53.2471875
754.892763	145.405781
755.085526	-94.2065625
755.278289	69.6309375
755.471053	90.110625
755.663816	63.4870313
755.856579	2.04796875
756.049342	104.446406
756.242105	57.343125
756.434868	102.398437
756.627632	-69.6309375
756.820395	-14.3357813
757.013158	14.3357813
757.205921	206.844844
757.398684	51.1992187
757.591447	83.9667187
757.784211	-18.4317188
757.976974	-114.68625
758.169737	-59.3910937
758.3625	77.8228125
758.555263	-83.9667187
758.748026	0
758.940789	-75.7748437
759.133553	65.535
759.326316	75.7748438
759.519079	106.494375
759.711842	47.1032813
759.904605	225.276563
760.097368	-116.734219
760.290132	55.2951563
760.482895	-36.8634375
760.675658	104.446406
760.868421	77.8228125
761.061184	-75.7748437
761.253947	-36.8634375
761.446711	-4.0959375
761.639474	88.0626563
761.832237	24.575625
762.025	12.2878125
762.217763	-38.9114062
762.410526	49.15125
762.603289	96.2545313
762.796053	90.110625
762.988816	159.741562
763.181579	49.15125
763.374342	51.1992187
763.567105	-55.2951563
763.759868	182.269219
763.952632	57.343125
764.145395	-28.6715625
764.338158	51.1992187
764.530921	75.7748437
764.723684	24.575625
764.916447	-32.7675
765.109211	98.3025
765.301974	-40.959375
765.494737	2.04796875
765.6875	57.343125
765.880263	-14.3357812
766.073026	4.0959375
766.265789	-32.7675
766.458553	151.549687
766.651316	-47.1032812
766.844079	8.191875
767.036842	36.8634375
767.229605	-6.14390625
767.422368	14.3357812
767.615132	59.3910937
767.807895	67.5829687
768.000658	38.9114063
768.193421	-2.04796875
768.386184	36.8634375
768.578947	-26.6235938
768.771711	96.2545313
768.964474	129.022031
769.157237	69.6309375
769.35	120.830156
769.542763	77.8228125
769.735526	145.405781
769.928289	47.1032812
770.121053	-55.2951563
770.313816	180.22125
770.506579	239.612344
770.699342	126.974062
770.892105	122.878125
771.084868	270.331875
771.277632	319.483125
771.470395	471.032813
771.663158	260.092031
771.855921	325.627031
772.048684	511.992187
772.241447	430.073437
772.434211	266.235938
772.626974	202.748906
772.819737	202.748906
773.0125	133.117969
773.205263	182.269219
773.398026	153.597656
773.590789	161.789531
773.783553	116.734219
773.976316	71.6789062
774.169079	112.638281
774.361842	225.276563
774.554605	147.45375
774.747368	-43.0073438
774.940132	14.3357812
775.132895	88.0626563
775.325658	180.22125
775.518421	114.68625
775.711184	22.5276563
775.903947	94.2065625
776.096711	49.15125
776.289474	2.04796875
776.482237	45.0553125
776.675	153.597656
776.867763	12.2878125
777.060526	126.974062
777.253289	-38.9114063
777.446053	-18.4317188
777.638816	-14.3357813
777.831579	77.8228125
778.024342	75.7748438
778.217105	161.789531
778.409868	-4.0959375
778.602632	94.2065625
778.795395	137.213906
778.988158	-55.2951562
779.180921	63.4870312
779.373684	-61.4390625
779.566447	-40.959375
779.759211	71.6789062
779.951974	-22.5276562
780.144737	34.8154688
780.3375	104.446406
780.530263	69.6309375
780.723026	-24.575625
780.915789	45.0553125
781.108553	-12.2878125
781.301316	-6.14390625
781.494079	51.1992187
781.686842	-16.38375
781.879605	47.1032813
782.072368	43.0073438
782.265132	86.0146875
782.457895	2.04796875
782.650658	8.191875
782.843421	106.494375
783.036184	36.8634375
783.228947	-2.04796875
783.421711	96.2545313
783.614474	-34.8154688
783.807237	-63.4870312
784	79.8707812
784.192763	122.878125
784.385526	79.8707812
784.578289	12.2878125
784.771053	-36.8634375
784.963816	83.9667187
785.156579	26.6235937
785.349342	71.6789062
785.542105	129.022031
785.734868	10.2398438
785.927632	-6.14390625
786.120395	-63.4870313
786.313158	-16.38375
786.505921	86.0146875
786.698684	-30.7195312
786.891447	67.5829687
787.084211	36.8634375
787.276974	-83.9667187
787.469737	43.0073438
787.6625	43.0073438
787.855263	-16.38375
788.048026	-57.343125
788.240789	65.535
788.433553	-32.7675
788.626316	16.38375
788.819079	59.3910937
789.011842	-59.3910937
789.204605	34.8154688
789.397368	110.590312
789.590132	108.542344
789.782895	49.15125
789.975658	12.2878125
790.168421	57.343125
790.361184	-40.959375
790.553947	79.8707812
790.746711	71.6789062
790.939474	18.4317188
791.132237	94.2065625
791.325	16.38375
791.517763	-32.7675
791.710526	57.343125
791.903289	139.261875
792.096053	40.959375
792.288816	45.0553125
792.481579	24.575625
792.674342	26.6235937
792.867105	10.2398437
793.059868	-71.6789062
793.252632	28.6715625
793.445395	-73.726875
793.638158	-40.959375
793.830921	49.15125
794.023684	6.14390625
794.216447	26.6235938
794.409211	22.5276563
794.601974	69.6309375
794.794737	14.3357812
794.9875	-18.4317188
795.180263	0
795.373026	-188.413125
795.565789	-4.0959375
795.758553	51.1992187
795.951316	28.6715625
796.144079	-141.309844
796.336842	67.5829687
796.529605	12.2878125
796.722368	-63.4870312
796.915132	20.4796875
797.107895	49.15125
797.300658	-26.6235938
797.493421	90.110625
797.686184	126.974062
797.878947	18.4317188
798.071711	-53.2471875
798.264474	-129.022031
798.457237	-118.782187
798.65	14.3357813
798.842763	90.110625
799.035526	8.191875
799.228289	-49.15125
799.421053	118.782187
799.613816	-6.14390625
799.806579	51.1992187
799.999342	-61.4390625
800.192105	-55.2951562
800.384868	0
800.577632	16.38375
800.770395	-57.343125
800.963158	14.3357812
801.155921	-49.15125
801.348684	4.0959375
801.541447	-28.6715625
801.734211	49.15125
801.926974	20.4796875
802.119737	-14.3357812
802.3125	71.6789063
802.505263	75.7748437
802.698026	18.4317188
802.890789	34.8154688
803.083553	-63.4870313
803.276316	57.343125
803.469079	-43.0073438
803.661842	-43.0073437
803.854605	-73.726875
804.047368	-22.5276562
804.240132	30.7195313
804.432895	-24.575625
804.625658	34.8154688
804.818421	22.5276562
805.011184	-20.4796875
805.203947	167.933437
805.396711	-112.638281
805.589474	143.357812
805.782237	65.535
805.975	40.959375
806.167763	47.1032812
806.360526	-8.191875
806.553289	14.3357813
806.746053	73.726875
806.938816	47.1032812
807.131579	6.14390625
807.324342	8.191875
807.517105	-26.6235938
807.709868	-26.6235938
807.902632	28.6715625
808.095395	32.7675
808.288158	40.959375
808.480921	75.7748438
808.673684	-20.4796875
808.866447	-8.191875
809.059211	94.2065625
809.251974	8.191875
809.444737	96.2545312
809.6375	-2.04796875
809.830263	-2.04796875
810.023026	79.8707812
810.215789	47.1032813
810.408553	8.191875
810.601316	112.638281
810.794079	28.6715625
810.986842	43.0073438
811.179605	28.6715625
811.372368	-16.38375
811.565132	-131.07
811.757895	112.638281
811.950658	-20.4796875
812.143421	104.446406
812.336184	-59.3910937
812.528947	-53.2471875
812.721711	63.4870313
812.914474	-116.734219
813.107237	10.2398437
813.3	22.5276563
813.492763	110.590312
813.685526	94.2065625
813.878289	-45.0553125
814.071053	-36.8634375
814.263816	114.68625
814.456579	-30.7195313
814.649342	34.8154688
814.842105	-86.0146875
815.034868	92.1585937
815.227632	-63.4870313
815.420395	79.8707813
815.613158	-45.0553125
815.805921	24.575625
815.998684	51.1992187
816.191447	139.261875
816.384211	-45.0553125
816.576974	38.9114063
816.769737	-57.343125
816.9625	32.7675
817.155263	-75.7748437
817.348026	-106.494375
817.540789	-16.38375
817.733553	-34.8154688
817.926316	71.6789062
818.119079	2.04796875
818.311842	77.8228125
818.504605	57.343125
818.697368	-135.165937
818.890132	26.6235938
819.082895	-110.590312
819.275658	-100.350469
819.468421	135.165937
819.661184	38.9114062
819.853947	0
820.046711	-67.5829687
820.239474	-12.2878125
820.432237	108.542344
820.625	43.0073438
820.817763	79.8707813
821.010526	-12.2878125
821.203289	-24.575625
821.396053	38.9114063
821.588816	57.343125
821.781579	-45.0553125
821.974342	-79.8707813
822.167105	8.191875
822.359868	118.782187
822.552632	-69.6309375
822.745395	-139.261875
822.938158	8.191875
823.130921	45.0553125
823.323684	45.0553125
823.516447	34.8154688
823.709211	59.3910937
823.901974	-55.2951562
824.094737	-61.4390625
824.2875	-57.343125
824.480263	-22.5276562
824.673026	-18.4317188
824.865789	129.022031
825.058553	126.974063
825.251316	143.357812
825.444079	-57.343125
825.636842	28.6715625
825.829605	-8.191875
826.022368	-45.0553125
826.215132	30.7195312
826.407895	-47.1032813
826.600658	6.14390625
826.793421	-45.0553125
826.986184	-92.1585937
827.178947	67.5829687
827.371711	-12.2878125
827.564474	30.7195312
827.757237	16.38375
827.95	2.04796875
828.142763	92.1585937
828.335526	-2.04796875
828.528289	32.7675
828.721053	59.3910937
828.913816	45.0553125
829.106579	34.8154688
829.299342	-55.2951563
829.492105	38.9114062
829.684868	-6.14390625
829.877632	137.213906
830.070395	-18.4317187
830.263158	40.959375
830.455921	86.0146875
830.648684	59.3910937
830.841447	-57.343125
831.034211	-32.7675
831.226974	-45.0553125
831.419737	-22.5276562
831.6125	-137.213906
831.805263	-16.38375
831.998026	88.0626563
832.190789	65.535
832.383553	83.9667188
832.576316	-2.04796875
832.769079	159.741562
832.961842	-167.933438
833.154605	172.029375
833.347368	14.3357813
833.540132	-67.5829687
833.732895	49.15125
833.925658	22.5276563
834.118421	24.575625
834.311184	26.6235937
834.503947	30.7195312
834.696711	-10.2398438
834.889474	147.45375
835.082237	-53.2471875
835.275	-2.04796875
835.467763	40.959375
835.660526	83.9667187
835.853289	-47.1032813
836.046053	16.38375
836.238816	57.343125
836.431579	-122.878125
836.624342	32.7675
836.817105	-47.1032813
837.009868	-57.343125
837.202632	-6.14390625
837.395395	26.6235938
837.588158	43.0073438
837.780921	22.5276563
837.973684	-4.0959375
838.166447	79.8707812
838.359211	22.5276563
838.551974	-86.0146875
838.744737	-49.15125
838.9375	77.8228125
839.130263	36.8634375
839.323026	-51.1992187
839.515789	-88.0626563
839.708553	-106.494375
839.901316	73.726875
840.094079	36.8634375
840.286842	6.14390625
840.479605	-73.726875
840.672368	73.726875
840.865132	-12.2878125
841.057895	2.04796875
841.250658	28.6715625
841.443421	-59.3910937
841.636184	2.04796875
841.828947	-36.8634375
842.021711	38.9114062
842.214474	88.0626563
842.407237	6.14390625
842.6	34.8154688
842.792763	198.652969
842.985526	-4.0959375
843.178289	-6.14390625
843.371053	4.0959375
843.563816	-36.8634375
843.756579	155.645625
843.949342	-22.5276562
844.142105	98.3025
844.334868	98.3025
844.527632	-233.468438
844.720395	22.5276563
844.913158	22.5276563
845.105921	-40.959375
845.298684	22.5276562
845.491447	32.7675
845.684211	86.0146875
845.876974	0
846.069737	61.4390625
846.2625	-73.726875
846.455263	71.6789063
846.648026	92.1585937
846.840789	75.7748438
847.033553	73.726875
847.226316	137.213906
847.419079	-92.1585937
847.611842	22.5276562
847.804605	30.7195313
847.997368	-55.2951563
848.190132	71.6789062
848.382895	88.0626563
848.575658	10.2398438
848.768421	55.2951563
848.961184	0
849.153947	120.830156
849.346711	30.7195313
849.539474	-73.726875
849.732237	51.1992187
849.925	14.3357812
850.117763	-22.5276563
850.310526	-14.3357813
850.503289	79.8707812
850.696053	-4.0959375
850.888816	120.830156
851.081579	55.2951562
851.274342	114.68625
851.467105	-65.535
851.659868	20.4796875
851.852632	16.38375
852.045395	-36.8634375
852.238158	133.117969
852.430921	-147.45375
852.623684	-63.4870313
852.816447	94.2065625
853.009211	112.638281
853.201974	12.2878125
853.394737	-22.5276563
853.5875	135.165937
853.780263	63.4870312
853.973026	-81.91875
854.165789	47.1032812
854.358553	-22.5276563
854.551316	-57.343125
854.744079	69.6309375
854.936842	36.8634375
855.129605	28.6715625
855.322368	18.4317188
855.515132	24.575625
855.707895	-77.8228125
855.900658	-38.9114063
856.093421	59.3910937
856.286184	-69.6309375
856.478947	-26.6235938
856.671711	-28.6715625
856.864474	-67.5829687
857.057237	92.1585937
857.25	32.7675
857.442763	22.5276563
857.635526	49.15125
857.828289	-22.5276562
858.021053	133.117969
858.213816	-10.2398438
858.406579	204.796875
858.599342	4.0959375
858.792105	0
858.984868	20.4796875
859.177632	45.0553125
859.370395	18.4317188
859.563158	0
859.755921	34.8154688
859.948684	38.9114062
860.141447	40.959375
860.334211	-67.5829687
860.526974	49.15125
860.719737	53.2471875
860.9125	55.2951562
861.105263	-6.14390625
861.298026	-24.575625
861.490789	96.2545313
861.683553	-49.15125
861.876316	43.0073438
862.069079	-32.7675
862.261842	36.8634375
862.454605	-40.959375
862.647368	-30.7195313
862.840132	-14.3357813
863.032895	-79.8707813
863.225658	-2.04796875
863.418421	51.1992187
863.611184	30.7195313
863.803947	-20.4796875
863.996711	77.8228125
864.189474	-57.343125
864.382237	-59.3910937
864.575	57.343125
864.767763	30.7195313
864.960526	53.2471875
865.153289	-20.4796875
865.346053	43.0073438
865.538816	-18.4317188
865.731579	4.0959375
865.924342	-8.191875
866.117105	32.7675
866.309868	-88.0626563
866.502632	92.1585937
866.695395	-51.1992187
866.888158	16.38375
867.080921	-75.7748437
867.273684	98.3025
867.466447	-4.0959375
867.659211	-16.38375
867.851974	-139.261875
868.044737	145.405781
868.2375	-10.2398438
868.430263	8.191875
868.623026	63.4870313
868.815789	71.6789062
869.008553	53.2471875
869.201316	-108.542344
869.394079	0
869.586842	-8.191875
869.779605	40.959375
869.972368	88.0626562
870.165132	-126.974062
870.357895	83.9667187
870.550658	-69.6309375
870.743421	-86.0146875
870.936184	30.7195313
871.128947	20.4796875
871.321711	40.959375
871.514474	-55.2951562
871.707237	96.2545312
871.9	8.191875
872.092763	-57.343125
872.285526	36.8634375
872.478289	-120.830156
872.671053	94.2065625
872.863816	-34.8154688
873.056579	-12.2878125
873.249342	4.0959375
873.442105	18.4317188
873.634868	-30.7195313
873.827632	18.4317188
874.020395	-75.7748437
874.213158	8.191875
874.405921	141.309844
874.598684	92.1585937
874.791447	36.8634375
874.984211	22.5276562
875.176974	20.4796875
875.369737	100.350469
875.5625	8.191875
875.755263	-51.1992187
875.948026	147.45375
876.140789	10.2398438
876.333553	0
876.526316	10.2398438
876.719079	-90.110625
876.911842	79.8707813
877.104605	26.6235937
877.297368	-86.0146875
877.490132	30.7195312
877.682895	38.9114062
877.875658	-163.8375
878.068421	16.38375
878.261184	0
878.453947	28.6715625
878.646711	-14.3357813
878.839474	-98.3025
879.032237	-12.2878125
879.225	-30.7195312
879.417763	-20.4796875
879.610526	32.7675
879.803289	-49.15125
879.996053	2.04796875
880.188816	55.2951563
880.381579	14.3357812
880.574342	-34.8154688
880.767105	43.0073438
880.959868	57.343125
881.152632	153.597656
881.345395	-43.0073438
881.538158	-6.14390625
881.730921	-22.5276563
881.923684	-10.2398438
882.116447	-28.6715625
882.309211	114.68625
882.501974	2.04796875
882.694737	-38.9114063
882.8875	20.4796875
883.080263	71.6789063
883.273026	-151.549687
883.465789	-24.575625
883.658553	-2.04796875
883.851316	94.2065625
884.044079	32.7675
884.236842	-14.3357813
884.429605	-151.549687
884.622368	-90.110625
884.815132	-30.7195313
885.007895	6.14390625
885.200658	-45.0553125
885.393421	8.191875
885.586184	-20.4796875
885.778947	40.959375
885.971711	-43.0073438
886.164474	20.4796875
886.357237	-143.357812
886.55	36.8634375
886.742763	32.7675
886.935526	53.2471875
887.128289	49.15125
887.321053	-18.4317188
887.513816	20.4796875
887.706579	172.029375
887.899342	14.3357812
888.092105	94.2065625
888.284868	122.878125
888.477632	49.15125
888.670395	30.7195312
888.863158	-2.04796875
889.055921	6.14390625
889.248684	-73.726875
889.441447	-16.38375
889.634211	-40.959375
889.826974	-28.6715625
890.019737	-81.91875
890.2125	-100.350469
890.405263	63.4870313
890.598026	26.6235938
890.790789	-22.5276563
890.983553	-22.5276563
891.176316	-34.8154688
891.369079	-106.494375
891.561842	36.8634375
891.754605	-12.2878125
891.947368	-112.638281
892.140132	6.14390625
892.332895	-38.9114063
892.525658	-73.726875
892.718421	-75.7748438
892.911184	-55.2951562
893.103947	-122.878125
893.296711	32.7675
893.489474	4.0959375
893.682237	26.6235938
893.875	-4.0959375
894.067763	-45.0553125
894.260526	139.261875
894.453289	-26.6235938
894.646053	-96.2545313
894.838816	-108.542344
895.031579	98.3025
895.224342	-153.597656
895.417105	32.7675
895.609868	0
895.802632	-32.7675
895.995395	-61.4390625
896.188158	-20.4796875
896.380921	88.0626563
896.573684	43.0073438
896.766447	-61.4390625
896.959211	-8.191875
897.151974	-71.6789063
897.344737	-12.2878125
897.5375	-83.9667187
897.730263	-71.6789062
897.923026	61.4390625
898.115789	-16.38375
898.308553	-75.7748437
898.501316	75.7748437
898.694079	-2.04796875
898.886842	-69.6309375
899.079605	-96.2545313
899.272368	-18.4317187
899.465132	-83.9667187
899.657895	16.38375
899.850658	-57.343125
900.043421	4.0959375
900.236184	-55.2951562
900.428947	92.1585937
900.621711	-2.04796875
900.814474	-45.0553125
901.007237	30.7195313
901.2	-104.446406
901.392763	30.7195312
901.585526	-124.926094
901.778289	36.8634375
901.971053	16.38375
902.163816	-163.8375
902.356579	8.191875
902.549342	59.3910937
902.742105	0
902.934868	67.5829687
903.127632	-32.7675
903.320395	-69.6309375
903.513158	65.535
903.705921	63.4870313
903.898684	106.494375
904.091447	-28.6715625
904.284211	-40.959375
904.476974	-20.4796875
904.669737	-88.0626562
904.8625	94.2065625
905.055263	24.575625
905.248026	-49.15125
905.440789	139.261875
905.633553	12.2878125
905.826316	47.1032812
906.019079	98.3025
906.211842	-24.575625
906.404605	-145.405781
906.597368	-53.2471875
906.790132	-38.9114062
906.982895	-18.4317188
907.175658	-169.981406
907.368421	-8.191875
907.561184	-12.2878125
907.753947	129.022031
907.946711	14.3357812
908.139474	-149.501719
908.332237	-67.5829688
908.525	-71.6789062
908.717763	-26.6235938
908.910526	-2.04796875
909.103289	-2.04796875
909.296053	43.0073438
909.488816	53.2471875
909.681579	-98.3025
909.874342	12.2878125
910.067105	-53.2471875
910.259868	-8.191875
910.452632	-2.04796875
910.645395	-2.04796875
910.838158	-110.590312
911.030921	-8.191875
911.223684	-28.6715625
911.416447	69.6309375
911.609211	10.2398438
911.801974	14.3357813
911.994737	-122.878125
912.1875	-30.7195313
912.380263	-6.14390625
912.573026	75.7748437
912.765789	-10.2398437
912.958553	-86.0146875
913.151316	77.8228125
913.344079	133.117969
913.536842	-8.191875
913.729605	-8.191875
913.922368	-34.8154688
914.115132	43.0073438
914.307895	49.15125
914.500658	49.15125
914.693421	-106.494375
914.886184	155.645625
915.078947	49.15125
915.271711	38.9114063
915.464474	135.165938
915.657237	-47.1032813
915.85	-26.6235938
916.042763	-32.7675
916.235526	100.350469
916.428289	34.8154688
916.621053	32.7675
916.813816	34.8154688
917.006579	-122.878125
917.199342	-124.926094
917.392105	-30.7195312
917.584868	124.926094
917.777632	16.38375
917.970395	104.446406
918.163158	-65.535
918.355921	49.15125
918.548684	-34.8154688
918.741447	12.2878125
918.934211	-20.4796875
919.126974	-40.959375
919.319737	-139.261875
919.5125	36.8634375
919.705263	-51.1992187
919.898026	-38.9114063
920.090789	-174.077344
920.283553	81.91875
920.476316	40.959375
920.669079	14.3357812
920.861842	-43.0073438
921.054605	124.926094
921.247368	-36.8634375
921.440132	34.8154688
921.632895	61.4390625
921.825658	-69.6309375
922.018421	32.7675
922.211184	-34.8154688
922.403947	36.8634375
922.596711	47.1032813
922.789474	71.6789062
922.982237	92.1585938
923.175	24.575625
923.367763	108.542344
923.560526	-16.38375
923.753289	0
923.946053	40.959375
924.138816	-65.535
924.331579	16.38375
924.524342	2.04796875
924.717105	-53.2471875
924.909868	-20.4796875
925.102632	-14.3357812
925.295395	22.5276563
925.488158	-131.07
925.680921	-71.6789062
925.873684	-79.8707812
926.066447	47.1032813
926.259211	75.7748437
926.451974	-124.926094
926.644737	47.1032813
926.8375	26.6235938
927.030263	75.7748437
927.223026	0
927.415789	-34.8154688
927.608553	-12.2878125
927.801316	30.7195313
927.994079	30.7195313
928.186842	34.8154688
928.379605	73.726875
928.572368	145.405781
928.765132	94.2065625
928.957895	18.4317187
929.150658	100.350469
929.343421	-22.5276562
929.536184	-2.04796875
929.728947	-157.693594
929.921711	-55.2951562
930.114474	36.8634375
930.307237	-81.91875
930.5	-16.38375
930.692763	-14.3357813
930.885526	-16.38375
931.078289	47.1032812
931.271053	-6.14390625
931.463816	-16.38375
931.656579	-24.575625
931.849342	-51.1992187
932.042105	-51.1992187
932.234868	-108.542344
932.427632	-40.959375
932.620395	-12.2878125
932.813158	-67.5829687
933.005921	-112.638281
933.198684	-4.0959375
933.391447	98.3025
933.584211	-51.1992187
933.776974	-75.7748437
933.969737	180.22125
934.1625	49.15125
934.355263	-92.1585937
934.548026	43.0073438
934.740789	-59.3910937
934.933553	8.191875
935.126316	-75.7748438
935.319079	4.0959375
935.511842	0
935.704605	20.4796875
935.897368	90.110625
936.090132	147.45375
936.282895	71.6789063
936.475658	-28.6715625
936.668421	-10.2398438
936.861184	53.2471875
937.053947	-12.2878125
937.246711	-14.3357812
937.439474	-24.575625
937.632237	86.0146875
937.825	153.597656
938.017763	-16.38375
938.210526	86.0146875
938.403289	73.726875
938.596053	-6.14390625
938.788816	10.2398438
938.981579	79.8707813
939.174342	18.4317188
939.367105	133.117969
939.559868	-18.4317188
939.752632	-47.1032813
939.945395	2.04796875
940.138158	-55.2951563
940.330921	-20.4796875
940.523684	47.1032812
940.716447	16.38375
940.909211	-24.575625
941.101974	83.9667187
941.294737	-43.0073438
941.4875	-28.6715625
941.680263	176.125313
941.873026	-8.191875
942.065789	-6.14390625
942.258553	96.2545312
942.451316	8.191875
942.644079	16.38375
942.836842	18.4317188
943.029605	32.7675
943.222368	22.5276562
943.415132	-10.2398437
943.607895	-53.2471875
943.800658	6.14390625
943.993421	45.0553125
944.186184	-20.4796875
944.378947	-51.1992187
944.571711	86.0146875
944.764474	20.4796875
944.957237	-30.7195313
945.15	30.7195312
945.342763	20.4796875
945.535526	-2.04796875
945.728289	-65.535
945.921053	-165.885469
946.113816	-47.1032812
946.306579	51.1992187
946.499342	-8.191875
946.692105	-24.575625
946.884868	38.9114063
947.077632	63.4870313
947.270395	81.91875
947.463158	-73.726875
947.655921	-86.0146875
947.848684	86.0146875
948.041447	90.110625
948.234211	61.4390625
948.426974	-45.0553125
948.619737	8.191875
948.8125	57.343125
949.005263	-49.15125
949.198026	-38.9114063
949.390789	34.8154688
949.583553	-4.0959375
949.776316	-32.7675
949.969079	-51.1992187
950.161842	-20.4796875
950.354605	-32.7675
950.547368	-2.04796875
950.740132	83.9667187
950.932895	57.343125
951.125658	90.110625
951.318421	55.2951563
951.511184	6.14390625
951.703947	-4.0959375
951.896711	81.91875
952.089474	0
952.282237	40.959375
952.475	94.2065625
952.667763	-47.1032812
952.860526	-129.022031
953.053289	30.7195312
953.246053	-77.8228125
953.438816	106.494375
953.631579	-14.3357812
953.824342	-100.350469
954.017105	-81.91875
954.209868	-26.6235938
954.402632	-34.8154688
954.595395	-34.8154688
954.788158	-71.6789063
954.980921	86.0146875
955.173684	65.535
955.366447	18.4317188
955.559211	51.1992187
955.751974	-38.9114063
955.944737	81.91875
956.1375	18.4317188
956.330263	83.9667188
956.523026	112.638281
956.715789	-63.4870313
956.908553	-32.7675
957.101316	-57.343125
957.294079	59.3910937
957.486842	-65.535
957.679605	4.0959375
957.872368	55.2951562
958.065132	-26.6235938
958.257895	-69.6309375
958.450658	-65.535
958.643421	-75.7748437
958.836184	124.926094
959.028947	-71.6789062
959.221711	77.8228125
959.414474	-4.0959375
959.607237	-61.4390625
959.8	71.6789062
959.992763	118.782187
960.185526	6.14390625
960.378289	-28.6715625
960.571053	-71.6789063
960.763816	-116.734219
960.956579	-10.2398438
961.149342	-32.7675
961.342105	-57.343125
961.534868	124.926094
961.727632	-6.14390625
961.920395	0
962.113158	-26.6235938
962.305921	47.1032812
962.498684	-47.1032813
962.691447	40.959375
962.884211	-2.04796875
963.076974	102.398437
963.269737	12.2878125
963.4625	28.6715625
963.655263	-4.0959375
963.848026	-73.726875
964.040789	-77.8228125
964.233553	-51.1992187
964.426316	-43.0073438
964.619079	-161.789531
964.811842	24.575625
965.004605	-14.3357812
965.197368	-47.1032813
965.390132	36.8634375
965.582895	108.542344
965.775658	-8.191875
965.968421	-57.343125
966.161184	-108.542344
966.353947	18.4317188
966.546711	30.7195312
966.739474	40.959375
966.932237	159.741563
967.125	-49.15125
967.317763	22.5276563
967.510526	18.4317188
967.703289	-102.398437
967.896053	-10.2398438
968.088816	14.3357812
968.281579	34.8154688
968.474342	-49.15125
968.667105	-30.7195312
968.859868	-6.14390625
969.052632	-34.8154688
969.245395	0
969.438158	-122.878125
969.630921	61.4390625
969.823684	-36.8634375
970.016447	-47.1032813
970.209211	100.350469
970.401974	8.191875
970.594737	108.542344
970.7875	-14.3357812
970.980263	137.213906
971.173026	55.2951562
971.365789	-57.343125
971.558553	-116.734219
971.751316	-65.535
971.944079	-59.3910937
972.136842	83.9667187
972.329605	-55.2951563
972.522368	12.2878125
972.715132	-102.398437
972.907895	-67.5829687
973.100658	88.0626563
973.293421	16.38375
973.486184	-20.4796875
973.678947	30.7195313
973.871711	100.350469
974.064474	-212.98875
974.257237	-96.2545313
974.45	47.1032812
974.642763	14.3357813
974.835526	28.6715625
975.028289	-83.9667187
975.221053	-14.3357813
975.413816	-10.2398438
975.606579	124.926094
975.799342	43.0073438
975.992105	-43.0073438
976.184868	55.2951562
976.377632	69.6309375
976.570395	-81.91875
976.763158	30.7195312
976.955921	110.590312
977.148684	4.0959375
977.341447	-2.04796875
977.534211	-18.4317188
977.726974	165.885469
977.919737	-71.6789063
978.1125	-106.494375
978.305263	-94.2065625
978.498026	81.91875
978.690789	34.8154688
978.883553	-20.4796875
979.076316	-14.3357812
979.269079	-49.15125
979.461842	-34.8154687
979.654605	8.191875
979.847368	112.638281
980.040132	88.0626562
980.232895	26.6235938
980.425658	-57.343125
980.618421	43.0073438
980.811184	14.3357812
981.003947	49.15125
981.196711	24.575625
981.389474	47.1032812
981.582237	63.4870313
981.775	10.2398437
981.967763	92.1585938
982.160526	-51.1992187
982.353289	135.165937
982.546053	57.343125
982.738816	114.68625
982.931579	-79.8707813
983.124342	94.2065625
983.317105	57.343125
983.509868	2.04796875
983.702632	-92.1585937
983.895395	-43.0073438
984.088158	-8.191875
984.280921	-55.2951562
984.473684	18.4317188
984.666447	-131.07
984.859211	8.191875
985.051974	-73.726875
985.244737	34.8154688
985.4375	102.398437
985.630263	-53.2471875
985.823026	-65.535
986.015789	-2.04796875
986.208553	-59.3910937
986.401316	-45.0553125
986.594079	73.726875
986.786842	47.1032812
986.979605	12.2878125
987.172368	94.2065625
987.365132	112.638281
987.557895	4.0959375
987.750658	28.6715625
987.943421	-38.9114062
988.136184	40.959375
988.328947	79.8707812
988.521711	53.2471875
988.714474	-57.343125
988.907237	-20.4796875
989.1	-51.1992187
989.292763	-77.8228125
989.485526	-30.7195313
989.678289	-12.2878125
989.871053	2.04796875
990.063816	-45.0553125
990.256579	18.4317188
990.449342	92.1585937
990.642105	-167.933437
990.834868	92.1585937
991.027632	-110.590312
991.220395	-104.446406
991.413158	-38.9114063
991.605921	-63.4870312
991.798684	104.446406
991.991447	14.3357812
992.184211	51.1992187
992.376974	-30.7195312
992.569737	22.5276563
992.7625	112.638281
992.955263	32.7675
993.148026	-8.191875
993.340789	14.3357812
993.533553	-20.4796875
993.726316	2.04796875
993.919079	34.8154688
994.111842	-12.2878125
994.304605	40.959375
994.497368	-38.9114063
994.690132	0
994.882895	-90.110625
995.075658	34.8154688
995.268421	-96.2545313
995.461184	-43.0073438
995.653947	-6.14390625
995.846711	43.0073438
996.039474	-6.14390625
996.232237	-43.0073438
996.425	-77.8228125
996.617763	-4.0959375
996.810526	24.575625
997.003289	2.04796875
997.196053	40.959375
997.388816	30.7195313
997.581579	6.14390625
997.774342	36.8634375
997.967105	4.0959375
998.159868	-65.535
998.352632	0
998.545395	8.191875
998.738158	-73.726875
998.930921	-20.4796875
999.123684	57.343125
999.316447	110.590313
999.509211	32.7675
999.701974	83.9667187
999.894737	-34.8154688
1000.0875	61.4390625
1000.28026	26.6235938
1000.47303	0
1000.66579	-69.6309375
1000.85855	112.638281
1001.05132	-30.7195312
1001.24408	49.15125
1001.43684	14.3357812
1001.62961	73.726875
1001.82237	12.2878125
1002.01513	61.4390625
1002.20789	-22.5276563
1002.40066	92.1585937
1002.59342	-24.575625
1002.78618	20.4796875
1002.97895	-65.535
1003.17171	-96.2545312
1003.36447	-20.4796875
1003.55724	-20.4796875
1003.75	22.5276562
1003.94276	26.6235937
1004.13553	30.7195312
1004.32829	-53.2471875
1004.52105	47.1032813
1004.71382	-28.6715625
1004.90658	-14.3357813
1005.09934	86.0146875
1005.29211	69.6309375
1005.48487	-45.0553125
1005.67763	-4.0959375
1005.87039	147.45375
1006.06316	45.0553125
1006.25592	-24.575625
1006.44868	20.4796875
1006.64145	49.15125
1006.83421	51.1992187
1007.02697	96.2545313
1007.21974	63.4870312
1007.4125	-49.15125
1007.60526	34.8154688
1007.79803	135.165937
1007.99079	38.9114063
1008.18355	-90.110625
1008.37632	69.6309375
1008.56908	26.6235938
1008.76184	10.2398438
1008.95461	108.542344
1009.14737	-104.446406
1009.34013	8.191875
1009.53289	71.6789063
1009.72566	-88.0626563
1009.91842	8.191875
1010.11118	16.38375
1010.30395	-12.2878125
1010.49671	-40.959375
1010.68947	-8.191875
1010.88224	43.0073438
1011.075	28.6715625
1011.26776	-36.8634375
1011.46053	-104.446406
1011.65329	-38.9114062
1011.84605	-55.2951563
1012.03882	-2.04796875
1012.23158	59.3910937
1012.42434	-51.1992187
1012.61711	57.343125
1012.80987	-63.4870312
1013.00263	0
1013.19539	-55.2951562
1013.38816	-38.9114063
1013.58092	-63.4870312
1013.77368	-14.3357813
1013.96645	49.15125
1014.15921	-71.6789063
1014.35197	55.2951562
1014.54474	43.0073438
1014.7375	-10.2398438
1014.93026	-34.8154688
1015.12303	-79.8707812
1015.31579	-18.4317188
1015.50855	8.191875
1015.70132	49.15125
1015.89408	-6.14390625
1016.08684	-14.3357812
1016.27961	-24.575625
1016.47237	120.830156
1016.66513	-20.4796875
1016.85789	135.165937
1017.05066	65.535
1017.24342	-32.7675
1017.43618	38.9114063
1017.62895	59.3910937
1017.82171	40.959375
1018.01447	-92.1585938
1018.20724	32.7675
1018.4	-14.3357812
1018.59276	-49.15125
1018.78553	-2.04796875
1018.97829	38.9114062
1019.17105	26.6235938
1019.36382	-8.191875
1019.55658	8.191875
1019.74934	16.38375
1019.94211	32.7675
1020.13487	92.1585938
1020.32763	-100.350469
1020.52039	71.6789063
1020.71316	43.0073438
1020.90592	0
1021.09868	34.8154688
1021.29145	-110.590312
1021.48421	26.6235938
1021.67697	18.4317188
1021.86974	32.7675
1022.0625	20.4796875
1022.25526	-36.8634375
1022.44803	124.926094
1022.64079	53.2471875
1022.83355	-96.2545312
1023.02632	51.1992187
1023.21908	-38.9114062
1023.41184	-2.04796875
1023.60461	196.605
1023.79737	10.2398438
1023.99013	-112.638281
1024.18289	18.4317188
1024.37566	45.0553125
1024.56842	-14.3357812
1024.76118	-49.15125
1024.95395	-90.110625
1025.14671	-10.2398438
1025.33947	104.446406
1025.53224	-8.191875
1025.725	24.575625
1025.91776	34.8154688
1026.11053	88.0626562
1026.30329	53.2471875
1026.49605	-77.8228125
1026.68882	-30.7195312
1026.88158	61.4390625
1027.07434	-108.542344
1027.26711	-10.2398437
1027.45987	63.4870312
1027.65263	-30.7195312
1027.84539	-30.7195312
1028.03816	28.6715625
1028.23092	-49.15125
1028.42368	16.38375
1028.61645	-10.2398438
1028.80921	-34.8154688
1029.00197	-67.5829687
1029.19474	-6.14390625
1029.3875	129.022031
1029.58026	-71.6789062
1029.77303	-188.413125
1029.96579	-45.0553125
1030.15855	-45.0553125
1030.35132	26.6235938
1030.54408	83.9667187
1030.73684	-26.6235937
1030.92961	-110.590312
1031.12237	12.2878125
1031.31513	-28.6715625
1031.50789	6.14390625
1031.70066	67.5829687
1031.89342	51.1992187
1032.08618	47.1032812
1032.27895	-28.6715625
1032.47171	28.6715625
1032.66447	-6.14390625
1032.85724	-65.535
1033.05	-124.926094
1033.24276	6.14390625
1033.43553	10.2398438
1033.62829	-8.191875
1033.82105	34.8154688
1034.01382	-14.3357812
1034.20658	-26.6235938
1034.39934	102.398437
1034.59211	-34.8154688
1034.78487	-4.0959375
1034.97763	-34.8154688
1035.17039	-96.2545313
1035.36316	-96.2545313
1035.55592	30.7195312
1035.74868	-26.6235938
1035.94145	126.974062
1036.13421	28.6715625
1036.32697	16.38375
1036.51974	79.8707812
1036.7125	55.2951563
1036.90526	4.0959375
1037.09803	-69.6309375
1037.29079	36.8634375
1037.48355	55.2951563
1037.67632	-102.398437
1037.86908	-16.38375
1038.06184	30.7195312
1038.25461	-14.3357812
1038.44737	53.2471875
1038.64013	-26.6235938
1038.83289	-176.125313
1039.02566	-159.741563
1039.21842	59.3910937
1039.41118	104.446406
1039.60395	-4.0959375
1039.79671	0
1039.98947	-10.2398438
1040.18224	-28.6715625
1040.375	-4.0959375
1040.56776	18.4317188
1040.76053	-73.726875
1040.95329	-43.0073438
1041.14605	34.8154688
1041.33882	-28.6715625
1041.53158	-120.830156
1041.72434	-59.3910937
1041.91711	0
1042.10987	-159.741562
1042.30263	-16.38375
1042.49539	-92.1585937
1042.68816	110.590312
1042.88092	12.2878125
1043.07368	-51.1992187
1043.26645	-96.2545313
1043.45921	45.0553125
1043.65197	88.0626563
1043.84474	22.5276562
1044.0375	-90.110625
1044.23026	-79.8707813
1044.42303	-118.782187
1044.61579	2.04796875
1044.80855	196.605
1045.00132	-18.4317188
1045.19408	-163.8375
1045.38684	36.8634375
1045.57961	-53.2471875
1045.77237	-49.15125
1045.96513	-65.535
1046.15789	28.6715625
1046.35066	-26.6235937
1046.54342	-79.8707813
1046.73618	-18.4317188
1046.92895	-92.1585937
1047.12171	-4.0959375
1047.31447	-8.191875
1047.50724	18.4317188
