344.5	-57.343125
344.692763	-57.343125
344.885526	-57.343125
345.078289	-6.14390625
345.271053	-15.3597656
345.463816	2102.23992
345.656579	2711.51062
345.849342	691.189453
346.042105	1515.49687
346.234868	1673.19047
346.427632	1907.68289
346.620395	2591.70445
346.813158	1701.86203
347.005921	826.355391
347.198684	1896.41906
347.391447	2382.81164
347.584211	1817.57227
347.776974	1428.4582
347.969737	1548.26437
348.1625	1417.19437
348.355263	2404.31531
348.548026	1992.67359
348.740789	1334.25164
348.933553	1310.7
349.126316	801.779766
349.319079	2102.23992
349.511842	2785.2375
349.704605	2085.85617
349.897368	2686.935
350.090132	920.561953
350.282895	2034.65695
350.475658	1441.77
350.668421	1558.50422
350.861184	1232.87719
351.053947	1620.96727
351.246711	1834.98
351.439474	1329.13172
351.632237	1304.55609
351.825	1861.60359
352.017763	1927.13859
352.210526	1943.52234
352.403289	1639.39898
352.596053	3262.41422
352.788816	963.569297
352.981579	2853.84445
353.174342	1880.03531
353.367105	3114.96047
353.559868	1273.83656
353.752632	2230.23797
353.945395	823.283437
354.138158	1435.62609
354.330921	1856.48367
354.523684	1780.70883
354.716447	566.263359
354.909211	2090.97609
355.101974	1243.11703
355.294737	1161.19828
355.4875	1120.23891
355.680263	2727.89437
355.873026	989.168906
356.065789	1153.00641
356.258553	2653.14352
356.451316	1000.43273
356.644079	1692.64617
356.836842	1368.04313
357.029605	2140.12734
357.222368	2258.90953
357.415132	1790.94867
357.607895	992.240859
357.800658	2082.78422
357.993421	1603.55953
358.186184	1587.17578
358.378947	2576.34469
358.571711	2349.02016
358.764474	2212.83023
358.957237	2477.0182
359.15	1876.96336
359.342763	1140.71859
359.535526	1314.79594
359.728289	1174.51008
359.921053	2387.93156
360.113816	1686.50227
360.306579	2841.55664
360.499342	2126.81555
360.692105	1575.91195
360.884868	1147.88648
361.077632	1783.78078
361.270395	672.757734
361.463158	1158.12633
361.655921	2255.83758
361.848684	1183.72594
362.041447	2175.9668
362.234211	1118.19094
362.426974	2126.81555
362.619737	2770.90172
362.8125	1729.50961
363.005263	1457.12977
363.198026	2682.83906
363.390789	1554.40828
363.583553	565.239375
363.776316	3240.91055
363.969079	1700.83805
364.161842	2583.51258
364.354605	1903.58695
364.547368	2149.3432
364.740132	1507.305
364.932895	1208.30156
365.125658	2736.08625
365.318421	707.573203
365.511184	959.473359
365.703947	2514.90562
365.896711	1601.51156
366.089474	673.781719
366.282237	2385.88359
366.475	1581.03188
366.667763	1722.34172
366.860526	1995.74555
367.053289	2004.96141
367.246053	2044.8968
367.438816	2795.47734
367.631579	1401.83461
367.824342	2144.22328
368.017105	2551.76906
368.209868	1362.9232
368.402632	2150.36719
368.595395	1852.38773
368.788158	1909.73086
368.980921	2808.78914
369.173684	1634.27906
369.366447	2797.52531
369.559211	2408.41125
369.751974	2404.31531
369.944737	1120.23891
370.1375	1739.74945
370.330263	2313.1807
370.523026	1743.84539
370.715789	1230.82922
370.908553	2437.08281
371.101316	3224.5268
371.294079	730.100859
371.486842	1606.63148
371.679605	1788.9007
371.872368	1136.62266
372.065132	1071.08766
372.257895	1359.85125
372.450658	1342.44352
372.643421	3117.00844
372.836184	2494.42594
373.028947	1587.17578
373.221711	2269.14937
373.414474	3092.43281
373.607237	1496.04117
373.8	1371.11508
373.992763	2566.10484
374.185526	1848.2918
374.378289	1719.26977
374.571053	1151.98242
374.763816	1341.41953
374.956579	1544.16844
375.149342	808.947656
375.342105	1213.42148
375.534868	2067.42445
375.727632	1995.74555
375.920395	2272.22133
376.113158	2465.75438
376.305921	2028.51305
376.498684	1857.50766
376.691447	1295.34023
376.884211	2408.41125
377.076974	956.401406
377.269737	1498.08914
377.4625	1673.19047
377.655263	2237.40586
377.848026	825.331406
378.040789	2120.67164
378.233553	1237.99711
378.426316	1047.53602
378.619079	1865.69953
378.811842	888.818438
379.004605	2726.87039
379.197368	1882.08328
379.390132	1632.23109
379.582895	2961.36281
379.775658	2245.59773
379.968421	1618.9193
380.161184	1766.37305
380.353947	1435.62609
380.546711	2572.24875
380.739474	667.637813
380.932237	1130.47875
381.125	1925.09062
381.317763	1502.18508
381.510526	1657.8307
381.703289	1964.00203
381.896053	1350.63539
382.088816	1749.9893
382.281579	2004.96141
382.474342	821.235469
382.667105	1938.40242
382.859868	1689.57422
383.052632	2494.42594
383.245395	1560.55219
383.438158	462.840938
383.630921	2250.71766
383.823684	1499.11312
384.016447	1275.88453
384.209211	1179.63
384.401974	1148.91047
384.594737	1856.48367
384.7875	2105.31188
384.980263	1348.58742
385.173026	1903.58695
385.365789	1483.75336
385.558553	1434.60211
385.751316	2806.74117
385.944079	983.025
386.136842	2504.66578
386.329605	1980.38578
386.522368	1601.51156
386.715132	1969.12195
386.907895	2334.68437
387.100658	987.120937
387.293421	1345.51547
387.486184	1504.23305
387.678947	1907.68289
387.871711	1735.65352
388.064474	2631.63984
388.257237	1501.16109
388.45	1739.74945
388.642763	1863.65156
388.835526	1645.54289
389.028289	2571.22477
389.221053	3312.58945
389.413816	1468.39359
389.606579	2218.97414
389.799342	1941.47438
389.992105	1175.53406
390.184868	2485.21008
390.377632	2406.36328
390.570395	1313.77195
390.763158	960.497344
390.955921	1559.5282
391.148684	1544.16844
391.341447	1390.57078
391.534211	1557.48023
391.726974	1222.63734
391.919737	2147.29523
392.1125	1762.27711
392.305263	950.2575
392.498026	2184.15867
392.690789	1917.92273
392.883553	1153.00641
393.076316	2106.33586
393.269079	1549.28836
393.461842	1511.40094
393.654605	1354.73133
393.847368	1670.11852
394.040132	2264.02945
394.232895	1868.77148
394.425658	2350.04414
394.618421	810.995625
394.811184	2957.26687
395.003947	2284.50914
395.196711	1892.32312
395.389474	2734.03828
395.582237	1469.41758
395.775	150.525703
395.967763	2315.22867
396.160526	880.626563
396.353289	2810.83711
396.546053	2974.67461
396.738816	1933.2825
396.931579	1645.54289
397.124342	1677.28641
397.317105	3016.65797
397.509868	2608.0882
397.702632	1006.57664
397.895395	830.451328
398.088158	2211.80625
398.280921	2954.19492
398.473684	3042.25758
398.666447	1683.43031
398.859211	1605.6075
399.051974	3144.65602
399.244737	1894.37109
399.4375	1990.62562
399.630263	2655.19148
399.823026	765.940312
400.015789	1684.4543
400.208553	2041.82484
400.401316	1907.68289
400.594079	2042.84883
400.786842	748.532578
400.979605	1011.69656
401.172368	1556.45625
401.365132	1111.02305
401.557895	2108.38383
401.750658	2124.76758
401.943421	2598.87234
402.136184	1071.08766
402.328947	1906.65891
402.521711	1641.44695
402.714474	1384.42688
402.907237	2029.53703
403.1	1637.35102
403.292763	3053.52141
403.485526	1418.21836
403.678289	1277.9325
403.871053	3312.58945
404.063816	1315.81992
404.256579	1144.81453
404.449342	2346.97219
404.642105	2346.97219
404.834868	1499.11313
405.027632	1253.35687
405.220395	842.739141
405.413158	1648.61484
405.605921	1119.21492
405.798684	2265.05344
405.991447	1078.25555
406.184211	1874.91539
406.376974	612.342656
406.569737	1904.61094
406.7625	2633.68781
406.955263	2046.94477
407.148026	988.144922
407.340789	1920.99469
407.533553	3036.11367
407.726316	2806.74117
407.919079	1289.19633
408.111842	1810.40438
408.304605	1117.16695
408.497368	2423.77102
408.690132	2213.85422
408.882895	897.010312
409.075658	3000.27422
409.268421	3253.19836
409.461184	1276.90852
409.653947	1996.76953
409.846711	1548.26437
410.039474	1465.32164
410.232237	1891.29914
410.425	3021.77789
410.617763	427.001484
410.810526	2280.4132
411.003289	2984.91445
411.196053	2583.51258
411.388816	1774.56492
411.581579	2917.33148
411.774342	1890.27516
411.967105	1766.37305
412.159868	1922.01867
412.352632	2502.61781
412.545395	2605.01625
412.738158	2430.93891
412.930921	1574.88797
413.123684	2280.4132
413.316447	1784.80477
413.509211	2956.24289
413.701974	1612.77539
413.894737	1506.28102
414.0875	1730.53359
414.280263	2326.4925
414.473026	989.168906
414.665789	2363.35594
414.858553	1940.45039
415.051316	1467.36961
415.244079	2033.63297
415.436842	3277.77398
415.629605	1407.97852
415.822368	2682.83906
416.015132	2153.43914
416.207895	1445.86594
416.400658	1464.29766
416.593421	1513.44891
416.786184	648.182109
416.978947	1558.50422
417.171711	2581.46461
417.364474	1291.2443
417.557237	2360.28398
417.75	1307.62805
417.942763	1976.28984
418.135526	2015.20125
418.328289	1812.45234
418.521053	386.042109
418.713816	2085.85617
418.906579	3391.43625
419.099342	1896.41906
419.292105	2207.71031
419.484868	1455.0818
419.677632	2016.22523
419.870395	1617.89531
420.063158	2281.43719
420.255921	2182.1107
420.448684	1985.5057
420.641447	2074.59234
420.834211	2429.91492
421.026974	1175.53406
421.219737	2480.09016
421.4125	1136.62266
421.605263	3192.78328
421.798026	1399.78664
421.990789	1745.89336
422.183553	1882.08328
422.376316	1713.12586
422.569079	1174.51008
422.761842	2806.74117
422.954605	1810.40438
423.147368	2240.47781
423.340132	1577.95992
423.532895	1749.9893
423.725658	2738.13422
423.918421	1610.72742
424.111184	1721.31773
424.303947	2342.87625
424.496711	910.322109
424.689474	1991.64961
424.882237	1860.57961
425.075	1530.85664
425.267763	2055.13664
425.460526	2515.92961
425.653289	1986.52969
425.846053	1762.27711
426.038816	2026.46508
426.231579	2191.32656
426.424342	2270.17336
426.617105	1642.47094
426.809868	1704.93398
427.002632	1708.00594
427.195395	1627.11117
427.388158	2109.40781
427.580921	2054.11266
427.773684	1329.13172
427.966447	1214.44547
428.159211	2036.70492
428.351974	2003.93742
428.544737	2950.09898
428.7375	1335.27563
428.930263	1503.20906
429.123026	1332.20367
429.315789	899.058281
429.508553	1319.91586
429.701316	2462.68242
429.894079	1259.50078
430.086842	1998.8175
430.279605	2247.6457
430.472368	2004.96141
430.665132	1711.07789
430.857895	1981.40977
431.050658	2279.38922
431.243421	2488.28203
431.436184	3046.35352
431.628947	1717.2218
431.821711	1679.33437
432.014474	1506.28102
432.207237	1726.43766
432.4	2045.92078
432.592763	1396.71469
432.785526	1286.12437
432.978289	2355.16406
433.171053	1998.8175
433.363816	2173.91883
433.556579	2509.7857
433.749342	2018.2732
433.942105	932.849766
434.134868	2387.93156
434.327632	3080.145
434.520395	1410.02648
434.713158	3383.24438
434.905921	2340.82828
435.098684	1216.49344
435.291447	2587.60852
435.484211	2245.59773
435.676974	3240.91055
435.869737	1348.58742
436.0625	2281.43719
436.255263	1674.21445
436.448026	1877.98734
436.640789	2699.22281
436.833553	2745.30211
437.026316	1938.40242
437.219079	2411.4832
437.411842	1803.23648
437.604605	854.002969
437.797368	1281.00445
437.990132	2139.10336
438.182895	1751.01328
438.375658	2153.43914
438.568421	1966.05
438.761184	2078.68828
438.953947	3338.18906
439.146711	1082.35148
439.339474	2663.38336
439.532237	2570.20078
439.725	2059.23258
439.917763	2041.82484
440.110526	1599.46359
440.303289	2178.01477
440.496053	1423.33828
440.688816	1934.30648
440.881579	1385.45086
441.074342	1528.80867
441.267105	2162.655
441.459868	2793.42937
441.652632	2559.96094
441.845395	1486.82531
442.038158	2189.27859
442.230921	1609.70344
442.423684	2050.01672
442.616447	1635.30305
442.809211	2450.39461
443.001974	1935.33047
443.194737	2029.53703
443.3875	1438.69805
443.580263	1211.37352
443.773026	1064.94375
443.965789	1561.57617
444.158553	1559.5282
444.351316	2362.33195
444.544079	2891.73187
444.736842	2075.61633
444.929605	2509.7857
445.122368	1356.7793
445.315132	2984.91445
445.507895	1746.91734
445.700658	2228.19
445.893421	1811.42836
446.086184	2110.4318
446.278947	3386.31633
446.471711	2030.56102
446.664474	2833.36477
446.857237	1768.42102
447.05	2427.86695
447.242763	1749.9893
447.435526	1778.66086
447.628289	1307.62805
447.821053	2241.5018
448.013816	2296.79695
448.206579	3027.9218
448.399342	2933.71523
448.592105	3318.73336
448.784868	3189.71133
448.977632	3001.2982
449.170395	1497.06516
449.363158	2797.52531
449.555921	1248.23695
449.748684	2073.56836
449.941447	2183.13469
450.134211	2838.48469
450.326974	2890.70789
450.519737	3175.37555
450.7125	2197.47047
450.905263	2393.05148
451.098026	3217.35891
451.290789	1993.69758
451.483553	1623.01523
451.676316	3315.66141
451.869079	2847.70055
452.061842	2511.83367
452.254605	2218.97414
452.447368	1719.26977
452.640132	2303.96484
452.832895	2989.01039
453.025658	2555.865
453.218421	2315.22867
453.411184	2211.80625
453.603947	1810.40438
453.796711	3013.58602
453.989474	2599.89633
454.182237	2588.6325
454.375	2572.24875
454.567763	3155.91984
454.760526	2345.9482
454.953289	2707.41469
455.146053	1850.33977
455.338816	3328.9732
455.531579	2720.72648
455.724342	2633.68781
455.917105	2692.05492
456.109868	2230.23797
456.302632	2643.92766
456.495395	1905.63492
456.688158	2140.12734
456.880921	2888.65992
457.073684	2798.5493
457.266447	2658.26344
457.459211	3147.72797
457.651974	2439.13078
457.844737	2210.78227
458.0375	2175.9668
458.230263	2720.72648
458.423026	2539.48125
458.615789	3590.08922
458.808553	2216.92617
459.001316	1614.82336
459.194079	3476.42695
459.386842	3785.67023
459.579605	2427.86695
459.772368	2344.92422
459.965132	3046.35352
460.157895	2637.78375
460.350658	3547.08187
460.543421	3113.93648
460.736184	3434.44359
460.928947	1792.99664
461.121711	2271.19734
461.314474	1929.18656
461.507237	3559.36969
461.7	2323.42055
461.892763	2688.98297
462.085526	4400.06086
462.278289	2917.33148
462.471053	3496.90664
462.663816	2421.72305
462.856579	3587.01727
463.049342	3611.59289
463.242105	3146.70398
463.434868	2250.71766
463.627632	3319.75734
463.820395	2600.92031
464.013158	3083.21695
464.205921	3095.50477
464.398684	2812.88508
464.591447	2003.93742
464.784211	4171.71234
464.976974	3335.11711
465.169737	4591.54594
465.3625	2296.79695
465.555263	2447.32266
465.748026	2210.78227
465.940789	2675.67117
466.133553	3347.40492
466.326316	3096.52875
466.519079	3356.62078
466.711842	4046.78625
466.904605	3332.04516
467.097368	2605.01625
467.290132	3806.14992
467.482895	3788.74219
467.675658	2995.1543
467.868421	3981.25125
468.061184	2912.21156
468.253947	3322.8293
468.446711	3344.33297
468.639474	4475.8357
468.832237	3117.00844
469.025	3679.17586
469.217763	3442.63547
469.410526	2495.44992
469.603289	3308.49352
469.796053	3200.97516
469.988816	3971.01141
470.181579	4521.915
470.374342	4201.40789
470.567105	3905.47641
470.759868	3139.53609
470.952632	2852.82047
471.145395	3060.6893
471.338158	3472.33102
471.530921	2916.3075
471.723684	4882.3575
471.916447	4156.35258
472.109211	3318.73336
472.301974	2227.16602
472.494737	3013.58602
472.6875	3496.90664
472.880263	3164.11172
473.073026	3299.27766
473.265789	4631.48133
473.458553	4716.47203
473.651316	4188.09609
473.844079	2713.55859
474.036842	2974.67461
474.229605	3794.88609
474.422368	2978.77055
474.615132	3405.77203
474.807895	5340.07852
475.000658	4169.66438
475.193421	3731.39906
475.386184	3675.07992
475.578947	3015.63398
475.771711	4180.9282
475.964474	2950.09898
476.157237	2893.77984
476.35	3906.50039
476.542763	3423.17977
476.735526	3499.97859
476.928289	3011.53805
477.121053	3530.69813
477.313816	3992.51508
477.506579	4020.16266
477.699342	4145.08875
477.892105	3017.68195
478.084868	4015.04273
478.277632	4545.46664
478.470395	4712.37609
478.663158	3316.68539
478.855921	4283.32664
479.048684	3101.64867
479.241447	3740.61492
479.434211	3224.5268
479.626974	4990.89984
479.819737	3508.17047
480.0125	3996.61102
480.205263	4756.40742
480.398026	4375.48523
480.590789	5457.83672
480.783553	3611.59289
480.976316	4082.6257
481.169079	3418.05984
481.361842	3148.75195
481.554605	3565.51359
481.747368	3225.55078
481.940132	3045.32953
482.132895	3016.65797
482.325658	5014.45148
482.518421	3483.59484
482.711184	3138.51211
482.903947	2827.22086
483.096711	4004.80289
483.289474	3606.47297
483.482237	2940.88312
483.675	4142.0168
483.867763	4228.03148
484.060526	4849.59
484.253289	3364.81266
484.446053	3813.31781
484.638816	3553.22578
484.831579	3726.27914
485.024342	2949.075
485.217105	3402.70008
485.409868	3444.68344
485.602632	3659.72016
485.795395	4350.90961
485.988158	2626.51992
486.180921	4517.81906
486.373684	2926.54734
486.566447	3640.26445
486.759211	3521.48227
486.951974	4583.35406
487.144737	4398.01289
487.3375	4526.01094
487.530263	3461.06719
487.723026	4466.61984
487.915789	3937.21992
488.108553	2932.69125
488.301316	3502.02656
488.494079	3069.90516
488.686842	3613.64086
488.879605	3431.37164
489.072368	3344.33297
489.265132	2853.84445
489.457895	2994.13031
489.650658	2950.09898
489.843421	3193.80727
490.036184	3669.96
490.228947	3891.14062
490.421711	3379.14844
490.614474	3040.20961
490.807237	3677.12789
491	4743.09562
491.192763	3720.13523
491.385526	2598.87234
491.578289	3316.68539
491.771053	3002.32219
491.963816	4064.19398
492.156579	3669.96
492.349342	4004.80289
492.542105	2862.03633
492.734868	4382.65313
492.927632	3440.5875
493.120395	2985.93844
493.313158	3942.33984
493.505921	2620.37602
493.698684	4224.95953
493.891447	4417.46859
494.084211	3995.58703
494.276974	2990.03438
494.469737	3368.90859
494.6625	2208.7343
494.855263	4209.59977
495.048026	2471.89828
495.240789	3252.17437
495.433553	2507.73773
495.626316	3668.93602
495.819079	2913.23555
496.011842	3899.3325
496.204605	3109.84055
496.397368	4182.97617
496.590132	3253.19836
496.782895	3214.28695
496.975658	3640.26445
497.168421	3925.95609
497.361184	4009.92281
497.553947	3187.66336
497.746711	2736.08625
497.939474	4356.02953
498.132237	3235.79062
498.325	3388.3643
498.517763	3427.2757
498.710526	3292.10977
498.903289	2724.82242
499.096053	3165.1357
499.288816	2486.23406
499.481579	4589.49797
499.674342	3004.37016
499.867105	4515.77109
500.059868	2548.69711
500.252632	3926.98008
500.445395	3597.25711
500.638158	3861.44508
500.830921	3184.59141
501.023684	3299.27766
501.216447	2214.8782
501.409211	4121.53711
501.601974	2968.5307
501.794737	4649.91305
501.9875	3006.41813
502.180263	3413.96391
502.373026	2342.87625
502.565789	3091.40883
502.758553	2746.32609
502.951316	3015.63398
503.144079	3945.4118
503.336842	3306.44555
503.529605	4618.16953
503.722368	4485.05156
503.915132	4097.98547
504.107895	5352.36633
504.300658	7617.41977
504.493421	10646.3655
504.686184	13744.9423
504.878947	17855.2155
505.071711	25417.3402
505.264474	36489.6832
505.457237	58667.1368
505.65	63097.9172
505.842763	62599.2368
506.035526	62398.5359
506.228289	63275.0665
506.421053	63066.1737
506.613816	62554.1815
506.806579	47837.478
506.999342	13649.7117
507.192105	6670.23422
507.384868	5817.25523
507.577632	4297.66242
507.770395	4227.0075
507.963158	3830.72555
508.155921	3642.31242
508.348684	3197.9032
508.541447	3445.70742
508.734211	2977.74656
508.926974	4229.05547
509.119737	2622.42398
509.3125	2656.21547
509.505263	2923.47539
509.698026	3378.12445
509.890789	2984.91445
510.083553	2729.94234
510.276316	2219.99813
510.469079	4180.9282
510.661842	2923.47539
510.854605	3732.42305
511.047368	3103.69664
511.240132	3320.78133
511.432895	2368.47586
511.625658	2628.56789
511.818421	3550.15383
512.011184	2899.92375
512.203947	2789.33344
512.396711	4176.83227
512.589474	1610.72742
512.782237	1993.69758
512.975	4302.78234
513.167763	2705.36672
513.360526	2695.12687
513.553289	3064.78523
513.746053	3732.42305
513.938816	2887.63594
514.131579	2765.7818
514.324342	2299.86891
514.517105	3562.44164
514.709868	2399.19539
514.902632	3360.71672
515.095395	2797.52531
515.288158	3113.93648
515.480921	3445.70742
515.673684	2347.99617
515.866447	2726.87039
516.059211	4338.6218
516.251974	2289.62906
516.444737	2480.09016
516.6375	2789.33344
516.830263	2490.33
517.023026	2427.86695
517.215789	1136.62266
517.408553	2312.15672
517.601316	2542.5532
517.794079	2097.12
517.986842	2500.56984
518.179605	3299.27766
518.372368	3103.69664
518.565132	2055.13664
518.757895	4135.87289
518.950658	3790.79016
519.143421	1954.78617
519.336184	2890.70789
519.528947	1704.93398
519.721711	3126.2243
519.914474	2112.47977
520.107237	1997.79352
520.3	3497.93062
520.492763	2365.40391
520.685526	2898.89977
520.878289	2414.55516
521.071053	2467.80234
521.263816	2042.84883
521.456579	1900.515
521.649342	2954.19492
521.842105	2633.68781
522.034868	2154.46312
522.227632	2984.91445
522.420395	3282.89391
522.613158	1690.5982
522.805921	1108.97508
522.998684	3907.52437
523.191447	2935.7632
523.384211	3542.98594
523.576974	3701.70352
523.769737	2597.84836
523.9625	1802.2125
524.155263	3010.51406
524.348026	2626.51992
524.540789	2411.4832
524.733553	2064.3525
524.926316	2063.32852
525.119079	2248.66969
525.311842	2539.48125
525.504605	2417.62711
525.697368	1901.53898
525.890132	1685.47828
526.082895	1942.49836
526.275658	1036.27219
526.468421	3008.46609
526.661184	2023.39313
526.853947	959.473359
527.046711	2080.73625
527.239474	2488.28203
527.432237	1694.69414
527.625	759.796406
527.817763	2794.45336
528.010526	2826.19688
528.203289	1897.44305
528.396053	2063.32852
528.588816	1368.04313
528.781579	1701.86203
528.974342	2452.44258
529.167105	1768.42102
529.359868	2679.76711
529.552632	3343.30898
529.745395	1903.58695
529.938158	2968.5307
530.130921	1924.06664
530.323684	2713.55859
530.516447	1689.57422
530.709211	3023.82586
530.901974	2086.88016
531.094737	2289.62906
531.2875	2194.39852
531.480263	1421.29031
531.673026	1171.43812
531.865789	2119.64766
532.058553	1867.7475
532.251316	2776.02164
532.444079	2506.71375
532.636842	1669.09453
532.829605	2360.28398
533.022368	2310.10875
533.215132	1818.59625
533.407895	2168.79891
533.600658	2687.95898
533.793421	3133.39219
533.986184	1365.99516
534.178947	1429.48219
534.371711	1934.30648
534.564474	2540.50523
534.757237	3655.62422
534.95	2605.01625
535.142763	2202.59039
535.335526	1986.52969
535.528289	2195.4225
535.721053	2213.85422
535.913816	2517.97758
536.106579	2884.56398
536.299342	1951.71422
536.492105	1986.52969
536.684868	1470.44156
536.877632	2167.77492
537.070395	2070.49641
537.263158	2692.05492
537.455921	2205.66234
537.648684	2330.58844
537.841447	2482.13813
538.034211	2478.04219
538.226974	2151.39117
538.419737	2303.96484
538.6125	1989.60164
538.805263	1814.50031
538.998026	2366.42789
539.190789	349.178672
539.383553	2445.27469
539.576316	1715.17383
539.769079	1313.77195
539.961842	2668.50328
540.154605	2185.18266
540.347368	1059.82383
540.540132	2132.95945
540.732895	1711.07789
540.925658	1230.82922
541.118421	1461.2257
541.311184	3523.53023
541.503947	2243.54977
541.696711	2842.58063
541.889474	2298.84492
542.082237	2621.4
542.275	2173.91883
542.467763	2212.83023
542.660526	864.242813
542.853289	2042.84883
543.046053	2058.20859
543.238816	1951.71422
543.431579	2873.30016
543.624342	1978.33781
543.817105	2506.71375
544.009868	3125.20031
544.202632	1304.55609
544.395395	1881.0593
544.588158	3447.75539
544.780921	2455.51453
544.973684	1477.60945
545.166447	2144.22328
545.359211	1936.35445
545.551974	3522.50625
545.744737	2092.00008
545.9375	2129.8875
546.130263	2601.9443
546.323026	1740.77344
546.515789	1642.47094
546.708553	1478.63344
546.901316	2683.86305
547.094079	2318.30062
547.286842	2974.67461
547.479605	2340.82828
547.672368	3313.61344
547.865132	1686.50227
548.057895	3146.70398
548.250658	3211.215
548.443421	1958.88211
548.636184	1502.18508
548.828947	3281.86992
549.021711	3479.49891
549.214474	3421.1318
549.407237	2880.46805
549.6	2608.0882
549.792763	1849.31578
549.985526	1521.64078
550.178289	2310.10875
550.371053	2107.35984
550.563816	2683.86305
550.756579	1477.60945
550.949342	2693.07891
551.142105	2574.29672
551.334868	2727.89437
551.527632	2234.33391
551.720395	2198.49445
551.913158	2850.7725
552.105921	1170.41414
552.298684	2414.55516
552.491447	1155.05437
552.684211	2210.78227
552.876974	1712.10187
553.069737	2676.69516
553.2625	1245.165
553.455263	2489.30602
553.648026	1675.23844
553.840789	2151.39117
554.033553	2748.37406
554.226316	3035.08969
554.419079	2056.16062
554.611842	1810.40438
554.804605	1487.8493
554.997368	2277.34125
555.190132	1326.05977
555.382895	2304.98883
555.575658	1642.47094
555.768421	3343.30898
555.961184	1939.42641
556.153947	2740.18219
556.346711	2295.77297
556.539474	1919.9707
556.732237	2507.73773
556.925	2367.45188
557.117763	1722.34172
557.310526	1856.48367
557.503289	2393.05148
557.696053	2188.25461
557.888816	2303.96484
558.081579	2309.08477
558.274342	3721.15922
558.467105	2716.63055
558.659868	2637.78375
558.852632	3672.00797
559.045395	3454.92328
559.238158	4096.96148
559.430921	1717.2218
559.623684	2694.10289
559.816447	3583.94531
560.009211	3804.10195
560.201974	3689.4157
560.394737	2548.69711
560.5875	2669.52727
560.780263	1015.7925
560.973026	3620.80875
561.165789	2808.78914
561.358553	2037.72891
561.551316	3109.84055
561.744079	3596.23312
561.936842	4382.65313
562.129605	2595.80039
562.322368	3531.72211
562.515132	2810.83711
562.707895	2316.25266
562.900658	2663.38336
563.093421	2895.82781
563.286184	3382.22039
563.478947	2552.79305
563.671711	4042.69031
563.864474	4592.56992
564.057237	3147.72797
564.25	2927.57133
564.442763	4149.18469
564.635526	3095.50477
564.828289	3057.61734
565.021053	4044.73828
565.213816	3220.43086
565.406579	3923.90812
565.599342	3636.16852
565.792105	3388.3643
565.984868	4611.00164
566.177632	4045.76227
566.370395	4925.36484
566.563158	4604.85773
566.755921	4240.3193
566.948684	5292.97523
567.141447	4267.96688
567.334211	3936.19594
567.526974	4310.97422
567.719737	4699.0643
567.9125	4512.69914
568.105263	5785.51172
568.298026	5392.30172
568.490789	6330.27141
568.683553	5109.68203
568.876316	5515.17984
569.069079	5996.4525
569.261842	6964.11773
569.454605	5986.21266
569.647368	7084.94789
569.840132	5397.42164
570.032895	6342.55922
570.225658	7465.87008
570.418421	6619.035
570.611184	6826.90383
570.803947	7826.31258
570.996711	8373.12023
571.189474	6939.54211
571.382237	7487.37375
571.575	7198.61016
571.767763	7937.92688
571.960526	8793.97781
572.153289	8281.98563
572.346053	8850.29695
572.538816	8142.72375
572.731579	8364.92836
572.924342	8166.27539
573.117105	9839.46586
573.309868	9386.86477
573.502632	9492.33516
573.695395	10701.6607
573.888158	10376.0337
574.080921	11079.5109
574.273684	9771.88289
574.466447	10602.3342
574.659211	10604.3822
574.851974	11262.8041
575.044737	10991.4483
575.2375	11331.4111
575.430263	11702.0934
575.623026	11082.5829
575.815789	12521.2809
576.008553	12286.7885
576.201316	11938.6338
576.394079	12986.1698
576.586842	13092.6642
576.779605	13408.0514
576.972368	14086.953
577.165132	13087.5443
577.357895	13976.3627
577.550658	13925.1635
577.743421	14432.0358
577.936184	14979.8674
578.128947	14738.2071
578.321711	15252.2473
578.514474	14711.5835
578.707237	14865.1812
578.9	15618.8337
579.092763	15877.9017
579.285526	16648.962
579.478289	16725.7608
579.671053	16512.772
579.863816	16374.5341
580.056579	17432.31
580.249342	17795.8245
580.442105	17871.5993
580.634868	17477.3653
580.827632	18467.5582
581.020395	17731.3134
581.213158	16955.1333
581.405921	17844.9757
581.598684	20052.686
581.791447	18662.1152
581.984211	18466.5342
582.176974	18493.1578
582.369737	19348.1848
582.5625	18166.5068
582.755263	18587.3644
582.948026	19914.4481
583.140789	20802.2426
583.333553	20638.4051
583.526316	18923.2313
583.719079	19834.5773
583.911842	19822.2895
584.104605	20317.898
584.297368	20670.1486
584.490132	20839.106
584.682895	19829.4574
584.875658	21205.6924
585.068421	20046.5421
585.261184	20828.8662
585.453947	20655.8128
585.646711	20383.433
585.839474	21876.4022
586.032237	21158.5891
586.225	20720.3238
586.417763	21367.482
586.610526	20934.3366
586.803289	22136.4942
586.996053	22015.6641
587.188816	21868.2103
587.381579	21429.945
587.574342	20644.549
587.767105	21695.157
587.959868	21038.783
588.152632	21939.8892
588.345395	21466.8084
588.538158	20966.0801
588.730921	20763.3312
588.923684	22534.8241
589.116447	22051.5035
589.309211	22565.5437
589.501974	21184.1888
589.694737	22358.6988
589.8875	22370.9866
590.080263	21881.5221
590.273026	21669.5573
590.465789	22079.1511
590.658553	21146.3013
590.851316	21614.2622
591.044079	21455.5446
591.236842	23070.368
591.429605	22071.9832
591.622368	22690.4698
591.815132	23663.2549
592.007895	22124.2064
592.200658	22369.9627
592.393421	23625.3675
592.586184	22358.6988
592.778947	21532.3434
592.971711	21747.3802
593.164474	22418.0899
593.357237	22142.6381
593.55	22983.3293
593.742763	22162.0938
593.935526	21831.3469
594.128289	22778.5324
594.321053	22336.1712
594.513816	22505.1286
594.706579	21916.3376
594.899342	21825.203
595.092105	21494.456
595.284868	24072.8487
595.477632	22182.5735
595.670395	21606.0703
595.863158	21705.3968
596.055921	22464.1692
596.248684	22675.11
596.441447	22978.2094
596.634211	22548.1359
596.826974	22440.6176
597.019737	22501.0327
597.2125	21964.4648
597.405263	23093.9196
597.598026	22507.1766
597.790789	22004.4002
597.983553	22323.8834
598.176316	22331.0513
598.369079	21520.0556
598.561842	21832.3709
598.754605	21646.0057
598.947368	21878.4502
599.140132	22314.6675
599.332895	22133.4223
599.525658	22440.6176
599.718421	23582.3602
599.911184	22363.8188
600.103947	23143.0709
600.296711	22731.4291
600.489474	24103.5682
600.682237	21710.5167
600.875	22554.2798
601.067763	22196.9093
601.260526	21972.6567
601.453289	21802.6753
601.646053	23170.7184
601.838816	21476.0243
602.031579	22522.5363
602.224342	22146.7341
602.417105	22771.3645
602.609868	22186.6695
602.802632	22673.062
602.995395	22256.3004
603.188158	22032.0478
603.380921	22199.9813
603.573684	23539.3528
603.766447	21539.5113
603.959211	22107.8227
604.151974	21635.7659
604.344737	23068.32
604.5375	22504.1046
604.730263	21906.0977
604.923026	21770.9318
605.115789	21408.4413
605.308553	21250.7477
605.501316	21526.1995
605.694079	22386.3464
605.886842	22078.1271
606.079605	22311.5955
606.272368	21466.8084
606.465132	21332.6665
606.657895	21674.6773
606.850658	22984.3533
607.043421	22252.2045
607.236184	21325.4986
607.428947	21449.4007
607.621711	22185.6455
607.814474	21694.133
608.007237	22207.1491
608.2	22028.9759
608.392763	21610.1663
608.585526	21124.7977
608.778289	21931.6973
608.971053	22281.9
609.163816	21813.9391
609.356579	20849.3459
609.549342	20741.8275
609.742105	20965.0561
609.934868	20348.6175
610.127632	21468.8564
610.320395	22011.5681
610.513158	20863.6816
610.705921	21900.9778
610.898684	22347.435
611.091447	21563.063
611.284211	21263.0355
611.476974	20771.523
611.669737	21017.2793
611.8625	21566.1349
612.055263	21893.8099
612.248026	20658.8848
612.440789	20544.1985
612.633553	20913.8569
612.826316	21078.7184
613.019079	19791.57
613.211842	21393.0816
613.404605	20814.5304
613.597368	21406.3934
613.790132	21708.4687
613.982895	20216.5235
614.175658	21279.4193
614.368421	20287.1784
614.561184	21984.9445
614.753947	20111.0531
614.946711	19851.9851
615.139474	20419.2724
615.332237	20581.062
615.525	20686.5323
615.717763	20562.6302
615.910526	20487.8794
616.103289	20303.5622
616.296053	19489.4946
616.488816	21064.3826
616.681579	21633.7179
616.874342	21625.526
617.067105	19943.1197
617.259868	19566.2934
617.452632	20934.3366
617.645395	20513.479
617.838158	20652.7409
618.030921	20388.5529
618.223684	21023.4232
618.416447	20366.0252
618.609211	20680.3884
618.801974	20436.6802
618.994737	20619.9734
619.1875	19309.2734
619.380263	20328.1378
619.573026	20816.5784
619.765789	20085.4535
619.958553	20617.9254
620.151316	20460.2318
620.344079	20419.2724
620.536842	19699.4114
620.729605	21313.2108
620.922368	21044.9269
621.115132	19921.616
621.307895	20937.4085
621.500658	20491.9753
621.693421	21228.2201
621.886184	19602.1329
622.078947	19990.223
622.271711	20569.7981
622.464474	20541.1266
622.657237	19861.2009
622.85	20287.1784
623.042763	20821.6983
623.235526	20586.1819
623.428289	20744.8995
623.621053	20312.778
623.813816	19854.033
624.006579	20135.6288
624.199342	19959.5034
624.392105	21881.5221
624.584868	20394.6968
624.777632	20036.3023
624.970395	20437.7041
625.163158	22122.1584
625.355921	20799.1706
625.548684	20172.4922
625.741447	21575.3508
625.934211	20724.4198
626.126974	19964.6234
626.319737	19944.1437
626.5125	20545.2225
626.705263	20870.8495
626.898026	20497.0952
627.090789	21727.9245
627.283553	19997.3909
627.476316	20491.9753
627.669079	20636.3571
627.861842	19921.616
628.054605	20416.2005
628.247368	20113.1011
628.440132	20306.6341
628.632895	21068.4785
628.825658	20504.2631
629.018421	20010.7027
629.211184	21535.4154
629.403947	20543.1745
629.596711	20197.0678
629.789474	19792.594
629.982237	19672.7878
630.175	21110.4619
630.367763	20390.6009
630.560526	21925.5534
630.753289	20280.0105
630.946053	20409.0326
631.138816	21166.781
631.331579	20652.7409
631.524342	21554.8711
631.717105	20332.2338
631.909868	20354.7614
632.102632	20995.7756
632.295395	20058.8299
632.488158	19968.7193
632.680921	20197.0678
632.873684	20573.8941
633.066447	20864.7056
633.259211	19411.6718
633.451974	20655.8128
633.644737	19608.2768
633.8375	20872.8975
634.030263	19721.9391
634.223026	19190.4912
634.415789	19549.9097
634.608553	19880.6566
634.801316	20876.9934
634.994079	20643.525
635.186842	19977.9352
635.379605	20836.0341
635.572368	20269.7707
635.765132	19187.4192
635.957895	19442.3913
636.150658	19831.5054
636.343421	19054.3013
636.536184	19465.943
636.728947	19562.1975
636.921711	19130.0761
637.114474	20308.6821
637.307237	19922.64
637.5	19110.6204
637.692763	19714.7712
637.885526	19462.871
638.078289	19310.2973
638.271053	19344.0888
638.463816	19161.8196
638.656579	19894.9924
638.849342	18692.8348
639.042105	18689.7628
639.234868	19229.4026
639.427632	18961.1187
639.620395	19552.9816
639.813158	19794.642
640.005921	19059.4212
640.198684	18982.6223
640.391447	18490.0859
640.584211	19423.9596
640.776974	19027.6777
640.969737	20772.547
641.1625	19121.8842
641.355263	19725.011
641.548026	20297.4183
641.740789	19299.0335
641.933553	18689.7628
642.126316	18534.1172
642.319079	18589.4123
642.511842	18664.1632
642.704605	19630.8045
642.897368	20585.1579
643.090132	18799.3291
643.282895	19154.6517
643.475658	18074.3482
643.668421	18117.3555
643.861184	18873.056
644.053947	18977.5024
644.246711	18291.4329
644.439474	19413.7198
644.632237	18435.8147
644.825	18579.1725
645.017763	18734.8181
645.210526	18886.3678
645.403289	18052.8445
645.596053	19290.8416
645.788816	18556.6448
645.981579	17474.2934
646.174342	18611.94
646.367105	17772.2728
646.559868	17740.5293
646.752632	18103.0198
646.945395	18612.964
647.138158	17489.6531
647.330921	18858.7202
647.523684	19020.5098
647.716447	19021.5338
647.909211	18437.8627
648.101974	18155.243
648.294737	18027.2449
648.4875	18324.2004
648.680263	19577.5573
648.873026	18032.3648
649.065789	18138.8592
649.258553	18333.4163
649.451316	19250.9062
649.644079	17408.7584
649.836842	17890.031
650.029605	18441.9586
650.222368	18521.8294
650.415132	18505.4456
650.607895	17718.0016
650.800658	18547.429
650.993421	18449.1265
651.186184	18245.3536
651.378947	17328.8876
651.571711	18680.547
651.764474	17305.3359
651.957237	18854.6243
652.15	18601.7002
652.342763	17660.6585
652.535526	17340.1514
652.728289	17806.0643
652.921053	17969.9018
653.113816	16952.0613
653.306579	17545.9723
653.499342	17475.3173
653.692105	17900.2709
653.884868	17391.3506
654.077632	18062.0604
654.270395	18214.6341
654.463158	17802.9923
654.655921	16901.8861
654.848684	17735.4094
655.041447	17258.2327
655.234211	17176.3139
655.426974	17368.823
655.619737	18219.754
655.8125	16662.2738
656.005263	16863.9987
656.198026	17159.9302
656.390789	16692.9933
656.583553	16549.6355
656.776316	17471.2214
656.969079	16594.6908
657.161842	17511.1568
657.354605	17110.7789
657.547368	16685.8254
657.740132	16917.2459
657.932895	17491.7011
658.125658	16750.3364
658.318421	16118.538
658.511184	15854.3501
658.703947	18072.3002
658.896711	16551.6834
659.089474	17201.9135
659.282237	16664.3217
659.475	16952.0613
659.667763	16872.1905
659.860526	17465.0775
660.053289	17396.4705
660.246053	17056.5077
660.438816	16401.1577
660.631579	17191.6737
660.824342	16753.4084
661.017105	16929.5337
661.209868	16966.3971
661.402632	16192.2649
661.595395	16669.4416
661.788158	17073.9155
661.980921	16364.2943
662.173684	16788.2238
662.366447	17104.635
662.559211	17838.8318
662.751974	16026.3795
662.944737	16647.938
663.1375	16939.7735
663.330263	16026.3795
663.523026	17164.0261
663.715789	15722.2561
663.908553	15124.2492
664.101316	15898.3814
664.294079	15305.4945
664.486842	16662.2738
664.679605	15626.0016
664.872368	15188.7602
665.065132	14993.1792
665.257895	15957.7725
665.450658	15505.1714
665.643421	15558.4186
665.836184	15948.5566
666.028947	16193.2889
666.221711	14635.8087
666.414474	15421.2047
666.607237	15415.0608
666.8	14707.4876
666.992763	15012.6349
667.185526	14620.4489
667.378289	15391.5091
667.571053	15964.9404
667.763816	15008.539
667.956579	15449.8762
668.149342	16454.4049
668.342105	15593.2341
668.534868	14929.6922
668.727632	15619.8577
668.920395	14660.3843
669.113158	14587.6814
669.305921	14485.283
669.498684	14751.5189
669.691447	14129.9604
669.884211	14761.7587
670.076974	14499.6188
670.269737	13853.4846
670.4625	15524.6271
670.655263	14160.6799
670.848026	13863.7245
671.040789	14781.2145
671.233553	14209.8312
671.426316	14343.9731
671.619079	13975.3388
671.811842	13724.4626
672.004605	13610.8003
672.197368	14313.2536
672.390132	14992.1552
672.582895	13983.5306
672.775658	14956.3158
672.968421	14850.8454
673.161184	14548.77
673.353947	15467.284
673.546711	14579.4895
673.739474	13545.2653
673.932237	14007.0823
674.125	13984.5546
674.317763	13208.3745
674.510526	13886.2521
674.703289	13633.328
674.896053	14026.538
675.088816	13807.4053
675.281579	13562.673
675.474342	13325.1087
675.667105	13593.3926
675.859868	13105.976
676.052632	13306.677
676.245395	13633.328
676.438158	12790.5888
676.630921	12520.257
676.823684	12590.9119
677.016447	13811.5012
677.209211	13461.2986
677.401974	12471.1057
677.594737	13065.0166
677.7875	13032.2491
677.980263	12869.4356
678.173026	14419.748
678.365789	13673.2634
678.558553	12704.5741
678.751316	12860.2198
678.944079	12252.997
679.136842	12433.2183
679.329605	12629.8233
679.522368	13109.048
679.715132	12843.836
679.907895	12111.6872
680.100658	13336.3725
680.293421	11789.1321
680.486184	13208.3745
680.678947	13181.7509
680.871711	13464.3705
681.064474	13218.6143
681.257237	11863.883
681.45	12231.4934
681.642763	12150.5986
681.835526	11419.4737
682.028289	13092.6642
682.221053	12921.6588
682.413816	11714.3813
682.606579	12322.628
682.799342	12045.1282
682.992105	11336.531
683.184868	13232.9501
683.377632	12630.8473
683.570395	12072.7758
683.763158	11962.1855
683.955921	11487.0567
684.148684	11576.1434
684.341447	11060.0552
684.534211	11327.3152
684.726974	11760.4605
684.919737	11090.7748
685.1125	11283.2838
685.305263	12247.8771
685.498026	10568.5427
685.690789	11115.3504
685.883553	11054.9353
686.076316	11591.5031
686.269079	10599.2623
686.461842	10856.2823
686.654605	10664.7973
686.847368	11432.7855
687.040132	10878.81
687.232895	10767.1957
687.425658	10738.5241
687.618421	10334.0503
687.811184	11093.8467
688.003947	10727.2603
688.196711	11711.3093
688.389474	10653.5334
688.582237	11515.7283
688.775	11062.1032
688.967763	10025.831
689.160526	10270.5633
689.353289	10315.6186
689.546053	10479.4561
689.738816	9989.99156
689.931579	10418.017
690.124342	10568.5427
690.317105	9727.85156
690.509868	10385.2495
690.702632	11725.6451
690.895395	10657.6294
691.088158	10582.8785
691.280921	9708.39586
691.473684	9521.00672
691.666447	10589.0224
691.859211	10746.716
692.051974	10912.6015
692.244737	9826.15406
692.4375	10117.9896
692.630263	9959.27203
692.823026	9253.7468
693.015789	10368.8658
693.208553	9465.71156
693.401316	10583.9025
693.594079	10633.0538
693.786842	10282.8511
693.979605	8944.50352
694.172368	9687.91617
694.365132	10372.9617
694.557895	10381.1536
694.750658	9086.83734
694.943421	10451.8085
695.136184	9022.32633
695.328947	9125.74875
695.521711	9276.27445
695.714474	8904.56812
695.907237	9493.35914
696.1	9964.39195
696.292763	9566.06203
696.485526	9749.35523
696.678289	10178.4047
696.871053	10100.5819
697.063816	10601.3102
697.256579	9571.18195
697.449342	9231.21914
697.642105	9097.07719
697.834868	8845.17703
698.027632	8929.14375
698.220395	8377.21617
698.413158	9337.71352
698.605921	8396.67187
698.798684	9804.65039
698.991447	8621.94844
699.184211	8687.48344
699.376974	8285.05758
699.569737	9301.87406
699.7625	10310.4987
699.955263	8710.01109
700.148026	8179.58719
700.340789	8191.875
700.533553	8529.78984
700.726316	8244.0982
700.919079	8685.43547
701.111842	9354.09727
701.304605	8727.41883
701.497368	8789.88188
701.690132	9390.9607
701.882895	8596.34883
702.075658	8056.70906
702.268421	7970.69438
702.461184	8705.91516
702.653947	8899.4482
702.846711	8689.53141
703.039474	8768.3782
703.232237	7883.6557
703.425	7951.23867
703.617763	8713.08305
703.810526	8911.73602
704.003289	8677.24359
704.196053	7662.47508
704.388816	8356.73648
704.581579	8336.2568
704.774342	8974.19906
704.967105	8082.30867
705.159868	8382.33609
705.352632	8694.65133
705.545395	7286.67281
705.738158	7924.61508
705.930921	7907.20734
706.123684	7775.11336
706.316447	8939.38359
706.509211	9130.86867
706.701974	7267.21711
706.894737	8073.09281
707.0875	7582.6043
707.280263	8050.56516
707.473026	8104.83633
707.665789	7998.34195
707.858553	7494.54164
708.051316	8122.24406
708.244079	7261.0732
708.436842	8911.73602
708.629605	7122.83531
708.822368	7944.07078
709.015132	7965.57445
709.207895	6766.48875
709.400658	7307.1525
709.593421	6792.08836
709.786184	6820.75992
709.978947	7619.46773
710.171711	6572.9557
710.364474	7305.10453
710.557237	7041.94055
710.75	7721.86617
710.942763	6824.85586
711.135526	8058.75703
711.328289	7594.89211
711.521053	6899.60672
711.713816	6859.67133
711.906579	7542.66891
712.099342	7176.0825
712.292105	6752.15297
712.484868	8540.02969
712.677632	6308.76773
712.870395	6610.84312
713.063158	8380.28812
713.255921	7618.44375
713.448684	6806.42414
713.641447	6270.88031
713.834211	6076.32328
714.026974	6450.07758
714.219737	6913.9425
714.4125	7020.43687
714.605263	6509.46867
714.798026	6912.91852
714.990789	6897.55875
715.183553	7041.94055
715.376316	6256.54453
715.569079	5898.15
715.761842	7540.62094
715.954605	6519.70852
716.147368	5858.21461
716.340132	6473.62922
716.532895	6229.92094
716.725658	6126.49852
716.918421	6214.56117
717.111184	6138.78633
717.303947	5879.71828
717.496711	6133.66641
717.689474	7283.60086
717.882237	6039.45984
718.075	6931.35023
718.267763	5809.06336
718.460526	7909.25531
718.653289	6767.51273
718.846053	6899.60672
719.038816	5448.62086
719.231579	6336.41531
719.424342	6006.69234
719.617105	7593.86813
719.809868	6284.19211
720.002632	6017.95617
720.195395	6786.96844
720.388158	6282.14414
720.580921	5219.24836
720.773684	6677.40211
720.966447	5535.65953
721.159211	7177.10648
721.351974	6547.35609
721.544737	5823.39914
721.7375	6025.12406
721.930263	5386.15781
722.123026	5179.31297
722.315789	6335.39133
722.508553	6307.74375
722.701316	6091.68305
722.894079	6080.41922
723.086842	5343.15047
723.279605	5226.41625
723.472368	5732.26453
723.665132	6520.7325
723.857895	5881.76625
724.050658	6408.09422
724.243421	5174.19305
724.436184	4937.65266
724.628947	6279.07219
724.821711	5397.42164
725.014474	5740.45641
725.207237	5034.93117
725.4	6761.36883
725.592763	5812.13531
725.785526	6752.15297
725.978289	4878.26156
726.171053	5218.22438
726.363816	5334.95859
726.556579	5848.99875
726.749342	5408.68547
726.942105	6227.87297
727.134868	4887.47742
727.327632	5715.88078
727.520395	5552.04328
727.713158	6228.89695
727.905921	5332.91063
728.098684	5416.87734
728.291447	6766.48875
728.484211	4968.37219
728.676974	5641.12992
728.869737	5111.73
729.0625	5030.83523
729.255263	5292.97523
729.448026	6111.13875
729.640789	4852.66195
729.833553	5578.66687
730.026316	5096.37023
730.219079	4554.6825
730.411842	5077.93852
730.604605	4894.64531
730.797368	5791.65562
730.990132	4983.73195
731.182895	4873.14164
731.375658	4821.94242
731.568421	5210.0325
731.761184	5088.17836
731.953947	5835.68695
732.146711	6020.00414
732.339474	5813.1593
732.532237	6436.76578
732.725	5058.48281
732.917763	5659.56164
733.110526	5852.0707
733.303289	5839.78289
733.496053	6232.99289
733.688816	4582.33008
733.881579	6192.03352
734.074342	6070.17938
734.267105	4574.1382
734.459868	5446.57289
734.652632	4377.5332
734.845395	5304.23906
735.038158	5552.04328
735.230921	4734.90375
735.423684	6013.86023
735.616447	4455.35602
735.809211	5129.13773
736.001974	5902.24594
736.194737	5793.70359
736.3875	5939.10938
736.580263	4858.80586
736.773026	5153.71336
736.965789	5836.71094
737.158553	4601.78578
737.351316	4566.97031
737.544079	4412.34867
737.736842	5179.31297
737.929605	4349.88562
738.122368	4640.69719
738.315132	4613.04961
738.507895	5834.66297
738.700658	4983.73195
738.893421	4691.89641
739.086184	4246.4632
739.278947	4601.78578
739.471711	6124.45055
739.664474	5501.86805
739.857237	5441.45297
740.05	6032.29195
740.242763	5166.00117
740.435526	5243.82398
740.628289	4429.75641
740.821053	6175.64977
741.013816	4562.87437
741.206579	5190.5768
741.399342	6080.41922
741.592105	5591.97867
741.784868	5085.10641
741.977632	5068.72266
742.170395	4779.95906
742.363158	5662.63359
742.555921	5106.61008
742.748684	5268.39961
742.941447	4992.94781
743.134211	6288.28805
743.326974	6826.90383
743.519737	5922.72562
743.7125	6229.92094
743.905263	7388.04727
744.098026	4695.99234
744.290789	5475.24445
744.483553	6045.60375
744.676316	5789.60766
744.869079	5476.26844
745.061842	6085.53914
745.254605	6120.35461
745.447368	5349.29437
745.640132	5786.5357
745.832895	5880.74227
746.025658	5353.39031
746.218421	5570.475
746.411184	6007.71633
746.603947	6929.30227
746.796711	6016.93219
746.989474	6356.895
747.182237	6701.97773
747.375	5973.92484
747.567763	6549.40406
747.760526	5918.62969
747.953289	7634.8275
748.146053	6389.6625
748.338816	6856.59937
748.531579	6636.44273
748.724342	6709.14563
748.917105	7329.68016
749.109868	7210.89797
749.302632	6684.57
749.495395	6524.82844
749.688158	5969.82891
749.880921	6273.95227
750.073684	6833.04773
750.266447	6459.29344
750.459211	7520.14125
750.651974	7491.46969
750.844737	6431.64586
751.0375	8426.36742
751.230263	8085.38062
751.423026	7032.72469
751.615789	7092.11578
751.808553	6888.34289
752.001316	7031.7007
752.194079	7976.83828
752.386842	6635.41875
752.579605	6968.21367
752.772368	8600.44477
752.965132	7792.52109
753.157895	7658.37914
753.350658	6599.5793
753.543421	8113.0282
753.736184	8830.84125
753.928947	7633.80352
754.121711	6980.50148
754.314474	9544.55836
754.507237	7848.84023
754.7	8192.89898
754.892763	7738.24992
755.085526	7561.10062
755.278289	8540.02969
755.471053	8898.42422
755.663816	8039.30133
755.856579	8461.18289
756.049342	7878.53578
756.242105	7862.15203
756.434868	7576.46039
756.627632	8945.5275
756.820395	8777.59406
757.013158	8959.86328
757.205921	8475.51867
757.398684	10272.6112
757.591447	9524.07867
757.784211	8532.8618
757.976974	8757.11437
758.169737	9267.05859
758.3625	9385.84078
758.555263	8819.57742
758.748026	9548.6543
758.940789	8805.24164
759.133553	8809.33758
759.326316	10355.554
759.519079	9302.89805
759.711842	10790.7473
759.904605	10400.6093
760.097368	9240.435
760.290132	10235.7478
760.482895	9983.84766
760.675658	9546.60633
760.868421	10484.576
761.061184	10926.9373
761.253947	11381.5863
761.446711	10634.0777
761.639474	9788.26664
761.832237	10298.2109
762.025	10425.1849
762.217763	9188.2118
762.410526	10882.9059
762.603289	9749.35523
762.796053	9593.70961
762.988816	8866.6807
763.181579	8875.89656
763.374342	8129.41195
763.567105	8342.4007
763.759868	8697.72328
763.952632	7883.6557
764.145395	7584.65227
764.338158	8370.04828
764.530921	6386.59055
764.723684	7432.07859
764.916447	6882.19898
765.109211	6235.04086
765.301974	6393.75844
765.494737	5796.77555
765.6875	5566.37906
765.880263	4930.48477
766.073026	6081.4432
766.265789	6612.89109
766.458553	5758.88813
766.651316	5836.71094
766.844079	6403.99828
767.036842	7112.59547
767.229605	7792.52109
767.422368	9676.65234
767.615132	10567.5188
767.807895	11286.3558
768.000658	12714.814
768.193421	12842.812
768.386184	14953.2438
768.578947	15725.328
768.771711	16484.1005
768.964474	18687.7148
769.157237	20049.6141
769.35	21885.618
769.542763	25362.045
769.735526	28701.258
769.928289	36620.7532
770.121053	44958.034
770.313816	58645.6331
770.506579	62473.2867
770.699342	62904.3841
770.892105	63189.0518
771.084868	62509.1262
771.277632	62682.1795
771.470395	62811.2016
771.663158	62784.578
771.855921	62622.7884
772.048684	62436.4233
772.241447	63013.9505
772.434211	63097.9172
772.626974	62618.6925
772.819737	62610.5006
773.0125	63049.7899
773.205263	63124.5408
773.398026	62478.4066
773.590789	62331.9769
773.783553	62976.063
773.976316	63073.3416
774.169079	62645.3161
774.361842	62667.8437
774.554605	62990.3988
774.747368	62916.672
774.940132	62622.7884
775.132895	62509.1262
775.325658	63199.2916
775.518421	62907.4561
775.711184	62523.462
775.903947	62665.7958
776.096711	62922.8159
776.289474	62846.017
776.482237	62639.1722
776.675	62493.7664
776.867763	63021.1184
777.060526	62916.672
777.253289	62854.2089
777.446053	62475.3347
777.638816	63039.5501
777.831579	63170.6201
778.024342	62701.6352
778.217105	62497.8623
778.409868	63133.7566
778.602632	62978.111
778.795395	52404.4484
778.988158	32838.1549
779.180921	6737.81719
779.373684	7640.97141
779.566447	6985.62141
779.759211	6804.37617
779.951974	6183.84164
780.144737	5993.38055
780.3375	6915.99047
780.530263	7058.3243
780.723026	5689.25719
780.915789	6442.90969
781.108553	5748.64828
781.301316	6086.56313
781.494079	5430.18914
781.686842	6659.99437
781.879605	4966.32422
782.072368	7170.96258
782.265132	5883.81422
782.457895	4955.06039
782.650658	5187.50484
782.843421	6961.04578
783.036184	5901.22195
783.228947	5331.88664
783.421711	4744.11961
783.614474	4643.76914
783.807237	5903.26992
784	5133.23367
784.192763	4416.44461
784.385526	4137.92086
784.578289	4839.35016
784.771053	3840.96539
784.963816	4749.23953
785.156579	3823.55766
785.349342	5052.33891
785.542105	4036.54641
785.734868	3855.30117
785.927632	3615.68883
786.120395	4091.84156
786.313158	3430.34766
786.505921	3896.26055
786.698684	3241.93453
786.891447	3641.28844
787.084211	4064.19398
787.276974	3827.65359
787.469737	3850.18125
787.6625	3796.93406
787.855263	3589.06523
788.048026	4130.75297
788.240789	3937.21992
788.433553	3503.05055
788.626316	3946.43578
788.819079	3316.68539
789.011842	3914.69227
789.204605	4177.85625
789.397368	2683.86305
789.590132	2692.05492
789.782895	3747.78281
789.975658	2845.65258
790.168421	3317.70938
790.361184	2526.16945
790.553947	2548.69711
790.746711	4259.775
790.939474	2993.10633
791.132237	2886.61195
791.325	2782.16555
791.517763	2921.42742
791.710526	3160.01578
791.903289	3321.80531
792.096053	2123.74359
792.288816	3718.08727
792.481579	3364.81266
792.674342	2787.28547
792.867105	3899.3325
793.059868	3306.44555
793.252632	2039.77687
793.445395	1988.57766
793.638158	3218.38289
793.830921	2341.85227
794.023684	4425.66047
794.216447	2050.01672
794.409211	3033.04172
794.601974	2887.63594
794.794737	2535.38531
794.9875	2549.72109
795.180263	2323.42055
795.373026	1683.43031
795.565789	2925.52336
795.758553	1918.94672
795.951316	2917.33148
796.144079	2874.32414
796.336842	2340.82828
796.529605	2760.66187
796.722368	2329.56445
796.915132	1735.65352
797.107895	3553.22578
797.300658	1993.69758
797.493421	2955.21891
797.686184	2545.62516
797.878947	2595.80039
798.071711	2293.725
798.264474	2485.21008
798.457237	2379.73969
798.65	2744.27813
798.842763	3296.2057
799.035526	2716.63055
799.228289	2524.12148
799.421053	3053.52141
799.613816	2456.53852
799.806579	2551.76906
799.999342	2937.81117
800.192105	2008.03336
800.384868	2944.97906
800.577632	1684.4543
800.770395	2181.08672
800.963158	2819.02898
801.155921	2491.35398
801.348684	3053.52141
801.541447	2139.10336
801.734211	1982.43375
801.926974	1706.98195
802.119737	1815.5243
802.3125	2409.43523
802.505263	3401.67609
802.698026	2547.67312
802.890789	1803.23648
803.083553	1773.54094
803.276316	2511.83367
803.469079	1015.7925
803.661842	2430.93891
803.854605	3811.26984
804.047368	2420.69906
804.240132	2050.01672
804.432895	2607.06422
804.625658	2011.10531
804.818421	1628.13516
805.011184	2547.67312
805.203947	3738.56695
805.396711	3057.61734
805.589474	2283.48516
805.782237	1349.61141
805.975	1805.28445
806.167763	1849.31578
806.360526	1635.30305
806.553289	1899.49102
806.746053	2221.02211
806.938816	2343.90023
807.131579	1995.74555
807.324342	3005.39414
807.517105	1010.67258
807.709868	2739.1582
807.902632	1651.6868
808.095395	2302.94086
808.288158	2413.53117
808.480921	2586.58453
808.673684	1950.69023
808.866447	956.401406
809.059211	2421.72305
809.251974	1193.96578
809.444737	2481.11414
809.6375	1300.46016
809.830263	2655.19148
810.023026	2180.06273
810.215789	1867.7475
810.408553	1069.03969
810.601316	1526.7607
810.794079	1337.32359
810.986842	1666.02258
811.179605	1950.69023
811.372368	2351.06812
811.565132	1391.59477
811.757895	2425.81898
811.950658	2950.09898
812.143421	1974.24188
812.336184	2733.0143
812.528947	1582.05586
812.721711	1732.58156
812.914474	1171.43812
813.107237	1236.97312
813.3	1580.00789
813.492763	2343.90023
813.685526	1129.45477
813.878289	1371.11508
814.071053	1778.66086
814.263816	1800.16453
814.456579	1649.63883
814.649342	2406.36328
814.842105	608.246719
815.034868	1446.88992
815.227632	2822.10094
815.420395	2010.08133
815.613158	2673.6232
815.805921	1213.42148
815.998684	2064.3525
816.191447	636.918281
816.384211	2357.21203
816.576974	1573.86398
816.769737	2443.22672
816.9625	2028.51305
817.155263	1604.58352
817.348026	947.185547
817.540789	3550.15383
817.733553	1747.94133
817.926316	3070.92914
818.119079	1601.51156
818.311842	1443.81797
818.504605	750.580547
818.697368	2486.23406
818.890132	1815.5243
819.082895	2512.85766
819.275658	1752.03727
819.468421	632.822344
819.661184	2032.60898
819.853947	2182.1107
820.046711	2628.56789
820.239474	1588.19977
820.432237	1119.21492
820.625	1709.02992
820.817763	2280.4132
821.010526	2927.57133
821.203289	2142.17531
821.396053	2160.60703
821.588816	1935.33047
821.781579	2322.39656
821.974342	1545.19242
822.167105	1551.33633
822.359868	2087.90414
822.552632	1790.94867
822.745395	1330.1557
822.938158	2000.86547
823.130921	2368.47586
823.323684	2185.18266
823.516447	1969.12195
823.709211	1581.03187
823.901974	1646.56687
824.094737	1855.45969
824.2875	1668.07055
824.480263	2965.45875
824.673026	1125.35883
824.865789	2137.05539
825.058553	2242.52578
825.251316	1615.84734
825.444079	1940.45039
825.636842	1886.17922
825.829605	3026.89781
826.022368	2033.63297
826.215132	1920.99469
826.407895	964.593281
826.600658	1843.17188
826.793421	2285.53312
826.986184	1653.73477
827.178947	1634.27906
827.371711	1438.69805
827.564474	1844.19586
827.757237	1801.18852
827.95	1311.72398
828.142763	1576.93594
828.335526	1124.33484
828.528289	2995.1543
828.721053	2356.18805
828.913816	1271.78859
829.106579	1765.34906
829.299342	2058.20859
829.492105	2212.83023
829.684868	1552.36031
829.877632	2253.78961
830.070395	1618.9193
830.263158	1442.79398
830.455921	1573.86398
830.648684	2056.16062
830.841447	3028.94578
831.034211	1216.49344
831.226974	1796.06859
831.419737	2138.07938
831.6125	3051.47344
831.805263	1803.23648
831.998026	2253.78961
832.190789	1482.72937
832.383553	2966.48273
832.576316	2431.96289
832.769079	1951.71422
832.961842	1831.90805
833.154605	2416.60312
833.347368	1995.74555
833.540132	1861.60359
833.732895	1811.42836
833.925658	614.390625
834.118421	1832.93203
834.311184	2282.46117
834.503947	1639.39898
834.696711	1751.01328
834.889474	2491.35398
835.082237	1389.5468
835.275	1533.92859
835.467763	2119.64766
835.660526	1799.14055
835.853289	1522.66477
836.046053	2053.08867
836.238816	1079.27953
836.431579	1328.10773
836.624342	1199.0857
836.817105	837.619219
837.009868	2051.0407
837.202632	2047.96875
837.395395	2992.08234
837.588158	1814.50031
837.780921	1147.88648
837.973684	1476.58547
838.166447	446.457187
838.359211	1686.50227
838.551974	2112.47977
838.744737	2659.28742
838.9375	2760.66187
839.130263	2280.4132
839.323026	2373.59578
839.515789	1341.41953
839.708553	2007.00938
839.901316	2827.22086
840.094079	1498.08914
840.286842	3078.09703
840.479605	953.329453
840.672368	3843.01336
840.865132	1718.24578
841.057895	1517.54484
841.250658	2607.06422
841.443421	1681.38234
841.636184	1953.76219
841.828947	2498.52187
842.021711	1354.73133
842.214474	1381.35492
842.407237	833.523281
842.6	1814.50031
842.792763	2365.40391
842.985526	2149.3432
843.178289	1882.08328
843.371053	3142.60805
843.563816	1430.50617
843.756579	1945.57031
843.949342	900.082266
844.142105	988.144922
844.334868	2931.66727
844.527632	1576.93594
844.720395	2042.84883
844.913158	2002.91344
845.105921	1694.69414
845.298684	2340.82828
845.491447	521.208047
845.684211	1370.09109
845.876974	3204.04711
846.069737	1013.74453
846.2625	1371.11508
846.455263	2374.61977
846.648026	1515.49687
846.840789	1668.07055
847.033553	1228.78125
847.226316	1542.12047
847.419079	1828.83609
847.611842	2499.54586
847.804605	2642.90367
847.997368	1546.21641
848.190132	2266.07742
848.382895	1965.02602
848.575658	2087.90414
848.768421	2057.18461
848.961184	1453.03383
849.153947	3211.215
849.346711	1832.93203
849.539474	1564.64812
849.732237	741.364688
849.925	1607.65547
850.117763	2050.01672
850.310526	2241.5018
850.503289	1079.27953
850.696053	2191.32656
850.888816	2550.74508
851.081579	1485.80133
851.274342	2214.8782
851.467105	1456.10578
851.659868	1517.54484
851.852632	2159.58305
852.045395	611.318672
852.238158	1681.38234
852.430921	2002.91344
852.623684	2014.17727
852.816447	1317.86789
853.009211	1215.46945
853.201974	2279.38922
853.394737	2035.68094
853.5875	1714.14984
853.780263	2018.2732
853.973026	1771.49297
854.165789	1764.32508
854.358553	1420.26633
854.551316	2666.45531
854.744079	1713.12586
854.936842	1717.2218
855.129605	1389.5468
855.322368	2170.84688
855.515132	1568.74406
855.707895	2015.20125
855.900658	2292.70102
856.093421	1739.74945
856.286184	2428.89094
856.478947	1740.77344
856.671711	2245.59773
856.864474	1155.05438
857.057237	2413.53117
857.25	1632.23109
857.442763	1634.27906
857.635526	2061.28055
857.828289	1626.08719
858.021053	1015.7925
858.213816	1265.64469
858.406579	2635.73578
858.599342	1605.6075
858.792105	1621.99125
858.984868	2012.1293
859.177632	1244.14102
859.370395	1833.95602
859.563158	1403.88258
859.755921	1797.09258
859.948684	1708.00594
860.141447	2278.36523
860.334211	387.066094
860.526974	1781.73281
860.719737	2361.30797
860.9125	1153.00641
861.105263	479.224688
861.298026	590.838984
861.490789	267.259922
861.683553	1139.69461
861.876316	1608.67945
862.069079	1510.37695
862.261842	935.921719
862.454605	1168.36617
862.647368	2235.35789
862.840132	1789.92469
863.032895	562.167422
863.225658	1756.1332
863.418421	2666.45531
863.611184	1327.08375
863.803947	1559.5282
863.996711	2475.99422
864.189474	1845.21984
864.382237	1979.3618
864.575	1739.74945
864.767763	2412.50719
864.960526	1239.02109
865.153289	1646.56687
865.346053	1350.63539
865.538816	1736.6775
865.731579	1890.27516
865.924342	1166.3182
866.117105	1356.7793
866.309868	1105.90313
866.502632	1046.51203
866.695395	1248.23695
866.888158	2285.53313
867.080921	1392.61875
867.273684	3324.87727
867.466447	1060.84781
867.659211	2621.4
867.851974	1209.32555
868.044737	1974.24187
868.2375	882.674531
868.430263	2070.49641
868.623026	2529.24141
868.815789	2530.26539
869.008553	2369.49984
869.201316	2076.64031
869.394079	2066.40047
869.586842	1720.29375
869.779605	1427.43422
869.972368	1325.03578
870.165132	1676.26242
870.357895	1563.62414
870.550658	708.597187
870.743421	2998.22625
870.936184	1490.92125
871.128947	2247.6457
871.321711	1544.16844
871.514474	2746.32609
871.707237	1091.56734
871.9	1147.88648
872.092763	1981.40977
872.285526	1206.25359
872.478289	630.774375
872.671053	633.846328
872.863816	2298.84492
873.056579	1175.53406
873.249342	2009.05734
873.442105	1826.78813
873.634868	1894.37109
873.827632	2346.97219
874.020395	1722.34172
874.213158	1463.27367
874.405921	1326.05977
874.598684	2105.31187
874.791447	635.894297
874.984211	1523.68875
875.176974	1266.66867
875.369737	1300.46016
875.5625	1445.86594
875.755263	1838.05195
875.948026	2058.20859
876.140789	3040.20961
876.333553	2329.56445
876.526316	656.373984
876.719079	2215.90219
876.911842	1854.4357
877.104605	1397.73867
877.297368	3303.37359
877.490132	462.840938
877.682895	1517.54484
877.875658	1234.92516
878.068421	1600.48758
878.261184	1465.32164
878.453947	204.796875
878.646711	1642.47094
878.839474	1512.42492
879.032237	893.938359
879.225	1934.30648
879.417763	1535.97656
879.610526	228.348516
879.803289	1614.82336
879.996053	1357.80328
880.188816	1729.50961
880.381579	1431.53016
880.574342	1655.78273
880.767105	2178.01477
880.959868	1043.44008
881.152632	2736.08625
881.345395	2077.6643
881.538158	766.964297
881.730921	1074.15961
881.923684	1387.49883
882.116447	1783.78078
882.309211	2676.69516
882.501974	2268.12539
882.694737	2009.05734
882.8875	2694.10289
883.080263	578.551172
883.273026	1132.52672
883.465789	1655.78273
883.658553	1743.84539
883.851316	761.844375
884.044079	1974.24188
884.236842	1314.79594
884.429605	3102.67266
884.622368	2545.62516
884.815132	1449.96187
885.007895	2411.4832
885.200658	3112.9125
885.393421	2259.93352
885.586184	1047.53602
885.778947	653.302031
885.971711	1737.70148
886.164474	2290.65305
886.357237	3168.20766
886.55	1478.63344
886.742763	2637.78375
886.935526	1574.88797
887.128289	2335.70836
887.321053	1250.28492
887.513816	1927.13859
887.706579	1497.06516
887.899342	1944.54633
888.092105	1382.37891
888.284868	522.232031
888.477632	1759.20516
888.670395	1188.84586
888.863158	1939.42641
889.055921	1763.30109
889.248684	2133.98344
889.441447	1948.64227
889.634211	1601.51156
889.826974	2641.87969
890.019737	2765.7818
890.2125	456.697031
890.405263	2282.46117
890.598026	1566.69609
890.790789	1797.09258
890.983553	982.001016
891.176316	2640.8557
891.369079	1321.96383
891.561842	1019.88844
891.754605	1347.56344
891.947368	951.281484
892.140132	1608.67945
892.332895	2334.68437
892.525658	2589.65648
892.718421	1133.5507
892.911184	791.539922
893.103947	1639.39898
893.296711	1471.46555
893.489474	1391.59477
893.682237	1484.77734
893.875	2987.98641
894.067763	1903.58695
894.260526	1362.9232
894.453289	2448.34664
894.646053	2651.09555
894.838816	912.370078
895.031579	1014.76852
895.224342	739.316719
895.417105	1037.29617
895.609868	1095.66328
895.802632	1094.6393
895.995395	2228.19
896.188158	1250.28492
896.380921	2778.06961
896.573684	1432.55414
896.766447	1034.22422
896.959211	1164.27023
897.151974	1503.20906
897.344737	1156.07836
897.5375	1601.51156
897.730263	1268.71664
897.923026	1617.89531
898.115789	1073.13563
898.308553	2432.98688
898.501316	1392.61875
898.694079	1479.65742
898.886842	1210.34953
899.079605	1253.35687
899.272368	2779.09359
899.465132	1840.09992
899.657895	1588.19977
899.850658	1169.39016
900.043421	1516.52086
900.236184	1310.7
900.428947	1165.29422
900.621711	1370.09109
900.814474	1763.30109
901.007237	1376.235
901.2	1030.12828
901.392763	1497.06516
901.585526	1106.92711
901.778289	1661.92664
901.971053	1168.36617
902.163816	2663.38336
902.356579	1807.33242
902.549342	1578.98391
902.742105	1510.37695
902.934868	610.294688
903.127632	1278.95648
903.320395	2106.33586
903.513158	2252.76563
903.705921	1166.3182
903.898684	534.519844
904.091447	1081.3275
904.284211	1080.30352
904.476974	2029.53703
904.669737	557.0475
904.8625	1203.18164
905.055263	1783.78078
905.248026	770.03625
905.440789	1321.96383
905.633553	1633.25508
905.826316	1254.38086
906.019079	1452.00984
906.211842	1527.78469
906.404605	2462.68242
906.597368	1698.79008
906.790132	1116.14297
906.982895	1598.43961
907.175658	1692.64617
907.368421	1856.48367
907.561184	1208.30156
907.753947	29.6955469
907.946711	1216.49344
908.139474	1277.9325
908.332237	1541.09648
908.525	2119.64766
908.717763	845.811094
908.910526	904.178203
909.103289	741.364688
909.296053	1602.53555
909.488816	1563.62414
909.681579	1497.06516
909.874342	52.2232031
910.067105	1433.57813
910.259868	1044.46406
910.452632	1145.83852
910.645395	1228.78125
910.838158	1868.77148
911.030921	618.486563
911.223684	1183.72594
911.416447	951.281484
911.609211	569.335312
911.801974	1391.59477
911.994737	1225.7093
912.1875	1621.99125
912.380263	237.564375
912.573026	1476.58547
912.765789	1740.77344
912.958553	1061.8718
913.151316	1598.43961
913.344079	1005.55266
913.536842	1046.51203
913.729605	1416.17039
913.922368	2001.88945
914.115132	1628.13516
914.307895	1812.45234
914.500658	1205.22961
914.693421	704.50125
914.886184	1651.6868
915.078947	1611.75141
915.271711	761.844375
915.464474	1763.30109
915.657237	667.637813
915.85	1783.78078
916.042763	1768.42102
916.235526	2620.37602
916.428289	2088.92813
916.621053	998.384766
916.813816	1849.31578
917.006579	1061.8718
917.199342	1705.95797
917.392105	1678.31039
917.584868	2158.55906
917.777632	1788.9007
917.970395	1093.61531
918.163158	1979.3618
918.355921	2772.94969
918.548684	1795.04461
918.741447	1021.93641
918.934211	1946.5943
919.126974	876.530625
919.319737	1879.01133
919.5125	296.955469
919.705263	1240.04508
919.898026	1339.37156
920.090789	1984.48172
920.283553	1841.12391
920.476316	2872.27617
920.669079	1651.6868
920.861842	815.091562
921.054605	1504.23305
921.247368	1343.4675
921.440132	1741.79742
921.632895	1214.44547
921.825658	1188.84586
922.018421	562.167422
922.211184	789.491953
922.403947	1433.57813
922.596711	2094.04805
922.789474	1303.53211
922.982237	1631.20711
923.175	1201.13367
923.367763	1657.8307
923.560526	699.381328
923.753289	1292.26828
923.946053	1263.59672
924.138816	2744.27812
924.331579	1776.61289
924.524342	369.658359
924.717105	2020.32117
924.909868	1012.72055
925.102632	1496.04117
925.295395	1368.04313
925.488158	518.136094
925.680921	1943.52234
925.873684	3098.57672
926.066447	2119.64766
926.259211	1122.28687
926.451974	1497.06516
926.644737	1467.36961
926.8375	1712.10187
927.030263	1945.57031
927.223026	1980.38578
927.415789	1601.51156
927.608553	2086.88016
927.801316	1109.99906
927.994079	1454.05781
928.186842	2482.13813
928.379605	2337.75633
928.572368	2200.54242
928.765132	1330.1557
928.957895	2124.76758
929.150658	2776.02164
929.343421	652.278047
929.536184	898.034297
929.728947	2244.57375
929.921711	1592.2957
930.114474	169.981406
930.307237	2681.81508
930.5	1682.40633
930.692763	1478.63344
930.885526	1664.99859
931.078289	1257.45281
931.271053	1246.18898
931.463816	1700.83805
931.656579	1093.61531
931.849342	1227.75727
932.042105	2707.41469
932.234868	1241.06906
932.427632	1505.25703
932.620395	1104.87914
932.813158	2104.28789
933.005921	1825.76414
933.198684	866.290781
933.391447	1618.9193
933.584211	1052.65594
933.776974	1481.70539
933.969737	1427.43422
934.1625	607.222734
934.355263	1172.46211
934.548026	1578.98391
934.740789	888.818438
934.933553	1017.84047
935.126316	3052.49742
935.319079	974.833125
935.511842	1008.62461
935.704605	823.283437
935.897368	1674.21445
936.090132	1652.71078
936.282895	328.698984
936.475658	1639.39898
936.668421	1116.14297
936.861184	1678.31039
937.053947	3140.56008
937.246711	766.964297
937.439474	866.290781
937.632237	1207.27758
937.825	1515.49687
938.017763	1448.93789
938.210526	1361.89922
938.403289	2412.50719
938.596053	2314.20469
938.788816	1517.54484
938.981579	776.180156
939.174342	1565.67211
939.367105	1512.42492
939.559868	2565.08086
939.752632	1887.2032
939.945395	1066.99172
940.138158	1094.6393
940.330921	1635.30305
940.523684	344.05875
940.716447	1168.36617
940.909211	1060.84781
941.101974	1142.76656
941.294737	1482.72937
941.4875	1829.86008
941.680263	1330.1557
941.873026	1202.15766
942.065789	1777.63687
942.258553	1644.51891
942.451316	1792.99664
942.644079	783.348047
942.836842	1361.89922
943.029605	1198.06172
943.222368	1533.92859
943.415132	2098.14398
943.607895	1099.75922
943.800658	1554.40828
943.993421	1224.68531
944.186184	786.42
944.378947	1734.62953
944.571711	1480.68141
944.764474	1439.72203
944.957237	1917.92273
945.15	1105.90312
945.342763	1827.81211
945.535526	2189.27859
945.728289	1244.14102
945.921053	1345.51547
946.113816	2150.36719
946.306579	2931.66727
946.499342	625.654453
946.692105	2000.86547
946.884868	1194.98977
947.077632	2048.99273
947.270395	1763.30109
947.463158	2070.49641
947.655921	1964.00203
947.848684	1589.22375
948.041447	1565.67211
948.234211	1312.74797
948.426974	1142.76656
948.619737	2628.56789
948.8125	1446.88992
949.005263	1151.98242
949.198026	1566.69609
949.390789	2005.98539
949.583553	783.348047
949.776316	1012.72055
949.969079	889.842422
950.161842	94.2065625
950.354605	1583.07984
950.547368	1374.18703
950.740132	2513.88164
950.932895	1437.67406
951.125658	1268.71664
951.318421	1387.49883
951.511184	1640.42297
951.703947	1449.96187
951.896711	641.014219
952.089474	1608.67945
952.282237	1969.12195
952.475	1477.60945
952.667763	934.897734
952.860526	585.719063
953.053289	974.833125
953.246053	1696.74211
953.438816	1584.10383
953.631579	2427.86695
953.824342	1582.05586
954.017105	2274.2693
954.209868	716.789062
954.402632	1732.58156
954.595395	1070.06367
954.788158	1002.4807
954.980921	1594.34367
955.173684	888.818438
955.366447	2612.18414
955.559211	638.96625
955.751974	1168.36617
955.944737	2056.16063
956.1375	1289.19633
956.330263	499.704375
956.523026	1031.15227
956.715789	1850.33977
956.908553	760.820391
957.101316	1398.76266
957.294079	691.189453
957.486842	2460.63445
957.679605	1060.84781
957.872368	1231.8532
958.065132	2786.26148
958.257895	1098.73523
958.450658	1886.17922
958.643421	1747.94133
958.836184	1684.4543
959.028947	2682.83906
959.221711	1485.80133
959.414474	822.259453
959.607237	1028.08031
959.8	1340.39555
959.992763	1288.17234
960.185526	643.062187
960.378289	1492.96922
960.571053	2359.26
960.763816	2769.87773
960.956579	367.610391
961.149342	2233.30992
961.342105	408.569766
961.534868	1054.70391
961.727632	744.436641
961.920395	1610.72742
962.113158	1440.74602
962.305921	1165.29422
962.498684	2590.68047
962.691447	1169.39016
962.884211	2251.74164
963.076974	1212.3975
963.269737	875.506641
963.4625	1187.82187
963.655263	2597.84836
963.848026	1133.5507
964.040789	1567.72008
964.233553	2355.16406
964.426316	1525.73672
964.619079	1340.39555
964.811842	1304.55609
965.004605	2339.8043
965.197368	1709.02992
965.390132	2062.30453
965.582895	865.266797
965.775658	1388.52281
965.968421	1282.02844
966.161184	1008.62461
966.353947	1599.46359
966.546711	1631.20711
966.739474	1098.73523
966.932237	952.305469
967.125	1308.65203
967.317763	1430.50617
967.510526	1692.64617
967.703289	1342.44352
967.896053	1914.85078
968.088816	1174.51008
968.281579	1720.29375
968.474342	1727.46164
968.667105	1774.56492
968.859868	1269.74062
969.052632	162.813516
969.245395	829.427344
969.438158	2335.70836
969.630921	991.216875
969.823684	2228.19
970.016447	1373.16305
970.209211	1585.12781
970.401974	1288.17234
970.594737	929.777812
970.7875	759.796406
970.980263	1075.18359
971.173026	1546.21641
971.365789	1403.88258
971.558553	1005.55266
971.751316	453.625078
971.944079	1556.45625
972.136842	1499.11312
972.329605	450.553125
972.522368	1167.34219
972.715132	2009.05734
972.907895	1306.60406
973.100658	548.855625
973.293421	1060.84781
973.486184	260.092031
973.678947	1382.37891
973.871711	1333.22766
974.064474	1343.4675
974.257237	1222.63734
974.45	1319.91586
974.642763	2596.82438
974.835526	1102.83117
975.028289	2196.44648
975.221053	1368.04312
975.413816	2022.36914
975.606579	859.122891
975.799342	595.958906
975.992105	1520.6168
976.184868	953.329453
976.377632	1207.27758
976.570395	727.028906
976.763158	990.192891
976.955921	1987.55367
977.148684	2168.79891
977.341447	390.138047
977.534211	2845.65258
977.726974	972.785156
977.919737	2489.30602
978.1125	913.394063
978.305263	1576.93594
978.498026	1263.59672
978.690789	2188.25461
978.883553	772.084219
979.076316	1742.82141
979.269079	813.043594
979.461842	1601.51156
979.654605	2529.24141
979.847368	1064.94375
980.040132	949.233516
980.232895	1139.69461
980.425658	1091.56734
980.618421	660.469922
980.811184	719.861016
981.003947	794.611875
981.196711	2684.88703
981.389474	2012.1293
981.582237	1138.67063
981.775	1066.99172
981.967763	1003.50469
982.160526	1660.90266
982.353289	2478.04219
982.546053	1319.91586
982.738816	369.658359
982.931579	2688.98297
983.124342	1509.35297
983.317105	1643.49492
983.509868	709.621172
983.702632	1824.74016
983.895395	1598.43961
984.088158	1261.54875
984.280921	738.292734
984.473684	1809.38039
984.666447	1507.305
984.859211	1415.14641
985.051974	1000.43273
985.244737	306.171328
985.4375	888.818438
985.630263	328.698984
985.823026	1679.33437
986.015789	961.521328
986.208553	1706.98195
986.401316	1818.59625
986.594079	2407.38727
986.786842	1237.99711
986.979605	1298.41219
987.172368	844.787109
987.365132	903.154219
987.557895	2212.83023
987.750658	1352.68336
987.943421	1995.74555
988.136184	1153.00641
988.328947	2824.14891
988.521711	1548.26437
988.714474	1244.14102
988.907237	2508.76172
989.1	2212.83023
989.292763	2166.75094
989.485526	2522.07352
989.678289	828.403359
989.871053	1733.60555
990.063816	2195.4225
990.256579	499.704375
990.449342	1663.97461
990.642105	1060.84781
990.834868	627.702422
991.027632	296.955469
991.220395	1913.8268
991.413158	1965.02602
991.605921	1225.7093
991.798684	1701.86203
991.991447	1760.22914
992.184211	733.172812
992.376974	2287.58109
992.569737	237.564375
992.7625	909.298125
992.955263	2085.85617
993.148026	1170.41414
993.340789	1881.0593
993.533553	1864.67555
993.726316	1721.31773
993.919079	2037.72891
994.111842	1531.88062
994.304605	1412.07445
994.497368	1904.61094
994.690132	608.246719
994.882895	2070.49641
995.075658	850.931016
995.268421	1955.81016
995.461184	1848.2918
995.653947	1200.10969
995.846711	1167.34219
996.039474	1664.99859
996.232237	945.137578
996.425	1982.43375
996.617763	1369.06711
996.810526	1077.23156
997.003289	1135.59867
997.196053	1559.5282
997.388816	211.964766
997.581579	1704.93398
997.774342	1796.06859
997.967105	1274.86055
998.159868	1644.51891
998.352632	1930.21055
998.545395	1369.06711
998.738158	489.464531
998.930921	1545.19242
999.123684	1907.68289
999.316447	825.331406
999.509211	973.809141
999.701974	1267.69266
999.894737	1005.55266
1000.0875	2139.10336
1000.28026	1592.2957
1000.47303	209.916797
1000.66579	2110.4318
1000.85855	840.691172
1001.05132	2047.96875
1001.24408	1117.16695
1001.43684	982.001016
1001.62961	1228.78125
1001.82237	236.540391
1002.01513	1421.29031
1002.20789	2212.83023
1002.40066	1266.66867
1002.59342	1738.72547
1002.78618	847.859062
1002.97895	2079.71227
1003.17171	675.829688
1003.36447	2082.78422
1003.55724	304.123359
1003.75	695.285391
1003.94276	1348.58742
1004.13553	2048.99273
1004.32829	1630.18312
1004.52105	1755.10922
1004.71382	1227.75727
1004.90658	1876.96336
1005.09934	270.331875
1005.29211	1155.05437
1005.48487	2530.26539
1005.67763	1324.0118
1005.87039	1074.15961
1006.06316	1786.85273
1006.25592	1822.69219
1006.44868	1245.165
1006.64145	1613.79937
1006.83421	1413.09844
1007.02697	839.667188
1007.21974	2096.09602
1007.4125	1782.7568
1007.60526	1116.14297
1007.79803	2146.27125
1007.99079	684.021562
1008.18355	2493.40195
1008.37632	696.309375
1008.56908	2046.94477
1008.76184	1726.43766
1008.95461	1170.41414
1009.14737	1706.98195
1009.34013	1126.38281
1009.53289	937.969687
1009.72566	1764.32508
1009.91842	1165.29422
1010.11118	1173.48609
1010.30395	1818.59625
1010.49671	1993.69758
1010.68947	1413.09844
1010.88224	1840.09992
1011.075	1079.27953
1011.26776	568.311328
1011.46053	1583.07984
1011.65329	649.206094
1011.84605	806.899687
1012.03882	1124.33484
1012.23158	1562.60016
1012.42434	966.64125
1012.61711	3066.8332
1012.80987	803.827734
1013.00263	1660.90266
1013.19539	1100.7832
1013.38816	1411.05047
1013.58092	1052.65594
1013.77368	1680.35836
1013.96645	1414.12242
1014.15921	643.062188
1014.35197	1894.37109
1014.54474	1200.10969
1014.7375	2042.84883
1014.93026	701.429297
1015.12303	565.239375
1015.31579	1012.72055
1015.50855	883.698516
1015.70132	2668.50328
1015.89408	2080.73625
1016.08684	1775.58891
1016.27961	1424.36227
1016.47237	1321.96383
1016.66513	1444.84195
1016.85789	2093.02406
1017.05066	2297.82094
1017.24342	1587.17578
1017.43618	1392.61875
1017.62895	1570.79203
1017.82171	563.191406
1018.01447	1299.43617
1018.20724	1307.62805
1018.4	951.281484
1018.59276	1872.86742
1018.78553	1261.54875
1018.97829	2781.14156
1019.17105	1474.5375
1019.36382	1623.01523
1019.55658	2112.47977
1019.74934	1599.46359
1019.94211	937.969687
1020.13487	1589.22375
1020.32763	1095.66328
1020.52039	1497.06516
1020.71316	1233.90117
1020.90592	1456.10578
1021.09868	1961.95406
1021.29145	1676.26242
1021.48421	1792.99664
1021.67697	2076.64031
1021.86974	1239.02109
1022.0625	2897.87578
1022.25526	2147.29523
1022.44803	644.086172
1022.64079	1832.93203
1022.83355	1907.68289
1023.02632	1653.73477
1023.21908	2468.82633
1023.41184	1143.79055
1023.60461	1265.64469
1023.79737	2275.29328
1023.99013	2102.23992
1024.18289	1738.72547
1024.37566	1514.47289
1024.56842	1357.80328
1024.76118	2218.97414
1024.95395	1582.05586
1025.14671	2086.88016
1025.33947	2030.56102
1025.53224	1294.31625
1025.725	1751.01328
1025.91776	2176.99078
1026.11053	1290.22031
1026.30329	1356.7793
1026.49605	1368.04313
1026.68882	1831.90805
1026.88158	1702.88602
1027.07434	1964.00203
1027.26711	1465.32164
1027.45987	2023.39313
1027.65263	533.495859
1027.84539	1727.46164
1028.03816	1631.20711
1028.23092	454.649063
1028.42368	1277.9325
1028.61645	1482.72937
1028.80921	551.927578
1029.00197	2172.89484
1029.19474	2130.91148
1029.3875	1325.03578
1029.58026	2116.5757
1029.77303	1397.73867
1029.96579	1332.20367
1030.15855	1404.90656
1030.35132	2403.29133
1030.54408	2619.35203
1030.73684	2037.72891
1030.92961	2185.18266
1031.12237	1608.67945
1031.31513	1406.95453
1031.50789	2809.81312
1031.70066	1275.88453
1031.89342	1870.81945
1032.08618	1894.37109
1032.27895	1305.58008
1032.47171	932.849766
1032.66447	1356.7793
1032.85724	1897.44305
1033.05	2370.52383
1033.24276	2771.9257
1033.43553	890.866406
1033.62829	1004.52867
1033.82105	1725.41367
1034.01382	1537.00055
1034.20658	2052.06469
1034.39934	1050.60797
1034.59211	2480.09016
1034.78487	1429.48219
1034.97763	575.479219
1035.17039	583.671094
1035.36316	3006.41813
1035.55592	1580.00789
1035.74868	1464.29766
1035.94145	1917.92273
1036.13421	1299.43617
1036.32697	1215.46945
1036.51974	1317.86789
1036.7125	2117.59969
1036.90526	1848.2918
1037.09803	1226.73328
1037.29079	2942.93109
1037.48355	3015.63398
1037.67632	1592.2957
1037.86908	1079.27953
1038.06184	2037.72891
1038.25461	1857.50766
1038.44737	1823.71617
1038.64013	1137.64664
1038.83289	2315.22867
1039.02566	1574.88797
1039.21842	1588.19977
1039.41118	798.707812
1039.60395	752.628516
1039.79671	1357.80328
1039.98947	1839.07594
1040.18224	2311.13273
1040.375	1010.67258
1040.56776	1370.09109
1040.76053	638.96625
1040.95329	1863.65156
1041.14605	1449.96187
1041.33882	1138.67063
1041.53158	3182.54344
1041.72434	1839.07594
1041.91711	1480.68141
1042.10987	1794.02063
1042.30263	1906.65891
1042.49539	2289.62906
1042.68816	2043.87281
1042.88092	1213.42148
1043.07368	707.573203
1043.26645	1431.53016
1043.45921	2592.72844
1043.65197	1575.91195
1043.84474	1927.13859
1044.0375	2571.22477
1044.23026	2384.85961
1044.42303	2453.46656
1044.61579	1964.00203
1044.80855	1457.12977
1045.00132	3019.72992
1045.19408	1504.23305
1045.38684	2362.33195
1045.57961	2496.47391
1045.77237	1969.12195
1045.96513	2728.91836
1046.15789	2637.78375
