344.5	-12.2878125
344.692763	-12.2878125
344.885526	-12.2878125
345.078289	24.575625
345.271053	8.191875
345.463816	26.6235937
345.656579	63.4870312
345.849342	30.7195313
346.042105	-61.4390625
346.234868	-10.2398438
346.427632	47.1032813
346.620395	-53.2471875
346.813158	61.4390625
347.005921	-43.0073438
347.198684	122.878125
347.391447	133.117969
347.584211	6.14390625
347.776974	10.2398438
347.969737	51.1992187
348.1625	-69.6309375
348.355263	-6.14390625
348.548026	129.022031
348.740789	67.5829687
348.933553	2.04796875
349.126316	22.5276563
349.319079	-67.5829687
349.511842	65.535
349.704605	-61.4390625
349.897368	-161.789531
350.090132	28.6715625
350.282895	-77.8228125
350.475658	-36.8634375
350.668421	-24.575625
350.861184	8.191875
351.053947	-2.04796875
351.246711	-55.2951562
351.439474	32.7675
351.632237	-45.0553125
351.825	-6.14390625
352.017763	-32.7675
352.210526	-71.6789063
352.403289	133.117969
352.596053	81.91875
352.788816	57.343125
352.981579	65.535
353.174342	-12.2878125
353.367105	40.959375
353.559868	-63.4870313
353.752632	-55.2951562
353.945395	-30.7195313
354.138158	36.8634375
354.330921	14.3357812
354.523684	-2.04796875
354.716447	4.0959375
354.909211	65.535
355.101974	-12.2878125
355.294737	-26.6235938
355.4875	-16.38375
355.680263	55.2951563
355.873026	24.575625
356.065789	-22.5276563
356.258553	34.8154688
356.451316	139.261875
356.644079	-40.959375
356.836842	106.494375
357.029605	-2.04796875
357.222368	65.535
357.415132	116.734219
357.607895	28.6715625
357.800658	-49.15125
357.993421	20.4796875
358.186184	-20.4796875
358.378947	112.638281
358.571711	-16.38375
358.764474	-137.213906
358.957237	0
359.15	-36.8634375
359.342763	0
359.535526	-28.6715625
359.728289	-38.9114063
359.921053	-96.2545312
360.113816	20.4796875
360.306579	-18.4317188
360.499342	-36.8634375
360.692105	-38.9114062
360.884868	59.3910937
361.077632	65.535
361.270395	24.575625
361.463158	8.191875
361.655921	55.2951562
361.848684	8.191875
362.041447	71.6789063
362.234211	-36.8634375
362.426974	26.6235938
362.619737	12.2878125
362.8125	-73.726875
363.005263	24.575625
363.198026	-2.04796875
363.390789	36.8634375
363.583553	4.0959375
363.776316	-49.15125
363.969079	-65.535
364.161842	30.7195312
364.354605	-51.1992187
364.547368	141.309844
364.740132	-79.8707813
364.932895	-32.7675
365.125658	-45.0553125
365.318421	4.0959375
365.511184	-30.7195312
365.703947	163.8375
365.896711	-8.191875
366.089474	73.726875
366.282237	6.14390625
366.475	-20.4796875
366.667763	30.7195312
366.860526	-6.14390625
367.053289	14.3357812
367.246053	-61.4390625
367.438816	63.4870313
367.631579	26.6235937
367.824342	16.38375
368.017105	-112.638281
368.209868	26.6235938
368.402632	122.878125
368.595395	-45.0553125
368.788158	-77.8228125
368.980921	96.2545313
369.173684	-6.14390625
369.366447	-81.91875
369.559211	108.542344
369.751974	-22.5276563
369.944737	4.0959375
370.1375	2.04796875
370.330263	-30.7195313
370.523026	-106.494375
370.715789	49.15125
370.908553	-71.6789063
371.101316	53.2471875
371.294079	-51.1992187
371.486842	-14.3357813
371.679605	100.350469
371.872368	-63.4870312
372.065132	102.398437
372.257895	4.0959375
372.450658	-36.8634375
372.643421	14.3357812
372.836184	10.2398438
373.028947	43.0073438
373.221711	20.4796875
373.414474	-24.575625
373.607237	-28.6715625
373.8	-61.4390625
373.992763	-67.5829688
374.185526	-8.191875
374.378289	139.261875
374.571053	0
374.763816	65.535
374.956579	-90.110625
375.149342	-120.830156
375.342105	43.0073438
375.534868	-26.6235938
375.727632	-26.6235938
375.920395	63.4870313
376.113158	-67.5829687
376.305921	43.0073438
376.498684	88.0626562
376.691447	-53.2471875
376.884211	-24.575625
377.076974	2.04796875
377.269737	4.0959375
377.4625	6.14390625
377.655263	-45.0553125
377.848026	-8.191875
378.040789	-30.7195312
378.233553	159.741562
378.426316	-24.575625
378.619079	32.7675
378.811842	-22.5276562
379.004605	36.8634375
379.197368	47.1032813
379.390132	92.1585938
379.582895	-16.38375
379.775658	-32.7675
379.968421	-63.4870312
380.161184	-71.6789063
380.353947	43.0073438
380.546711	12.2878125
380.739474	-14.3357812
380.932237	4.0959375
381.125	-16.38375
381.317763	26.6235938
381.510526	30.7195312
381.703289	-14.3357812
381.896053	38.9114062
382.088816	-34.8154688
382.281579	-98.3025
382.474342	10.2398438
382.667105	69.6309375
382.859868	-108.542344
383.052632	-86.0146875
383.245395	61.4390625
383.438158	-71.6789062
383.630921	24.575625
383.823684	-28.6715625
384.016447	-98.3025
384.209211	-43.0073438
384.401974	-65.535
384.594737	36.8634375
384.7875	-34.8154688
384.980263	38.9114063
385.173026	-139.261875
385.365789	32.7675
385.558553	-26.6235938
385.751316	38.9114062
385.944079	-18.4317187
386.136842	-90.110625
386.329605	36.8634375
386.522368	-40.959375
386.715132	12.2878125
386.907895	-45.0553125
387.100658	-32.7675
387.293421	32.7675
387.486184	-26.6235938
387.678947	20.4796875
387.871711	26.6235938
388.064474	-55.2951563
388.257237	-20.4796875
388.45	32.7675
388.642763	18.4317188
388.835526	55.2951563
389.028289	-88.0626563
389.221053	34.8154688
389.413816	-45.0553125
389.606579	-96.2545313
389.799342	57.343125
389.992105	16.38375
390.184868	10.2398438
390.377632	14.3357812
390.570395	-106.494375
390.763158	-14.3357813
390.955921	36.8634375
391.148684	43.0073438
391.341447	116.734219
391.534211	45.0553125
391.726974	-10.2398438
391.919737	-104.446406
392.1125	-43.0073438
392.305263	77.8228125
392.498026	116.734219
392.690789	38.9114063
392.883553	26.6235938
393.076316	47.1032813
393.269079	-65.535
393.461842	-47.1032812
393.654605	-18.4317188
393.847368	36.8634375
394.040132	14.3357813
394.232895	61.4390625
394.425658	22.5276562
394.618421	-116.734219
394.811184	-36.8634375
395.003947	-45.0553125
395.196711	-137.213906
395.389474	75.7748438
395.582237	67.5829687
395.775	-94.2065625
395.967763	112.638281
396.160526	-114.68625
396.353289	-96.2545313
396.546053	-24.575625
396.738816	-18.4317188
396.931579	-34.8154688
397.124342	8.191875
397.317105	20.4796875
397.509868	-18.4317188
397.702632	-53.2471875
397.895395	-124.926094
398.088158	-18.4317188
398.280921	34.8154688
398.473684	36.8634375
398.666447	-106.494375
398.859211	-67.5829687
399.051974	-34.8154688
399.244737	75.7748437
399.4375	-49.15125
399.630263	8.191875
399.823026	34.8154688
400.015789	-32.7675
400.208553	102.398437
400.401316	-30.7195312
400.594079	2.04796875
400.786842	40.959375
400.979605	26.6235938
401.172368	73.726875
401.365132	6.14390625
401.557895	0
401.750658	6.14390625
401.943421	-88.0626562
402.136184	94.2065625
402.328947	-145.405781
402.521711	26.6235938
402.714474	124.926094
402.907237	-36.8634375
403.1	-26.6235938
403.292763	-126.974062
403.485526	-57.343125
403.678289	-110.590312
403.871053	24.575625
404.063816	-2.04796875
404.256579	-38.9114063
404.449342	-122.878125
404.642105	0
404.834868	57.343125
405.027632	61.4390625
405.220395	-36.8634375
405.413158	94.2065625
405.605921	-51.1992187
405.798684	-30.7195312
405.991447	28.6715625
406.184211	-51.1992187
406.376974	-24.575625
406.569737	122.878125
406.7625	-43.0073438
406.955263	-90.110625
407.148026	98.3025
407.340789	71.6789063
407.533553	12.2878125
407.726316	75.7748438
407.919079	-81.91875
408.111842	-34.8154688
408.304605	0
408.497368	-32.7675
408.690132	2.04796875
408.882895	53.2471875
409.075658	-124.926094
409.268421	-28.6715625
409.461184	133.117969
409.653947	38.9114063
409.846711	-20.4796875
410.039474	61.4390625
410.232237	-8.191875
410.425	-18.4317188
410.617763	-12.2878125
410.810526	-14.3357812
411.003289	-86.0146875
411.196053	-75.7748437
411.388816	10.2398438
411.581579	10.2398437
411.774342	-18.4317188
411.967105	-24.575625
412.159868	102.398437
412.352632	-4.0959375
412.545395	-94.2065625
412.738158	-36.8634375
412.930921	38.9114062
413.123684	71.6789063
413.316447	2.04796875
413.509211	20.4796875
413.701974	10.2398438
413.894737	-32.7675
414.0875	-8.191875
414.280263	53.2471875
414.473026	-20.4796875
414.665789	-40.959375
414.858553	-47.1032813
415.051316	-24.575625
415.244079	14.3357812
415.436842	-40.959375
415.629605	45.0553125
415.822368	-71.6789063
416.015132	20.4796875
416.207895	36.8634375
416.400658	18.4317188
416.593421	10.2398438
416.786184	-34.8154687
416.978947	-198.652969
417.171711	-49.15125
417.364474	-32.7675
417.557237	-69.6309375
417.75	-45.0553125
417.942763	-59.3910937
418.135526	94.2065625
418.328289	-49.15125
418.521053	-36.8634375
418.713816	-73.726875
418.906579	-67.5829687
419.099342	-94.2065625
419.292105	51.1992187
419.484868	131.07
419.677632	90.110625
419.870395	32.7675
420.063158	14.3357812
420.255921	10.2398437
420.448684	-65.535
420.641447	-77.8228125
420.834211	151.549687
421.026974	-6.14390625
421.219737	55.2951562
421.4125	34.8154687
421.605263	4.0959375
421.798026	-81.91875
421.990789	-43.0073438
422.183553	51.1992187
422.376316	-43.0073437
422.569079	14.3357812
422.761842	-24.575625
422.954605	-106.494375
423.147368	-4.0959375
423.340132	24.575625
423.532895	-38.9114062
423.725658	26.6235938
423.918421	-57.343125
424.111184	57.343125
424.303947	49.15125
424.496711	63.4870312
424.689474	10.2398437
424.882237	-10.2398438
425.075	-59.3910937
425.267763	-65.535
425.460526	153.597656
425.653289	6.14390625
425.846053	110.590312
426.038816	-18.4317188
426.231579	-16.38375
426.424342	-30.7195312
426.617105	-22.5276563
426.809868	45.0553125
427.002632	-4.0959375
427.195395	-36.8634375
427.388158	55.2951563
427.580921	57.343125
427.773684	-26.6235937
427.966447	-75.7748437
428.159211	57.343125
428.351974	6.14390625
428.544737	122.878125
428.7375	-14.3357813
428.930263	28.6715625
429.123026	-51.1992187
429.315789	-6.14390625
429.508553	24.575625
429.701316	-49.15125
429.894079	4.0959375
430.086842	61.4390625
430.279605	-16.38375
430.472368	-43.0073438
430.665132	104.446406
430.857895	79.8707813
431.050658	69.6309375
431.243421	75.7748437
431.436184	-53.2471875
431.628947	-10.2398438
431.821711	90.110625
432.014474	-38.9114062
432.207237	75.7748437
432.4	32.7675
432.592763	-8.191875
432.785526	18.4317188
432.978289	-12.2878125
433.171053	20.4796875
433.363816	-73.726875
433.556579	129.022031
433.749342	-28.6715625
433.942105	67.5829687
434.134868	-77.8228125
434.327632	12.2878125
434.520395	14.3357812
434.713158	-190.461094
434.905921	24.575625
435.098684	-94.2065625
435.291447	-63.4870313
435.484211	-10.2398438
435.676974	-20.4796875
435.869737	-20.4796875
436.0625	8.191875
436.255263	-32.7675
436.448026	-24.575625
436.640789	69.6309375
436.833553	153.597656
437.026316	129.022031
437.219079	51.1992187
437.411842	18.4317188
437.604605	-106.494375
437.797368	79.8707813
437.990132	40.959375
438.182895	-8.191875
438.375658	-16.38375
438.568421	57.343125
438.761184	6.14390625
438.953947	-92.1585937
439.146711	-86.0146875
439.339474	69.6309375
439.532237	-67.5829687
439.725	55.2951562
439.917763	6.14390625
440.110526	36.8634375
440.303289	-98.3025
440.496053	73.726875
440.688816	12.2878125
440.881579	14.3357812
441.074342	-92.1585937
441.267105	65.535
441.459868	83.9667187
441.652632	157.693594
441.845395	32.7675
442.038158	77.8228125
442.230921	88.0626562
442.423684	-90.110625
442.616447	69.6309375
442.809211	-24.575625
443.001974	51.1992187
443.194737	36.8634375
443.3875	28.6715625
443.580263	63.4870313
443.773026	-14.3357812
443.965789	96.2545313
444.158553	-49.15125
444.351316	94.2065625
444.544079	28.6715625
444.736842	34.8154688
444.929605	26.6235938
445.122368	-20.4796875
445.315132	-63.4870313
445.507895	30.7195312
445.700658	55.2951562
445.893421	-14.3357812
446.086184	-49.15125
446.278947	51.1992187
446.471711	69.6309375
446.664474	28.6715625
446.857237	184.317187
447.05	36.8634375
447.242763	-86.0146875
447.435526	-43.0073438
447.628289	8.191875
447.821053	43.0073438
448.013816	4.0959375
448.206579	18.4317188
448.399342	-36.8634375
448.592105	-49.15125
448.784868	-47.1032812
448.977632	-61.4390625
449.170395	36.8634375
449.363158	28.6715625
449.555921	47.1032813
449.748684	88.0626562
449.941447	2.04796875
450.134211	114.68625
450.326974	43.0073438
450.519737	-32.7675
450.7125	-34.8154688
450.905263	30.7195312
451.098026	-92.1585937
451.290789	61.4390625
451.483553	104.446406
451.676316	79.8707812
451.869079	43.0073438
452.061842	-32.7675
452.254605	-108.542344
452.447368	-12.2878125
452.640132	28.6715625
452.832895	-57.343125
453.025658	-24.575625
453.218421	-28.6715625
453.411184	22.5276563
453.603947	-100.350469
453.796711	47.1032812
453.989474	67.5829687
454.182237	139.261875
454.375	-73.726875
454.567763	-49.15125
454.760526	47.1032813
454.953289	-38.9114063
455.146053	-4.0959375
455.338816	104.446406
455.531579	40.959375
455.724342	-4.0959375
455.917105	83.9667187
456.109868	55.2951563
456.302632	69.6309375
456.495395	114.68625
456.688158	57.343125
456.880921	38.9114062
457.073684	-26.6235938
457.266447	24.575625
457.459211	77.8228125
457.651974	53.2471875
457.844737	32.7675
458.0375	38.9114063
458.230263	71.6789062
458.423026	165.885469
458.615789	8.191875
458.808553	-32.7675
459.001316	102.398437
459.194079	155.645625
459.386842	18.4317188
459.579605	-6.14390625
459.772368	32.7675
459.965132	100.350469
460.157895	16.38375
460.350658	-65.535
460.543421	16.38375
460.736184	96.2545313
460.928947	4.0959375
461.121711	-18.4317187
461.314474	-6.14390625
461.507237	88.0626563
461.7	43.0073438
461.892763	88.0626563
462.085526	32.7675
462.278289	-36.8634375
462.471053	-38.9114063
462.663816	8.191875
462.856579	98.3025
463.049342	53.2471875
463.242105	61.4390625
463.434868	4.0959375
463.627632	110.590312
463.820395	-71.6789062
464.013158	61.4390625
464.205921	122.878125
464.398684	49.15125
464.591447	137.213906
464.784211	83.9667187
464.976974	40.959375
465.169737	-45.0553125
465.3625	59.3910937
465.555263	59.3910937
465.748026	47.1032812
465.940789	0
466.133553	18.4317188
466.326316	69.6309375
466.519079	26.6235938
466.711842	40.959375
466.904605	8.191875
467.097368	18.4317187
467.290132	67.5829687
467.482895	-114.68625
467.675658	-124.926094
467.868421	94.2065625
468.061184	45.0553125
468.253947	0
468.446711	-14.3357812
468.639474	61.4390625
468.832237	73.726875
469.025	-145.405781
469.217763	75.7748437
469.410526	53.2471875
469.603289	92.1585937
469.796053	2.04796875
469.988816	43.0073438
470.181579	10.2398437
470.374342	63.4870312
470.567105	83.9667187
470.759868	215.036719
470.952632	-30.7195312
471.145395	16.38375
471.338158	159.741563
471.530921	88.0626563
471.723684	28.6715625
471.916447	65.535
472.109211	-8.191875
472.301974	79.8707813
472.494737	40.959375
472.6875	63.4870313
472.880263	137.213906
473.073026	22.5276563
473.265789	-12.2878125
473.458553	151.549688
473.651316	-36.8634375
473.844079	24.575625
474.036842	157.693594
474.229605	106.494375
474.422368	32.7675
474.615132	49.15125
474.807895	38.9114062
475.000658	14.3357812
475.193421	92.1585937
475.386184	61.4390625
475.578947	92.1585937
475.771711	73.726875
475.964474	155.645625
476.157237	-10.2398438
476.35	86.0146875
476.542763	18.4317188
476.735526	-36.8634375
476.928289	4.0959375
477.121053	20.4796875
477.313816	0
477.506579	108.542344
477.699342	-8.191875
477.892105	69.6309375
478.084868	161.789531
478.277632	86.0146875
478.470395	157.693594
478.663158	110.590312
478.855921	36.8634375
479.048684	163.8375
479.241447	-10.2398437
479.434211	51.1992187
479.626974	61.4390625
479.819737	20.4796875
480.0125	94.2065625
480.205263	-40.959375
480.398026	67.5829687
480.590789	135.165937
480.783553	-57.343125
480.976316	30.7195312
481.169079	-75.7748437
481.361842	-122.878125
481.554605	-28.6715625
481.747368	-26.6235937
481.940132	-20.4796875
482.132895	63.4870312
482.325658	-81.91875
482.518421	-34.8154688
482.711184	24.575625
482.903947	161.789531
483.096711	65.535
483.289474	0
483.482237	114.68625
483.675	-88.0626563
483.867763	51.1992187
484.060526	26.6235938
484.253289	79.8707812
484.446053	104.446406
484.638816	-43.0073438
484.831579	32.7675
485.024342	4.0959375
485.217105	-8.191875
485.409868	-10.2398438
485.602632	102.398437
485.795395	-36.8634375
485.988158	-16.38375
486.180921	47.1032812
486.373684	-18.4317188
486.566447	45.0553125
486.759211	-51.1992187
486.951974	75.7748437
487.144737	-83.9667187
487.3375	10.2398438
487.530263	12.2878125
487.723026	-28.6715625
487.915789	55.2951563
488.108553	71.6789063
488.301316	38.9114062
488.494079	-6.14390625
488.686842	45.0553125
488.879605	2.04796875
489.072368	81.91875
489.265132	71.6789062
489.457895	69.6309375
489.650658	98.3025
489.843421	49.15125
490.036184	83.9667187
490.228947	161.789531
490.421711	118.782188
490.614474	-51.1992187
490.807237	81.91875
491	4.0959375
491.192763	79.8707813
491.385526	139.261875
491.578289	-43.0073438
491.771053	-6.14390625
491.963816	2.04796875
492.156579	108.542344
492.349342	34.8154688
492.542105	-34.8154688
492.734868	24.575625
492.927632	155.645625
493.120395	49.15125
493.313158	55.2951562
493.505921	112.638281
493.698684	79.8707812
493.891447	-14.3357812
494.084211	51.1992187
494.276974	8.191875
494.469737	20.4796875
494.6625	34.8154688
494.855263	36.8634375
495.048026	-47.1032812
495.240789	43.0073438
495.433553	28.6715625
495.626316	28.6715625
495.819079	-65.535
496.011842	-69.6309375
496.204605	0
496.397368	6.14390625
496.590132	10.2398437
496.782895	2.04796875
496.975658	-24.575625
497.168421	-32.7675
497.361184	67.5829687
497.553947	-6.14390625
497.746711	-88.0626562
497.939474	57.343125
498.132237	-18.4317188
498.325	40.959375
498.517763	26.6235937
498.710526	-47.1032812
498.903289	6.14390625
499.096053	118.782187
499.288816	-69.6309375
499.481579	-65.535
499.674342	59.3910937
499.867105	-28.6715625
500.059868	-102.398437
500.252632	4.0959375
500.445395	20.4796875
500.638158	-102.398437
500.830921	26.6235938
501.023684	2.04796875
501.216447	51.1992187
501.409211	30.7195312
501.601974	34.8154688
501.794737	-10.2398437
501.9875	67.5829687
502.180263	-47.1032813
502.373026	34.8154688
502.565789	-2.04796875
502.758553	32.7675
502.951316	26.6235938
503.144079	32.7675
503.336842	43.0073438
503.529605	45.0553125
503.722368	57.343125
503.915132	88.0626563
504.107895	61.4390625
504.300658	24.575625
504.493421	215.036719
504.686184	241.660312
504.878947	98.3025
505.071711	184.317187
505.264474	323.579062
505.457237	440.313281
505.65	436.217344
505.842763	395.257969
506.035526	491.5125
506.228289	421.881562
506.421053	192.509063
506.613816	163.8375
506.806579	22.5276563
506.999342	4.0959375
507.192105	-43.0073438
507.384868	-10.2398437
507.577632	45.0553125
507.770395	77.8228125
507.963158	63.4870312
508.155921	22.5276562
508.348684	-59.3910937
508.541447	4.0959375
508.734211	51.1992187
508.926974	73.726875
509.119737	-2.04796875
509.3125	4.0959375
509.505263	77.8228125
509.698026	45.0553125
509.890789	112.638281
510.083553	139.261875
510.276316	100.350469
510.469079	61.4390625
510.661842	20.4796875
510.854605	4.0959375
511.047368	65.535
511.240132	86.0146875
511.432895	6.14390625
511.625658	-49.15125
511.818421	16.38375
512.011184	-14.3357812
512.203947	16.38375
512.396711	32.7675
512.589474	26.6235938
512.782237	6.14390625
512.975	-59.3910937
513.167763	96.2545312
513.360526	-90.110625
513.553289	47.1032812
513.746053	-8.191875
513.938816	-2.04796875
514.131579	106.494375
514.324342	65.535
514.517105	-86.0146875
514.709868	26.6235938
514.902632	-79.8707813
515.095395	57.343125
515.288158	22.5276562
515.480921	4.0959375
515.673684	106.494375
515.866447	22.5276563
516.059211	-90.110625
516.251974	38.9114063
516.444737	65.535
516.6375	-4.0959375
516.830263	-86.0146875
517.023026	16.38375
517.215789	71.6789063
517.408553	57.343125
517.601316	-92.1585937
517.794079	38.9114062
517.986842	-73.726875
518.179605	30.7195312
518.372368	-18.4317188
518.565132	-16.38375
518.757895	20.4796875
518.950658	92.1585937
519.143421	38.9114063
519.336184	-10.2398437
519.528947	-83.9667187
519.721711	36.8634375
519.914474	-51.1992187
520.107237	83.9667187
520.3	-88.0626562
520.492763	67.5829687
520.685526	-4.0959375
520.878289	92.1585937
521.071053	34.8154688
521.263816	40.959375
521.456579	10.2398438
521.649342	16.38375
521.842105	77.8228125
522.034868	-14.3357812
522.227632	-75.7748437
522.420395	116.734219
522.613158	40.959375
522.805921	100.350469
522.998684	88.0626562
523.191447	81.91875
523.384211	-67.5829687
523.576974	133.117969
523.769737	-16.38375
523.9625	28.6715625
524.155263	20.4796875
524.348026	-6.14390625
524.540789	38.9114062
524.733553	38.9114062
524.926316	16.38375
525.119079	106.494375
525.311842	-51.1992187
525.504605	-28.6715625
525.697368	-38.9114063
525.890132	-22.5276562
526.082895	36.8634375
526.275658	-73.726875
526.468421	143.357812
526.661184	-49.15125
526.853947	-92.1585938
527.046711	-90.110625
527.239474	-57.343125
527.432237	49.15125
527.625	-34.8154688
527.817763	-77.8228125
528.010526	-34.8154688
528.203289	-88.0626563
528.396053	36.8634375
528.588816	-49.15125
528.781579	67.5829687
528.974342	51.1992187
529.167105	-10.2398438
529.359868	10.2398438
529.552632	73.726875
529.745395	-38.9114063
529.938158	-22.5276562
530.130921	-53.2471875
530.323684	-32.7675
530.516447	22.5276562
530.709211	104.446406
530.901974	14.3357812
531.094737	-55.2951562
531.2875	-10.2398438
531.480263	-20.4796875
531.673026	-20.4796875
531.865789	6.14390625
532.058553	-34.8154688
532.251316	79.8707813
532.444079	-75.7748437
532.636842	0
532.829605	77.8228125
533.022368	-26.6235938
533.215132	-16.38375
533.407895	0
533.600658	-30.7195312
533.793421	26.6235938
533.986184	-65.535
534.178947	-36.8634375
534.371711	32.7675
534.564474	-98.3025
534.757237	59.3910937
534.95	-10.2398438
535.142763	16.38375
535.335526	32.7675
535.528289	40.959375
535.721053	36.8634375
535.913816	38.9114063
536.106579	36.8634375
536.299342	45.0553125
536.492105	26.6235938
536.684868	-129.022031
536.877632	10.2398438
537.070395	-47.1032812
537.263158	18.4317188
537.455921	26.6235938
537.648684	22.5276562
537.841447	0
538.034211	28.6715625
538.226974	47.1032812
538.419737	-38.9114062
538.6125	-65.535
538.805263	-38.9114062
538.998026	16.38375
539.190789	-59.3910937
539.383553	-45.0553125
539.576316	-30.7195312
539.769079	18.4317187
539.961842	88.0626562
540.154605	81.91875
540.347368	-6.14390625
540.540132	-38.9114062
540.732895	-18.4317188
540.925658	-10.2398438
541.118421	67.5829687
541.311184	59.3910937
541.503947	163.8375
541.696711	-53.2471875
541.889474	-73.726875
542.082237	51.1992187
542.275	-4.0959375
542.467763	34.8154688
542.660526	-49.15125
542.853289	147.45375
543.046053	16.38375
543.238816	63.4870313
543.431579	-18.4317188
543.624342	55.2951562
543.817105	-59.3910937
544.009868	-71.6789063
544.202632	26.6235938
544.395395	-49.15125
544.588158	0
544.780921	-28.6715625
544.973684	-55.2951563
545.166447	-112.638281
545.359211	51.1992187
545.551974	-40.959375
545.744737	-75.7748437
545.9375	219.132656
546.130263	-73.726875
546.323026	55.2951563
546.515789	-83.9667187
546.708553	-30.7195313
546.901316	16.38375
547.094079	75.7748437
547.286842	-49.15125
547.479605	94.2065625
547.672368	-59.3910937
547.865132	-43.0073438
548.057895	75.7748437
548.250658	-114.68625
548.443421	61.4390625
548.636184	-4.0959375
548.828947	6.14390625
549.021711	145.405781
549.214474	65.535
549.407237	-53.2471875
549.6	-6.14390625
549.792763	-55.2951563
549.985526	-102.398437
550.178289	47.1032812
550.371053	-32.7675
550.563816	6.14390625
550.756579	34.8154688
550.949342	69.6309375
551.142105	-51.1992187
551.334868	83.9667187
551.527632	-22.5276562
551.720395	-22.5276562
551.913158	-18.4317188
552.105921	200.700937
552.298684	-61.4390625
552.491447	-10.2398438
552.684211	28.6715625
552.876974	-57.343125
553.069737	88.0626562
553.2625	-12.2878125
553.455263	34.8154688
553.648026	53.2471875
553.840789	-73.726875
554.033553	38.9114062
554.226316	-28.6715625
554.419079	2.04796875
554.611842	16.38375
554.804605	65.535
554.997368	-71.6789062
555.190132	20.4796875
555.382895	165.885469
555.575658	-32.7675
555.768421	40.959375
555.961184	0
556.153947	83.9667187
556.346711	16.38375
556.539474	69.6309375
556.732237	116.734219
556.925	-36.8634375
557.117763	96.2545313
557.310526	-36.8634375
557.503289	32.7675
557.696053	-10.2398438
557.888816	32.7675
558.081579	-55.2951563
558.274342	-40.959375
558.467105	122.878125
558.659868	-67.5829687
558.852632	172.029375
559.045395	-47.1032813
559.238158	22.5276563
559.430921	118.782187
559.623684	-4.0959375
559.816447	-12.2878125
560.009211	-30.7195312
560.201974	-26.6235938
560.394737	-40.959375
560.5875	-61.4390625
560.780263	30.7195312
560.973026	-4.0959375
561.165789	-6.14390625
561.358553	24.575625
561.551316	-30.7195312
561.744079	155.645625
561.936842	18.4317188
562.129605	28.6715625
562.322368	-43.0073438
562.515132	96.2545313
562.707895	32.7675
562.900658	14.3357812
563.093421	73.726875
563.286184	-32.7675
563.478947	63.4870313
563.671711	143.357812
563.864474	122.878125
564.057237	-2.04796875
564.25	149.501719
564.442763	10.2398438
564.635526	38.9114062
564.828289	-6.14390625
565.021053	0
565.213816	34.8154688
565.406579	161.789531
565.599342	51.1992187
565.792105	67.5829687
565.984868	40.959375
566.177632	67.5829687
566.370395	100.350469
566.563158	61.4390625
566.755921	53.2471875
566.948684	102.398437
567.141447	55.2951563
567.334211	77.8228125
567.526974	49.15125
567.719737	34.8154688
567.9125	145.405781
568.105263	53.2471875
568.298026	94.2065625
568.490789	63.4870313
568.683553	96.2545313
568.876316	-12.2878125
569.069079	-8.191875
569.261842	-32.7675
569.454605	100.350469
569.647368	36.8634375
569.840132	57.343125
570.032895	100.350469
570.225658	38.9114062
570.418421	104.446406
570.611184	141.309844
570.803947	178.173281
570.996711	94.2065625
571.189474	45.0553125
571.382237	96.2545312
571.575	14.3357812
571.767763	55.2951563
571.960526	-14.3357813
572.153289	194.557031
572.346053	139.261875
572.538816	-6.14390625
572.731579	-57.343125
572.924342	188.413125
573.117105	129.022031
573.309868	61.4390625
573.502632	51.1992187
573.695395	-12.2878125
573.888158	172.029375
574.080921	67.5829687
574.273684	167.933437
574.466447	145.405781
574.659211	219.132656
574.851974	104.446406
575.044737	114.68625
575.2375	40.959375
575.430263	229.3725
575.623026	69.6309375
575.815789	231.420469
576.008553	190.461094
576.201316	118.782187
576.394079	200.700937
576.586842	167.933437
576.779605	83.9667187
576.972368	278.52375
577.165132	165.885469
577.357895	122.878125
577.550658	83.9667187
577.743421	255.996094
577.936184	264.187969
578.128947	190.461094
578.321711	233.468437
578.514474	311.29125
578.707237	59.3910937
578.9	20.4796875
579.092763	235.516406
579.285526	143.357812
579.478289	157.693594
579.671053	280.571719
579.863816	184.317188
580.056579	116.734219
580.249342	251.900156
580.442105	219.132656
580.634868	194.557031
580.827632	227.324531
581.020395	237.564375
581.213158	305.147344
581.405921	131.07
581.598684	378.874219
581.791447	368.634375
581.984211	352.250625
582.176974	344.05875
582.369737	282.619688
582.5625	280.571719
582.755263	331.770937
582.948026	335.866875
583.140789	376.82625
583.333553	280.571719
583.526316	380.922187
583.719079	352.250625
583.911842	276.475781
584.104605	477.176719
584.297368	370.682344
584.490132	442.36125
584.682895	366.586406
584.875658	393.21
585.068421	309.243281
585.261184	397.305937
585.453947	477.176719
585.646711	473.080781
585.839474	366.586406
586.032237	296.955469
586.225	376.82625
586.417763	376.82625
586.610526	395.257969
586.803289	454.649063
586.996053	493.560469
587.188816	606.19875
587.381579	456.697031
587.574342	466.936875
587.767105	456.697031
587.959868	385.018125
588.152632	292.859531
588.345395	450.553125
588.538158	446.457188
588.730921	495.608438
588.923684	544.759687
589.116447	524.28
589.309211	573.43125
589.501974	614.390625
589.694737	417.785625
589.8875	550.903594
590.080263	387.066094
590.273026	557.0475
590.465789	647.158125
590.658553	598.006875
590.851316	616.438594
591.044079	643.062188
591.236842	495.608438
591.429605	718.837031
591.622368	731.124844
591.815132	456.697031
592.007895	452.601094
592.200658	589.815
592.393421	600.054844
592.586184	526.327969
592.778947	581.623125
592.971711	724.980937
593.164474	563.191406
593.357237	620.534531
593.55	737.26875
593.742763	690.165469
593.935526	614.390625
594.128289	591.862969
594.321053	698.357344
594.513816	630.774375
594.706579	632.822344
594.899342	532.471875
595.092105	503.800313
595.284868	604.150781
595.477632	708.597187
595.670395	610.294688
595.863158	698.357344
596.055921	602.102812
596.248684	759.796406
596.441447	598.006875
596.634211	669.685781
596.826974	747.508594
597.019737	690.165469
597.2125	745.460625
597.405263	800.755781
597.598026	782.324062
597.790789	690.165469
597.983553	718.837031
598.176316	825.331406
598.369079	749.556562
598.561842	741.364687
598.754605	559.095469
598.947368	831.475312
599.140132	772.084219
599.332895	827.379375
599.525658	737.26875
599.718421	718.837031
599.911184	735.220781
600.103947	757.748437
600.296711	743.412656
600.489474	729.076875
600.682237	864.242813
600.875	706.549219
601.067763	841.715156
601.260526	739.316719
601.453289	753.6525
601.646053	702.453281
601.838816	825.331406
602.031579	780.276094
602.224342	833.523281
602.417105	770.03625
602.609868	770.03625
602.802632	821.235469
602.995395	915.442031
603.188158	686.069531
603.380921	739.316719
603.573684	856.050938
603.766447	665.589844
603.959211	884.7225
604.151974	784.372031
604.344737	880.626563
604.5375	800.755781
604.730263	735.220781
604.923026	673.781719
605.115789	856.050938
605.308553	841.715156
605.501316	796.659844
605.694079	794.611875
605.886842	788.467969
606.079605	915.442031
606.272368	868.33875
606.465132	833.523281
606.657895	806.899688
606.850658	800.755781
607.043421	751.604531
607.236184	813.043594
607.428947	839.667188
607.621711	798.707813
607.814474	796.659844
608.007237	792.563906
608.2	790.515938
608.392763	800.755781
608.585526	886.770469
608.778289	663.541875
608.971053	739.316719
609.163816	798.707812
609.356579	788.467969
609.549342	880.626563
609.742105	747.508594
609.934868	933.87375
610.127632	796.659844
610.320395	757.748437
610.513158	817.139531
610.705921	897.010313
610.898684	643.062187
611.091447	753.6525
611.284211	794.611875
611.476974	755.700469
611.669737	677.877656
611.8625	700.405313
612.055263	755.700469
612.248026	819.1875
612.440789	806.899687
612.633553	745.460625
612.826316	800.755781
613.019079	720.885
613.211842	833.523281
613.404605	868.33875
613.597368	854.002969
613.790132	690.165469
613.982895	767.988281
614.175658	806.899688
614.368421	870.386719
614.561184	802.80375
614.753947	808.947656
614.946711	747.508594
615.139474	839.667188
615.332237	913.394063
615.525	724.980937
615.717763	784.372031
615.910526	821.235469
616.103289	741.364687
616.296053	886.770469
616.488816	876.530625
616.681579	966.64125
616.874342	722.932969
617.067105	817.139531
617.259868	681.973594
617.452632	763.892344
617.645395	782.324062
617.838158	712.693125
618.030921	733.172812
618.223684	804.851719
618.416447	800.755781
618.609211	806.899687
618.801974	907.250156
618.994737	950.2575
619.1875	790.515937
619.380263	860.146875
619.573026	843.763125
619.765789	868.33875
619.958553	894.962344
620.151316	815.091563
620.344079	802.80375
620.536842	841.715156
620.729605	731.124844
620.922368	856.050937
621.115132	677.877656
621.307895	739.316719
621.500658	710.645156
621.693421	741.364687
621.886184	790.515937
622.078947	700.405313
622.271711	819.1875
622.464474	810.995625
622.657237	817.139531
622.85	825.331406
623.042763	817.139531
623.235526	776.180156
623.428289	747.508594
623.621053	854.002969
623.813816	954.353438
624.006579	950.2575
624.199342	866.290781
624.392105	786.42
624.584868	821.235469
624.777632	868.33875
624.970395	767.988281
625.163158	798.707812
625.355921	737.26875
625.548684	1011.69656
625.741447	813.043594
625.934211	903.154219
626.126974	884.7225
626.319737	845.811094
626.5125	710.645156
626.705263	921.585937
626.898026	759.796406
627.090789	770.03625
627.283553	763.892344
627.476316	870.386719
627.669079	837.619219
627.861842	882.674531
628.054605	849.907031
628.247368	980.977031
628.440132	802.80375
628.632895	903.154219
628.825658	763.892344
629.018421	825.331406
629.211184	788.467969
629.403947	849.907031
629.596711	872.434688
629.789474	755.700469
629.982237	827.379375
630.175	864.242812
630.367763	774.132187
630.560526	724.980937
630.753289	835.57125
630.946053	958.449375
631.138816	917.49
631.331579	800.755781
631.524342	796.659844
631.717105	808.947656
631.909868	710.645156
632.102632	698.357344
632.295395	731.124844
632.488158	810.995625
632.680921	880.626563
632.873684	765.940312
633.066447	710.645156
633.259211	800.755781
633.451974	745.460625
633.644737	880.626562
633.8375	729.076875
634.030263	747.508594
634.223026	901.10625
634.415789	880.626563
634.608553	815.091562
634.801316	772.084219
634.994079	794.611875
635.186842	876.530625
635.379605	772.084219
635.572368	864.242813
635.765132	776.180156
635.957895	778.228125
636.150658	962.545312
636.343421	835.57125
636.536184	724.980937
636.728947	686.069531
636.921711	962.545312
637.114474	847.859063
637.307237	806.899688
637.5	767.988281
637.692763	788.467969
637.885526	909.298125
638.078289	817.139531
638.271053	813.043594
638.463816	763.892344
638.656579	804.851719
638.849342	937.969687
639.042105	823.283437
639.234868	868.33875
639.427632	882.674531
639.620395	813.043594
639.813158	835.57125
640.005921	636.918281
640.198684	882.674531
640.391447	681.973594
640.584211	829.427344
640.776974	831.475312
640.969737	792.563906
641.1625	710.645156
641.355263	874.482656
641.548026	843.763125
641.740789	802.80375
641.933553	833.523281
642.126316	708.597188
642.319079	810.995625
642.511842	892.914375
642.704605	802.80375
642.897368	712.693125
643.090132	765.940312
643.282895	589.815
643.475658	716.789062
643.668421	786.42
643.861184	759.796406
644.053947	733.172812
644.246711	788.467969
644.439474	819.1875
644.632237	854.002969
644.825	804.851719
645.017763	763.892344
645.210526	720.885
645.403289	802.80375
645.596053	757.748437
645.788816	651.254062
645.981579	776.180156
646.174342	655.35
646.367105	890.866406
646.559868	710.645156
646.752632	847.859063
646.945395	722.932969
647.138158	886.770469
647.330921	784.372031
647.523684	747.508594
647.716447	700.405313
647.909211	767.988281
648.101974	667.637813
648.294737	690.165469
648.4875	632.822344
648.680263	872.434688
648.873026	778.228125
649.065789	737.26875
649.258553	800.755781
649.451316	927.729844
649.644079	761.844375
649.836842	761.844375
650.029605	804.851719
650.222368	634.870312
650.415132	808.947656
650.607895	718.837031
650.800658	681.973594
650.993421	786.42
651.186184	794.611875
651.378947	735.220781
651.571711	767.988281
651.764474	784.372031
651.957237	714.741094
652.15	835.57125
652.342763	638.96625
652.535526	854.002969
652.728289	790.515937
652.921053	817.139531
653.113816	778.228125
653.306579	782.324062
653.499342	684.021563
653.692105	704.50125
653.884868	770.03625
654.077632	704.50125
654.270395	651.254063
654.463158	624.630469
654.655921	745.460625
654.848684	794.611875
655.041447	581.623125
655.234211	858.098906
655.426974	808.947656
655.619737	796.659844
655.8125	696.309375
656.005263	757.748438
656.198026	776.180156
656.390789	886.770469
656.583553	714.741094
656.776316	745.460625
656.969079	702.453281
657.161842	645.110156
657.354605	698.357344
657.547368	747.508594
657.740132	767.988281
657.932895	659.445938
658.125658	606.19875
658.318421	745.460625
658.511184	655.35
658.703947	630.774375
658.896711	696.309375
659.089474	757.748437
659.282237	755.700469
659.475	704.50125
659.667763	774.132187
659.860526	595.958906
660.053289	743.412656
660.246053	686.069531
660.438816	655.35
660.631579	636.918281
660.824342	675.829688
661.017105	606.19875
661.209868	806.899687
661.402632	681.973594
661.595395	616.438594
661.788158	669.685781
661.980921	716.789062
662.173684	600.054844
662.366447	626.678437
662.559211	720.885
662.751974	686.069531
662.944737	579.575156
663.1375	796.659844
663.330263	784.372031
663.523026	763.892344
663.715789	712.693125
663.908553	751.604531
664.101316	704.50125
664.294079	616.438594
664.486842	602.102812
664.679605	606.19875
664.872368	593.910937
665.065132	684.021563
665.257895	698.357344
665.450658	774.132188
665.643421	739.316719
665.836184	655.35
666.028947	722.932969
666.221711	616.438594
666.414474	712.693125
666.607237	653.302031
666.8	456.697031
666.992763	565.239375
667.185526	718.837031
667.378289	688.1175
667.571053	667.637813
667.763816	593.910938
667.956579	577.527187
668.149342	604.150781
668.342105	659.445938
668.534868	647.158125
668.727632	618.486563
668.920395	710.645156
669.113158	544.759687
669.305921	608.246719
669.498684	681.973594
669.691447	659.445938
669.884211	581.623125
670.076974	575.479219
670.269737	665.589844
670.4625	477.176719
670.655263	612.342656
670.848026	608.246719
671.040789	602.102812
671.233553	673.781719
671.426316	557.0475
671.619079	610.294688
671.811842	542.711719
672.004605	614.390625
672.197368	557.0475
672.390132	546.807656
672.582895	518.136094
672.775658	614.390625
672.968421	591.862969
673.161184	634.870313
673.353947	557.0475
673.546711	608.246719
673.739474	634.870312
673.932237	587.767031
674.125	579.575156
674.317763	659.445938
674.510526	649.206094
674.703289	665.589844
674.896053	677.877656
675.088816	466.936875
675.281579	567.287344
675.474342	655.35
675.667105	645.110156
675.859868	618.486563
676.052632	477.176719
676.245395	487.416563
676.438158	544.759688
676.630921	579.575156
676.823684	552.951562
677.016447	602.102812
677.209211	464.888906
677.401974	483.320625
677.594737	550.903594
677.7875	552.951562
677.980263	505.848281
678.173026	636.918281
678.365789	554.999531
678.558553	612.342656
678.751316	581.623125
678.944079	630.774375
679.136842	389.114062
679.329605	514.040156
679.522368	428.025469
679.715132	647.158125
679.907895	471.032813
680.100658	495.608437
680.293421	503.800313
680.486184	468.984844
680.678947	559.095469
680.871711	665.589844
681.064474	444.409219
681.257237	380.922188
681.45	536.567812
681.642763	591.862969
681.835526	524.28
682.028289	409.59375
682.221053	413.689687
682.413816	425.9775
682.606579	389.114063
682.799342	473.080781
682.992105	612.342656
683.184868	462.840937
683.377632	563.191406
683.570395	456.697031
683.763158	514.040156
683.955921	507.89625
684.148684	505.848281
684.341447	567.287344
684.534211	495.608438
684.726974	516.088125
684.919737	483.320625
685.1125	565.239375
685.305263	509.944219
685.498026	612.342656
685.690789	540.66375
685.883553	464.888906
686.076316	444.409219
686.269079	481.272656
686.461842	487.416563
686.654605	514.040156
686.847368	587.767031
687.040132	489.464531
687.232895	438.265313
687.425658	464.888906
687.618421	454.649063
687.811184	462.840938
688.003947	473.080781
688.196711	409.59375
688.389474	364.538437
688.582237	440.313281
688.775	577.527188
688.967763	430.073438
689.160526	493.560469
689.353289	423.929531
689.546053	442.36125
689.738816	481.272656
689.931579	497.656406
690.124342	417.785625
690.317105	425.9775
690.509868	423.929531
690.702632	362.490469
690.895395	485.368594
691.088158	454.649063
691.280921	364.538437
691.473684	499.704375
691.666447	532.471875
691.859211	485.368594
692.051974	321.531094
692.244737	411.641719
692.4375	231.420469
692.630263	401.401875
692.823026	561.143437
693.015789	399.353906
693.208553	329.722969
693.401316	501.752344
693.594079	417.785625
693.786842	335.866875
693.979605	473.080781
694.172368	327.675
694.365132	354.298594
694.557895	442.36125
694.750658	391.162031
694.943421	335.866875
695.136184	387.066094
695.328947	266.235937
695.521711	364.538437
695.714474	393.21
695.907237	477.176719
696.1	360.4425
696.292763	419.833594
696.485526	440.313281
696.678289	489.464531
696.871053	382.970156
697.063816	460.792969
697.256579	364.538437
697.449342	497.656406
697.642105	337.914844
697.834868	395.257969
698.027632	428.025469
698.220395	397.305938
698.413158	428.025469
698.605921	395.257969
698.798684	399.353906
698.991447	493.560469
699.184211	335.866875
699.376974	245.75625
699.569737	436.217344
699.7625	405.497812
699.955263	331.770937
700.148026	352.250625
700.340789	348.154687
700.533553	335.866875
700.726316	337.914844
700.919079	425.9775
701.111842	245.75625
701.304605	241.660313
701.497368	440.313281
701.690132	290.811563
701.882895	444.409219
702.075658	374.778281
702.268421	280.571719
702.461184	354.298594
702.653947	395.257969
702.846711	382.970156
703.039474	387.066094
703.232237	462.840937
703.425	423.929531
703.617763	339.962812
703.810526	237.564375
704.003289	200.700937
704.196053	204.796875
704.388816	370.682344
704.581579	292.859531
704.774342	413.689687
704.967105	311.29125
705.159868	319.483125
705.352632	286.715625
705.545395	260.092031
705.738158	352.250625
705.930921	245.75625
706.123684	305.147344
706.316447	260.092031
706.509211	243.708281
706.701974	245.75625
706.894737	233.468438
707.0875	393.21
707.280263	362.490469
707.473026	247.804219
707.665789	258.044063
707.858553	350.202656
708.051316	215.036719
708.244079	186.365156
708.436842	432.121406
708.629605	301.051406
708.822368	182.269219
709.015132	239.612344
709.207895	206.844844
709.400658	192.509062
709.593421	335.866875
709.786184	346.106719
709.978947	296.955469
710.171711	335.866875
710.364474	305.147344
710.557237	284.667656
710.75	198.652969
710.942763	290.811563
711.135526	284.667656
711.328289	301.051406
711.521053	286.715625
711.713816	294.9075
711.906579	294.9075
712.099342	405.497812
712.292105	247.804219
712.484868	280.571719
712.677632	362.490469
712.870395	231.420469
713.063158	165.885469
713.255921	292.859531
713.448684	393.21
713.641447	270.331875
713.834211	235.516406
714.026974	286.715625
714.219737	268.283906
714.4125	217.084688
714.605263	301.051406
714.798026	372.730313
714.990789	239.612344
715.183553	290.811563
715.376316	159.741562
715.569079	419.833594
715.761842	235.516406
715.954605	167.933437
716.147368	278.52375
716.340132	212.98875
716.532895	194.557031
716.725658	255.996094
716.918421	196.605
717.111184	202.748906
717.303947	188.413125
717.496711	124.926094
717.689474	296.955469
717.882237	321.531094
718.075	241.660313
718.267763	354.298594
718.460526	114.68625
718.653289	157.693594
718.846053	278.52375
719.038816	231.420469
719.231579	296.955469
719.424342	186.365156
719.617105	204.796875
719.809868	190.461094
720.002632	299.003438
720.195395	210.940781
720.388158	118.782187
720.580921	227.324531
720.773684	112.638281
720.966447	161.789531
721.159211	202.748906
721.351974	237.564375
721.544737	221.180625
721.7375	157.693594
721.930263	169.981406
722.123026	102.398437
722.315789	268.283906
722.508553	296.955469
722.701316	122.878125
722.894079	296.955469
723.086842	282.619688
723.279605	243.708281
723.472368	176.125313
723.665132	249.852188
723.857895	354.298594
724.050658	233.468438
724.243421	280.571719
724.436184	176.125312
724.628947	286.715625
724.821711	231.420469
725.014474	141.309844
725.207237	139.261875
725.4	141.309844
725.592763	184.317187
725.785526	255.996094
725.978289	176.125313
726.171053	309.243281
726.363816	94.2065625
726.556579	290.811563
726.749342	294.9075
726.942105	204.796875
727.134868	155.645625
727.327632	167.933437
727.520395	354.298594
727.713158	63.4870313
727.905921	227.324531
728.098684	212.98875
728.291447	331.770937
728.484211	194.557031
728.676974	159.741563
728.869737	110.590312
729.0625	81.91875
729.255263	165.885469
729.448026	81.91875
729.640789	118.782187
729.833553	176.125313
730.026316	231.420469
730.219079	202.748906
730.411842	323.579062
730.604605	184.317188
730.797368	198.652969
730.990132	225.276562
731.182895	143.357812
731.375658	159.741562
731.568421	284.667656
731.761184	108.542344
731.953947	147.45375
732.146711	104.446406
732.339474	200.700938
732.532237	126.974062
732.725	149.501719
732.917763	229.3725
733.110526	133.117969
733.303289	258.044062
733.496053	6.14390625
733.688816	126.974062
733.881579	114.68625
734.074342	186.365156
734.267105	133.117969
734.459868	243.708281
734.652632	219.132656
734.845395	176.125313
735.038158	350.202656
735.230921	178.173281
735.423684	196.605
735.616447	133.117969
735.809211	217.084688
736.001974	81.91875
736.194737	167.933438
736.3875	192.509063
736.580263	210.940781
736.773026	77.8228125
736.965789	215.036719
737.158553	182.269219
737.351316	368.634375
737.544079	116.734219
737.736842	303.099375
737.929605	167.933437
738.122368	200.700937
738.315132	229.3725
738.507895	112.638281
738.700658	172.029375
738.893421	206.844844
739.086184	243.708281
739.278947	129.022031
739.471711	229.3725
739.664474	163.8375
739.857237	200.700937
740.05	122.878125
740.242763	186.365156
740.435526	184.317187
740.628289	188.413125
740.821053	282.619688
741.013816	86.0146875
741.206579	260.092031
741.399342	90.110625
741.592105	245.75625
741.784868	118.782187
741.977632	206.844844
742.170395	178.173281
742.363158	-16.38375
742.555921	118.782187
742.748684	385.018125
742.941447	192.509063
743.134211	118.782187
743.326974	260.092031
743.519737	223.228594
743.7125	153.597656
743.905263	290.811563
744.098026	221.180625
744.290789	243.708281
744.483553	227.324531
744.676316	167.933437
744.869079	139.261875
745.061842	272.379844
745.254605	169.981406
745.447368	212.98875
745.640132	155.645625
745.832895	110.590312
746.025658	208.892812
746.218421	112.638281
746.411184	264.187969
746.603947	147.45375
746.796711	301.051406
746.989474	96.2545313
747.182237	229.3725
747.375	159.741562
747.567763	231.420469
747.760526	106.494375
747.953289	96.2545313
748.146053	266.235938
748.338816	303.099375
748.531579	219.132656
748.724342	368.634375
748.917105	51.1992187
749.109868	184.317187
749.302632	157.693594
749.495395	120.830156
749.688158	108.542344
749.880921	301.051406
750.073684	210.940781
750.266447	73.726875
750.459211	129.022031
750.651974	151.549687
750.844737	241.660312
751.0375	335.866875
751.230263	303.099375
751.423026	182.269219
751.615789	212.98875
751.808553	225.276562
752.001316	215.036719
752.194079	202.748906
752.386842	231.420469
752.579605	188.413125
752.772368	176.125312
752.965132	176.125312
753.157895	313.339219
753.350658	174.077344
753.543421	217.084687
753.736184	137.213906
753.928947	73.726875
754.121711	217.084688
754.314474	249.852188
754.507237	223.228594
754.7	172.029375
754.892763	229.3725
755.085526	294.9075
755.278289	215.036719
755.471053	237.564375
755.663816	206.844844
755.856579	178.173281
756.049342	276.475781
756.242105	258.044063
756.434868	331.770937
756.627632	346.106719
756.820395	321.531094
757.013158	280.571719
757.205921	249.852187
757.398684	339.962812
757.591447	266.235938
757.784211	274.427813
757.976974	241.660313
758.169737	233.468438
758.3625	356.346562
758.555263	335.866875
758.748026	245.75625
758.940789	514.040156
759.133553	260.092031
759.326316	331.770937
759.519079	344.05875
759.711842	194.557031
759.904605	346.106719
760.097368	262.14
760.290132	282.619688
760.482895	243.708281
760.675658	280.571719
760.868421	342.010781
761.061184	253.948125
761.253947	337.914844
761.446711	354.298594
761.639474	296.955469
761.832237	282.619688
762.025	321.531094
762.217763	280.571719
762.410526	276.475781
762.603289	247.804219
762.796053	360.4425
762.988816	352.250625
763.181579	374.778281
763.374342	143.357812
763.567105	184.317188
763.759868	282.619688
763.952632	163.8375
764.145395	120.830156
764.338158	194.557031
764.530921	294.9075
764.723684	210.940781
764.916447	79.8707813
765.109211	65.535
765.301974	143.357812
765.494737	235.516406
765.6875	129.022031
765.880263	268.283906
766.073026	196.605
766.265789	141.309844
766.458553	73.726875
766.651316	122.878125
766.844079	180.22125
767.036842	243.708281
767.229605	301.051406
767.422368	268.283906
767.615132	249.852188
767.807895	272.379844
768.000658	399.353906
768.193421	401.401875
768.386184	395.257969
768.578947	516.088125
768.771711	520.184062
768.964474	651.254062
769.157237	569.335313
769.35	536.567812
769.542763	667.637813
769.735526	878.578594
769.928289	952.305469
770.121053	1275.88453
770.313816	1540.0725
770.506579	2097.12
770.699342	2910.16359
770.892105	3850.18125
771.084868	4956.08437
771.277632	6254.49656
771.470395	6870.93516
771.663158	7419.79078
771.855921	7223.18578
772.048684	6940.56609
772.241447	5988.26062
772.434211	4925.36484
772.626974	4136.89687
772.819737	3567.56156
773.0125	3057.61734
773.205263	2947.02703
773.398026	2660.31141
773.590789	2506.71375
773.783553	2271.19734
773.976316	2097.12
774.169079	1914.85078
774.361842	1961.95406
774.554605	1605.6075
774.747368	1435.62609
774.940132	1298.41219
775.132895	1062.89578
775.325658	796.659844
775.518421	913.394063
775.711184	741.364687
775.903947	548.855625
776.096711	466.936875
776.289474	366.586406
776.482237	415.737656
776.675	354.298594
776.867763	356.346562
777.060526	387.066094
777.253289	419.833594
777.446053	288.763594
777.638816	448.505156
777.831579	272.379844
778.024342	317.435156
778.217105	358.394531
778.409868	290.811563
778.602632	217.084687
778.795395	249.852188
778.988158	249.852188
779.180921	233.468437
779.373684	176.125313
779.566447	264.187969
779.759211	231.420469
779.951974	188.413125
780.144737	120.830156
780.3375	335.866875
780.530263	296.955469
780.723026	264.187969
780.915789	192.509062
781.108553	61.4390625
781.301316	260.092031
781.494079	147.45375
781.686842	268.283906
781.879605	245.75625
782.072368	90.110625
782.265132	153.597656
782.457895	174.077344
782.650658	118.782187
782.843421	94.2065625
783.036184	96.2545313
783.228947	174.077344
783.421711	67.5829687
783.614474	-24.575625
783.807237	157.693594
784	110.590312
784.192763	43.0073438
784.385526	145.405781
784.578289	-2.04796875
784.771053	88.0626562
784.963816	112.638281
785.156579	96.2545313
785.349342	135.165938
785.542105	40.959375
785.734868	176.125312
785.927632	163.8375
786.120395	90.110625
786.313158	139.261875
786.505921	174.077344
786.698684	176.125312
786.891447	28.6715625
787.084211	141.309844
787.276974	129.022031
787.469737	47.1032812
787.6625	94.2065625
787.855263	45.0553125
788.048026	81.91875
788.240789	8.191875
788.433553	63.4870313
788.626316	114.68625
788.819079	86.0146875
789.011842	-4.0959375
789.204605	114.68625
789.397368	120.830156
789.590132	102.398437
789.782895	153.597656
789.975658	53.2471875
790.168421	161.789531
790.361184	73.726875
790.553947	96.2545313
790.746711	135.165937
790.939474	2.04796875
791.132237	-8.191875
791.325	36.8634375
791.517763	116.734219
791.710526	-22.5276563
791.903289	59.3910937
792.096053	40.959375
792.288816	143.357812
792.481579	-65.535
792.674342	-18.4317188
792.867105	65.535
793.059868	108.542344
793.252632	137.213906
793.445395	14.3357813
793.638158	47.1032812
793.830921	53.2471875
794.023684	-24.575625
794.216447	-40.959375
794.409211	81.91875
794.601974	-14.3357812
794.794737	75.7748438
794.9875	75.7748438
795.180263	104.446406
795.373026	-22.5276562
795.565789	18.4317188
795.758553	-8.191875
795.951316	-14.3357813
796.144079	75.7748437
796.336842	-14.3357813
796.529605	163.8375
796.722368	90.110625
796.915132	-40.959375
797.107895	16.38375
797.300658	-34.8154688
797.493421	49.15125
797.686184	-16.38375
797.878947	-67.5829687
798.071711	-28.6715625
798.264474	49.15125
798.457237	165.885469
798.65	55.2951562
798.842763	75.7748437
799.035526	110.590312
799.228289	36.8634375
799.421053	14.3357812
799.613816	77.8228125
799.806579	30.7195312
799.999342	-4.0959375
800.192105	159.741562
800.384868	126.974062
800.577632	108.542344
800.770395	-65.535
800.963158	81.91875
801.155921	-4.0959375
801.348684	65.535
801.541447	-43.0073438
801.734211	45.0553125
801.926974	79.8707812
802.119737	55.2951562
802.3125	71.6789062
802.505263	-6.14390625
802.698026	-34.8154688
802.890789	104.446406
803.083553	149.501719
803.276316	81.91875
803.469079	30.7195312
803.661842	10.2398438
803.854605	86.0146875
804.047368	-43.0073438
804.240132	43.0073438
804.432895	116.734219
804.625658	-38.9114063
804.818421	157.693594
805.011184	81.91875
805.203947	96.2545312
805.396711	104.446406
805.589474	-6.14390625
805.782237	92.1585937
805.975	96.2545312
806.167763	53.2471875
806.360526	81.91875
806.553289	28.6715625
806.746053	69.6309375
806.938816	-47.1032812
807.131579	-12.2878125
807.324342	104.446406
807.517105	104.446406
807.709868	71.6789063
807.902632	77.8228125
808.095395	-12.2878125
808.288158	6.14390625
808.480921	-57.343125
808.673684	53.2471875
808.866447	47.1032812
809.059211	145.405781
809.251974	145.405781
809.444737	83.9667187
809.6375	71.6789062
809.830263	0
810.023026	-36.8634375
810.215789	0
810.408553	-57.343125
810.601316	96.2545312
810.794079	-30.7195312
810.986842	-14.3357812
811.179605	186.365156
811.372368	122.878125
811.565132	8.191875
811.757895	174.077344
811.950658	98.3025
812.143421	49.15125
812.336184	69.6309375
812.528947	81.91875
812.721711	116.734219
812.914474	-28.6715625
813.107237	2.04796875
813.3	-12.2878125
813.492763	71.6789062
813.685526	71.6789063
813.878289	-6.14390625
814.071053	-55.2951563
814.263816	59.3910937
814.456579	108.542344
814.649342	69.6309375
814.842105	-16.38375
815.034868	53.2471875
815.227632	-14.3357812
815.420395	-116.734219
815.613158	79.8707812
815.805921	141.309844
815.998684	77.8228125
816.191447	8.191875
816.384211	-14.3357812
816.576974	55.2951562
816.769737	16.38375
816.9625	-12.2878125
817.155263	34.8154688
817.348026	-24.575625
817.540789	24.575625
817.733553	8.191875
817.926316	-6.14390625
818.119079	-147.45375
818.311842	206.844844
818.504605	-108.542344
818.697368	-43.0073438
818.890132	-16.38375
819.082895	104.446406
819.275658	79.8707813
819.468421	-73.726875
819.661184	28.6715625
819.853947	-65.535
820.046711	-69.6309375
820.239474	-81.91875
820.432237	133.117969
820.625	-51.1992187
820.817763	28.6715625
821.010526	75.7748437
821.203289	26.6235938
821.396053	-32.7675
821.588816	20.4796875
821.781579	-18.4317188
821.974342	20.4796875
822.167105	-51.1992187
822.359868	-34.8154688
822.552632	81.91875
822.745395	133.117969
822.938158	8.191875
823.130921	126.974062
823.323684	34.8154688
823.516447	30.7195313
823.709211	40.959375
823.901974	20.4796875
824.094737	86.0146875
824.2875	153.597656
824.480263	57.343125
824.673026	-40.959375
824.865789	10.2398438
825.058553	-98.3025
825.251316	8.191875
825.444079	6.14390625
825.636842	22.5276562
825.829605	-79.8707813
826.022368	12.2878125
826.215132	30.7195312
826.407895	4.0959375
826.600658	34.8154688
826.793421	18.4317188
826.986184	-96.2545313
827.178947	-6.14390625
827.371711	57.343125
827.564474	22.5276563
827.757237	16.38375
827.95	69.6309375
828.142763	225.276563
828.335526	57.343125
828.528289	163.8375
828.721053	90.110625
828.913816	-38.9114063
829.106579	38.9114063
829.299342	12.2878125
829.492105	-75.7748437
829.684868	-18.4317188
829.877632	-16.38375
830.070395	-30.7195312
830.263158	-18.4317187
830.455921	90.110625
830.648684	-10.2398438
830.841447	30.7195312
831.034211	-2.04796875
831.226974	61.4390625
831.419737	184.317188
831.6125	-71.6789063
831.805263	88.0626563
831.998026	-174.077344
832.190789	100.350469
832.383553	-16.38375
832.576316	-8.191875
832.769079	-18.4317188
832.961842	45.0553125
833.154605	-53.2471875
833.347368	-26.6235938
833.540132	40.959375
833.732895	53.2471875
833.925658	10.2398438
834.118421	61.4390625
834.311184	-81.91875
834.503947	16.38375
834.696711	-40.959375
834.889474	61.4390625
835.082237	92.1585938
835.275	-22.5276562
835.467763	55.2951562
835.660526	-69.6309375
835.853289	163.8375
836.046053	71.6789063
836.238816	-59.3910937
836.431579	22.5276563
836.624342	53.2471875
836.817105	102.398437
837.009868	28.6715625
837.202632	53.2471875
837.395395	-151.549687
837.588158	18.4317188
837.780921	159.741563
837.973684	16.38375
838.166447	38.9114063
838.359211	51.1992187
838.551974	-26.6235938
838.744737	-22.5276563
838.9375	49.15125
839.130263	149.501719
839.323026	96.2545313
839.515789	16.38375
839.708553	65.535
839.901316	-40.959375
840.094079	126.974062
840.286842	83.9667187
840.479605	45.0553125
840.672368	30.7195313
840.865132	59.3910937
841.057895	-16.38375
841.250658	-2.04796875
841.443421	-14.3357812
841.636184	57.343125
841.828947	-47.1032813
842.021711	26.6235938
842.214474	55.2951562
842.407237	75.7748437
842.6	2.04796875
842.792763	159.741562
842.985526	225.276563
843.178289	26.6235938
843.371053	88.0626562
843.563816	47.1032813
843.756579	-28.6715625
843.949342	40.959375
844.142105	36.8634375
844.334868	38.9114063
844.527632	-22.5276562
844.720395	67.5829688
844.913158	-51.1992187
845.105921	-61.4390625
845.298684	116.734219
845.491447	-4.0959375
845.684211	-16.38375
845.876974	-2.04796875
846.069737	-73.726875
846.2625	-45.0553125
846.455263	124.926094
846.648026	34.8154688
846.840789	75.7748437
847.033553	59.3910937
847.226316	-77.8228125
847.419079	112.638281
847.611842	110.590312
847.804605	86.0146875
847.997368	16.38375
848.190132	24.575625
848.382895	-28.6715625
848.575658	26.6235938
848.768421	-69.6309375
848.961184	-16.38375
849.153947	-18.4317187
849.346711	-8.191875
849.539474	-77.8228125
849.732237	55.2951562
849.925	47.1032812
850.117763	30.7195312
850.310526	69.6309375
850.503289	75.7748437
850.696053	20.4796875
850.888816	-2.04796875
851.081579	-6.14390625
851.274342	6.14390625
851.467105	102.398437
851.659868	40.959375
851.852632	77.8228125
852.045395	-26.6235938
852.238158	118.782187
852.430921	16.38375
852.623684	6.14390625
852.816447	110.590312
853.009211	34.8154688
853.201974	34.8154688
853.394737	-34.8154688
853.5875	-22.5276563
853.780263	-47.1032812
853.973026	-22.5276562
854.165789	-8.191875
854.358553	-2.04796875
854.551316	-61.4390625
854.744079	0
854.936842	20.4796875
855.129605	51.1992187
855.322368	38.9114063
855.515132	-67.5829687
855.707895	-102.398437
855.900658	120.830156
856.093421	104.446406
856.286184	-26.6235938
856.478947	49.15125
856.671711	-51.1992187
856.864474	131.07
857.057237	12.2878125
857.25	-32.7675
857.442763	-36.8634375
857.635526	28.6715625
857.828289	-86.0146875
858.021053	73.726875
858.213816	24.575625
858.406579	8.191875
858.599342	147.45375
858.792105	-18.4317188
858.984868	26.6235937
859.177632	6.14390625
859.370395	86.0146875
859.563158	110.590312
859.755921	-20.4796875
859.948684	126.974062
860.141447	-61.4390625
860.334211	43.0073437
860.526974	40.959375
860.719737	57.343125
860.9125	47.1032812
861.105263	-135.165938
861.298026	77.8228125
861.490789	-69.6309375
861.683553	53.2471875
861.876316	106.494375
862.069079	63.4870312
862.261842	22.5276563
862.454605	24.575625
862.647368	6.14390625
862.840132	12.2878125
863.032895	30.7195313
863.225658	-26.6235938
863.418421	-90.110625
863.611184	94.2065625
863.803947	-51.1992187
863.996711	-61.4390625
864.189474	14.3357813
864.382237	104.446406
864.575	-4.0959375
864.767763	38.9114062
864.960526	16.38375
865.153289	22.5276563
865.346053	-53.2471875
865.538816	24.575625
865.731579	-45.0553125
865.924342	47.1032812
866.117105	118.782187
866.309868	73.726875
866.502632	-45.0553125
866.695395	4.0959375
866.888158	-65.535
867.080921	71.6789063
867.273684	-176.125312
867.466447	-26.6235938
867.659211	14.3357812
867.851974	32.7675
868.044737	124.926094
868.2375	-2.04796875
868.430263	43.0073437
868.623026	-38.9114062
868.815789	106.494375
869.008553	-65.535
869.201316	0
869.394079	6.14390625
869.586842	55.2951562
869.779605	-83.9667187
869.972368	-129.022031
870.165132	-26.6235938
870.357895	18.4317188
870.550658	43.0073438
870.743421	6.14390625
870.936184	12.2878125
871.128947	34.8154688
871.321711	106.494375
871.514474	-40.959375
871.707237	61.4390625
871.9	-57.343125
872.092763	-71.6789063
872.285526	-169.981406
872.478289	-43.0073438
872.671053	67.5829687
872.863816	45.0553125
873.056579	106.494375
873.249342	14.3357813
873.442105	79.8707812
873.634868	126.974062
873.827632	53.2471875
874.020395	-20.4796875
874.213158	4.0959375
874.405921	-100.350469
874.598684	143.357812
874.791447	-92.1585938
874.984211	-14.3357813
875.176974	-16.38375
875.369737	61.4390625
875.5625	75.7748437
875.755263	4.0959375
875.948026	-10.2398437
876.140789	96.2545313
876.333553	-98.3025
876.526316	-75.7748437
876.719079	4.0959375
876.911842	-18.4317188
877.104605	34.8154688
877.297368	-36.8634375
877.490132	-8.191875
877.682895	178.173281
877.875658	-22.5276563
878.068421	59.3910937
878.261184	-145.405781
878.453947	43.0073437
878.646711	-16.38375
878.839474	-6.14390625
879.032237	26.6235938
879.225	77.8228125
879.417763	49.15125
879.610526	112.638281
879.803289	-180.22125
879.996053	26.6235938
880.188816	30.7195313
880.381579	137.213906
880.574342	10.2398438
880.767105	-14.3357812
880.959868	49.15125
881.152632	-71.6789062
881.345395	-34.8154688
881.538158	47.1032812
881.730921	-16.38375
881.923684	-10.2398437
882.116447	30.7195313
882.309211	-38.9114062
882.501974	-6.14390625
882.694737	-61.4390625
882.8875	-24.575625
883.080263	-2.04796875
883.273026	-90.110625
883.465789	-22.5276562
883.658553	49.15125
883.851316	-57.343125
884.044079	20.4796875
884.236842	-124.926094
884.429605	-55.2951562
884.622368	49.15125
884.815132	-53.2471875
885.007895	75.7748437
885.200658	6.14390625
885.393421	63.4870313
885.586184	147.45375
885.778947	-12.2878125
885.971711	-55.2951563
886.164474	116.734219
886.357237	-67.5829688
886.55	-49.15125
886.742763	83.9667188
886.935526	-22.5276563
887.128289	139.261875
887.321053	22.5276563
887.513816	32.7675
887.706579	-12.2878125
887.899342	53.2471875
888.092105	81.91875
888.284868	14.3357812
888.477632	118.782187
888.670395	-38.9114062
888.863158	2.04796875
889.055921	-12.2878125
889.248684	-8.191875
889.441447	-8.191875
889.634211	-124.926094
889.826974	63.4870313
890.019737	30.7195312
890.2125	-14.3357812
890.405263	-6.14390625
890.598026	-104.446406
890.790789	18.4317188
890.983553	98.3025
891.176316	32.7675
891.369079	-180.22125
891.561842	-51.1992187
891.754605	61.4390625
891.947368	-92.1585937
892.140132	-34.8154688
892.332895	49.15125
892.525658	-40.959375
892.718421	-116.734219
892.911184	67.5829687
893.103947	0
893.296711	-4.0959375
893.489474	81.91875
893.682237	43.0073438
893.875	14.3357812
894.067763	-4.0959375
894.260526	-86.0146875
894.453289	14.3357812
894.646053	-43.0073438
894.838816	-18.4317188
895.031579	49.15125
895.224342	30.7195312
895.417105	32.7675
895.609868	-28.6715625
895.802632	24.575625
895.995395	6.14390625
896.188158	-6.14390625
896.380921	83.9667187
896.573684	34.8154688
896.766447	61.4390625
896.959211	-51.1992187
897.151974	-4.0959375
897.344737	-110.590312
897.5375	59.3910937
897.730263	-92.1585938
897.923026	8.191875
898.115789	51.1992187
898.308553	141.309844
898.501316	-83.9667187
898.694079	-12.2878125
898.886842	-8.191875
899.079605	-65.535
899.272368	-12.2878125
899.465132	-43.0073438
899.657895	-73.726875
899.850658	-114.68625
900.043421	-51.1992187
900.236184	-81.91875
900.428947	83.9667188
900.621711	-12.2878125
900.814474	133.117969
901.007237	30.7195312
901.2	69.6309375
901.392763	-73.726875
901.585526	34.8154688
901.778289	-40.959375
901.971053	-49.15125
902.163816	-16.38375
902.356579	-10.2398438
902.549342	-49.15125
902.742105	63.4870313
902.934868	131.07
903.127632	-88.0626563
903.320395	-34.8154688
903.513158	88.0626562
903.705921	-57.343125
903.898684	-22.5276563
904.091447	-114.68625
904.284211	71.6789062
904.476974	-24.575625
904.669737	-77.8228125
904.8625	-75.7748437
905.055263	120.830156
905.248026	63.4870313
905.440789	-75.7748437
905.633553	-49.15125
905.826316	-77.8228125
906.019079	-32.7675
906.211842	-36.8634375
906.404605	67.5829687
906.597368	-16.38375
906.790132	28.6715625
906.982895	96.2545312
907.175658	4.0959375
907.368421	16.38375
907.561184	-4.0959375
907.753947	-106.494375
907.946711	16.38375
908.139474	63.4870313
908.332237	-161.789531
908.525	24.575625
908.717763	-43.0073438
908.910526	-36.8634375
909.103289	22.5276562
909.296053	-10.2398438
909.488816	26.6235938
909.681579	45.0553125
909.874342	129.022031
910.067105	38.9114063
910.259868	-104.446406
910.452632	-14.3357812
910.645395	-4.0959375
910.838158	-100.350469
911.030921	71.6789063
911.223684	-36.8634375
911.416447	-14.3357813
911.609211	10.2398438
911.801974	-71.6789063
911.994737	184.317187
912.1875	-43.0073438
912.380263	-22.5276563
912.573026	-133.117969
912.765789	69.6309375
912.958553	-16.38375
913.151316	-45.0553125
913.344079	-45.0553125
913.536842	-6.14390625
913.729605	69.6309375
913.922368	-10.2398438
914.115132	-88.0626563
914.307895	-16.38375
914.500658	-26.6235938
914.693421	79.8707813
914.886184	-45.0553125
915.078947	12.2878125
915.271711	40.959375
915.464474	26.6235938
915.657237	-45.0553125
915.85	26.6235938
916.042763	147.45375
916.235526	18.4317188
916.428289	-26.6235938
916.621053	-8.191875
916.813816	6.14390625
917.006579	20.4796875
917.199342	28.6715625
917.392105	10.2398438
917.584868	108.542344
917.777632	34.8154688
917.970395	-10.2398438
918.163158	40.959375
918.355921	88.0626563
918.548684	26.6235938
918.741447	-98.3025
918.934211	98.3025
919.126974	0
919.319737	71.6789063
919.5125	51.1992187
919.705263	36.8634375
919.898026	73.726875
920.090789	94.2065625
920.283553	-57.343125
920.476316	133.117969
920.669079	-10.2398437
920.861842	-102.398437
921.054605	0
921.247368	-38.9114062
921.440132	-61.4390625
921.632895	-118.782187
921.825658	114.68625
922.018421	-45.0553125
922.211184	-92.1585938
922.403947	153.597656
922.596711	-49.15125
922.789474	-45.0553125
922.982237	-10.2398438
923.175	47.1032812
923.367763	-59.3910937
923.560526	16.38375
923.753289	0
923.946053	-51.1992187
924.138816	-30.7195313
924.331579	28.6715625
924.524342	75.7748438
924.717105	28.6715625
924.909868	75.7748437
925.102632	55.2951562
925.295395	-65.535
925.488158	16.38375
925.680921	67.5829687
925.873684	112.638281
926.066447	34.8154688
926.259211	0
926.451974	-38.9114062
926.644737	-20.4796875
926.8375	182.269219
927.030263	-26.6235938
927.223026	-51.1992187
927.415789	2.04796875
927.608553	-51.1992187
927.801316	86.0146875
927.994079	49.15125
928.186842	-59.3910937
928.379605	2.04796875
928.572368	51.1992187
928.765132	16.38375
928.957895	69.6309375
929.150658	51.1992187
929.343421	12.2878125
929.536184	61.4390625
929.728947	-30.7195313
929.921711	51.1992187
930.114474	22.5276563
930.307237	14.3357813
930.5	83.9667187
930.692763	86.0146875
930.885526	32.7675
931.078289	6.14390625
931.271053	-36.8634375
931.463816	-45.0553125
931.656579	34.8154688
931.849342	-51.1992187
932.042105	36.8634375
932.234868	-12.2878125
932.427632	-32.7675
932.620395	59.3910937
932.813158	63.4870313
933.005921	-57.343125
933.198684	-141.309844
933.391447	-81.91875
933.584211	96.2545313
933.776974	90.110625
933.969737	-59.3910937
934.1625	-4.0959375
934.355263	34.8154688
934.548026	92.1585937
934.740789	20.4796875
934.933553	-30.7195313
935.126316	49.15125
935.319079	-2.04796875
935.511842	-69.6309375
935.704605	12.2878125
935.897368	67.5829687
936.090132	18.4317187
936.282895	12.2878125
936.475658	22.5276563
936.668421	-34.8154688
936.861184	-2.04796875
937.053947	-8.191875
937.246711	-71.6789063
937.439474	10.2398438
937.632237	-102.398437
937.825	-73.726875
938.017763	-108.542344
938.210526	24.575625
938.403289	67.5829687
938.596053	-20.4796875
938.788816	-30.7195313
938.981579	124.926094
939.174342	-6.14390625
939.367105	-75.7748437
939.559868	83.9667187
939.752632	65.535
939.945395	-163.8375
940.138158	83.9667187
940.330921	-67.5829687
940.523684	-61.4390625
940.716447	-18.4317188
940.909211	114.68625
941.101974	45.0553125
941.294737	-28.6715625
941.4875	-75.7748437
941.680263	141.309844
941.873026	83.9667188
942.065789	-2.04796875
942.258553	34.8154688
942.451316	-49.15125
942.644079	-118.782188
942.836842	-20.4796875
943.029605	-30.7195312
943.222368	-34.8154688
943.415132	40.959375
943.607895	-106.494375
943.800658	108.542344
943.993421	-16.38375
944.186184	-18.4317187
944.378947	-86.0146875
944.571711	18.4317188
944.764474	49.15125
944.957237	73.726875
945.15	-81.91875
945.342763	49.15125
945.535526	-65.535
945.728289	10.2398438
945.921053	-69.6309375
946.113816	14.3357812
946.306579	-49.15125
946.499342	30.7195312
946.692105	14.3357813
946.884868	-110.590312
947.077632	-55.2951562
947.270395	-22.5276562
947.463158	4.0959375
947.655921	-59.3910937
947.848684	-75.7748437
948.041447	47.1032813
948.234211	-24.575625
948.426974	6.14390625
948.619737	-2.04796875
948.8125	174.077344
949.005263	-83.9667187
949.198026	88.0626562
949.390789	-6.14390625
949.583553	55.2951563
949.776316	10.2398437
949.969079	-71.6789062
950.161842	55.2951563
950.354605	30.7195312
950.547368	4.0959375
950.740132	4.0959375
950.932895	65.535
951.125658	-71.6789063
951.318421	43.0073438
951.511184	-34.8154688
951.703947	65.535
951.896711	-28.6715625
952.089474	12.2878125
952.282237	-26.6235937
952.475	-67.5829687
952.667763	-43.0073438
952.860526	59.3910937
953.053289	145.405781
953.246053	-22.5276562
953.438816	-49.15125
953.631579	174.077344
953.824342	-114.68625
954.017105	-77.8228125
954.209868	-92.1585937
954.402632	-10.2398438
954.595395	-63.4870312
954.788158	20.4796875
954.980921	30.7195313
955.173684	-96.2545313
955.366447	-67.5829687
955.559211	61.4390625
955.751974	18.4317188
955.944737	22.5276562
956.1375	-135.165937
956.330263	83.9667188
956.523026	24.575625
956.715789	32.7675
956.908553	-40.959375
957.101316	-36.8634375
957.294079	69.6309375
957.486842	-43.0073438
957.679605	-38.9114063
957.872368	6.14390625
958.065132	-28.6715625
958.257895	116.734219
958.450658	30.7195312
958.643421	-83.9667187
958.836184	-59.3910937
959.028947	-16.38375
959.221711	28.6715625
959.414474	-59.3910937
959.607237	-18.4317187
959.8	61.4390625
959.992763	26.6235938
960.185526	-36.8634375
960.378289	-36.8634375
960.571053	-45.0553125
960.763816	4.0959375
960.956579	-45.0553125
961.149342	-6.14390625
961.342105	-153.597656
961.534868	120.830156
961.727632	-2.04796875
961.920395	-26.6235938
962.113158	-16.38375
962.305921	-30.7195312
962.498684	34.8154687
962.691447	32.7675
962.884211	10.2398437
963.076974	28.6715625
963.269737	-14.3357813
963.4625	51.1992187
963.655263	-8.191875
963.848026	-61.4390625
964.040789	24.575625
964.233553	-69.6309375
964.426316	-28.6715625
964.619079	16.38375
964.811842	10.2398437
965.004605	-40.959375
965.197368	-36.8634375
965.390132	2.04796875
965.582895	-53.2471875
965.775658	-67.5829687
965.968421	38.9114062
966.161184	98.3025
966.353947	4.0959375
966.546711	-18.4317188
966.739474	59.3910937
966.932237	-118.782187
967.125	63.4870313
967.317763	49.15125
967.510526	-94.2065625
967.703289	79.8707813
967.896053	112.638281
968.088816	10.2398438
968.281579	57.343125
968.474342	-77.8228125
968.667105	14.3357812
968.859868	-43.0073438
969.052632	-133.117969
969.245395	22.5276562
969.438158	-120.830156
969.630921	-47.1032812
969.823684	26.6235937
970.016447	-88.0626562
970.209211	-14.3357813
970.401974	-88.0626562
970.594737	65.535
970.7875	-24.575625
970.980263	-14.3357813
971.173026	8.191875
971.365789	-110.590312
971.558553	12.2878125
971.751316	-28.6715625
971.944079	-22.5276562
972.136842	114.68625
972.329605	-36.8634375
972.522368	88.0626562
972.715132	-32.7675
972.907895	28.6715625
973.100658	100.350469
973.293421	59.3910937
973.486184	-8.191875
973.678947	96.2545312
973.871711	174.077344
974.064474	55.2951563
974.257237	-71.6789063
974.45	-75.7748437
974.642763	-81.91875
974.835526	57.343125
975.028289	18.4317188
975.221053	12.2878125
975.413816	137.213906
975.606579	34.8154688
975.799342	-81.91875
975.992105	-51.1992187
976.184868	53.2471875
976.377632	20.4796875
976.570395	108.542344
976.763158	-49.15125
976.955921	45.0553125
977.148684	-100.350469
977.341447	-86.0146875
977.534211	-30.7195313
977.726974	-98.3025
977.919737	-112.638281
978.1125	59.3910937
978.305263	-6.14390625
978.498026	-53.2471875
978.690789	-34.8154688
978.883553	53.2471875
979.076316	-18.4317188
979.269079	24.575625
979.461842	-59.3910937
979.654605	96.2545313
979.847368	-22.5276562
980.040132	-40.959375
980.232895	-59.3910937
980.425658	-6.14390625
980.618421	-94.2065625
980.811184	28.6715625
981.003947	-94.2065625
981.196711	51.1992187
981.389474	10.2398438
981.582237	-14.3357813
981.775	-2.04796875
981.967763	36.8634375
982.160526	-98.3025
982.353289	-100.350469
982.546053	16.38375
982.738816	4.0959375
982.931579	6.14390625
983.124342	-14.3357813
983.317105	40.959375
983.509868	-57.343125
983.702632	45.0553125
983.895395	-4.0959375
984.088158	51.1992187
984.280921	8.191875
984.473684	57.343125
984.666447	-20.4796875
984.859211	-20.4796875
985.051974	-43.0073438
985.244737	-67.5829687
985.4375	88.0626562
985.630263	10.2398438
985.823026	20.4796875
986.015789	-63.4870312
986.208553	-30.7195312
986.401316	-61.4390625
986.594079	-6.14390625
986.786842	-18.4317187
986.979605	-24.575625
987.172368	63.4870313
987.365132	-88.0626563
987.557895	-40.959375
987.750658	34.8154687
987.943421	83.9667187
988.136184	-69.6309375
988.328947	-16.38375
988.521711	-83.9667187
988.714474	86.0146875
988.907237	4.0959375
989.1	-61.4390625
989.292763	18.4317188
989.485526	137.213906
989.678289	-59.3910937
989.871053	-98.3025
990.063816	-118.782187
990.256579	-51.1992187
990.449342	4.0959375
990.642105	-32.7675
990.834868	-98.3025
991.027632	-49.15125
991.220395	-18.4317188
991.413158	-47.1032813
991.605921	258.044063
991.798684	61.4390625
991.991447	155.645625
992.184211	71.6789063
992.376974	126.974062
992.569737	-34.8154688
992.7625	81.91875
992.955263	-75.7748437
993.148026	30.7195312
993.340789	2.04796875
993.533553	71.6789063
993.726316	-59.3910937
993.919079	8.191875
994.111842	-22.5276562
994.304605	92.1585937
994.497368	38.9114062
994.690132	-16.38375
994.882895	10.2398438
995.075658	-63.4870312
995.268421	43.0073438
995.461184	-28.6715625
995.653947	-77.8228125
995.846711	22.5276562
996.039474	8.191875
996.232237	-61.4390625
996.425	-53.2471875
996.617763	-38.9114062
996.810526	14.3357812
997.003289	28.6715625
997.196053	2.04796875
997.388816	10.2398438
997.581579	47.1032812
997.774342	-88.0626563
997.967105	-63.4870313
998.159868	40.959375
998.352632	-14.3357812
998.545395	-22.5276562
998.738158	122.878125
998.930921	-38.9114063
999.123684	-53.2471875
999.316447	8.191875
999.509211	-118.782187
999.701974	-26.6235938
999.894737	32.7675
1000.0875	106.494375
1000.28026	81.91875
1000.47303	137.213906
1000.66579	-30.7195312
1000.85855	-40.959375
1001.05132	-126.974063
1001.24408	51.1992187
1001.43684	-57.343125
1001.62961	92.1585937
1001.82237	0
1002.01513	8.191875
1002.20789	79.8707812
1002.40066	100.350469
1002.59342	-67.5829687
1002.78618	81.91875
1002.97895	-22.5276562
1003.17171	79.8707813
1003.36447	55.2951562
1003.55724	43.0073438
1003.75	-88.0626563
1003.94276	-38.9114062
1004.13553	-49.15125
1004.32829	26.6235938
1004.52105	0
1004.71382	122.878125
1004.90658	90.110625
1005.09934	69.6309375
1005.29211	-38.9114063
1005.48487	-55.2951563
1005.67763	88.0626563
1005.87039	2.04796875
1006.06316	-51.1992187
1006.25592	-69.6309375
1006.44868	-30.7195313
1006.64145	-59.3910937
1006.83421	12.2878125
1007.02697	43.0073438
1007.21974	143.357812
1007.4125	-86.0146875
1007.60526	24.575625
1007.79803	122.878125
1007.99079	149.501719
1008.18355	-40.959375
1008.37632	88.0626562
1008.56908	-73.726875
1008.76184	-14.3357812
1008.95461	49.15125
1009.14737	20.4796875
1009.34013	-32.7675
1009.53289	65.535
1009.72566	38.9114062
1009.91842	-36.8634375
1010.11118	-67.5829687
1010.30395	-120.830156
1010.49671	-8.191875
1010.68947	22.5276562
1010.88224	-40.959375
1011.075	47.1032812
1011.26776	40.959375
1011.46053	79.8707813
1011.65329	38.9114062
1011.84605	104.446406
1012.03882	-73.726875
1012.23158	-63.4870313
1012.42434	-47.1032812
1012.61711	14.3357812
1012.80987	-79.8707813
1013.00263	18.4317188
1013.19539	-49.15125
1013.38816	-55.2951562
1013.58092	106.494375
1013.77368	65.535
1013.96645	-59.3910937
1014.15921	120.830156
1014.35197	-32.7675
1014.54474	24.575625
1014.7375	-104.446406
1014.93026	-67.5829687
1015.12303	28.6715625
1015.31579	75.7748437
1015.50855	-90.110625
1015.70132	0
1015.89408	96.2545313
1016.08684	47.1032813
1016.27961	47.1032813
1016.47237	20.4796875
1016.66513	4.0959375
1016.85789	40.959375
1017.05066	-4.0959375
1017.24342	49.15125
1017.43618	-65.535
1017.62895	-45.0553125
1017.82171	-61.4390625
1018.01447	-63.4870312
1018.20724	8.191875
1018.4	28.6715625
1018.59276	-4.0959375
1018.78553	-77.8228125
1018.97829	83.9667187
1019.17105	12.2878125
1019.36382	-83.9667188
1019.55658	-94.2065625
1019.74934	75.7748437
1019.94211	32.7675
1020.13487	-65.535
1020.32763	-90.110625
1020.52039	79.8707813
1020.71316	2.04796875
1020.90592	-71.6789062
1021.09868	135.165937
1021.29145	-83.9667187
1021.48421	186.365156
1021.67697	-26.6235938
1021.86974	-51.1992187
1022.0625	30.7195312
1022.25526	12.2878125
1022.44803	26.6235938
1022.64079	-59.3910937
1022.83355	36.8634375
1023.02632	24.575625
1023.21908	6.14390625
1023.41184	2.04796875
1023.60461	20.4796875
1023.79737	-57.343125
1023.99013	-59.3910937
1024.18289	-10.2398438
1024.37566	47.1032813
1024.56842	-221.180625
1024.76118	110.590312
1024.95395	16.38375
1025.14671	163.8375
1025.33947	-51.1992187
1025.53224	83.9667187
1025.725	22.5276563
1025.91776	-36.8634375
1026.11053	102.398437
1026.30329	-12.2878125
1026.49605	-59.3910937
1026.68882	-102.398437
1026.88158	30.7195313
1027.07434	-16.38375
1027.26711	61.4390625
1027.45987	-12.2878125
1027.65263	61.4390625
1027.84539	-14.3357812
1028.03816	215.036719
1028.23092	120.830156
1028.42368	-131.07
1028.61645	4.0959375
1028.80921	-24.575625
1029.00197	28.6715625
1029.19474	-57.343125
1029.3875	34.8154688
1029.58026	53.2471875
1029.77303	-14.3357812
1029.96579	57.343125
1030.15855	51.1992187
1030.35132	-24.575625
1030.54408	-43.0073438
1030.73684	161.789531
1030.92961	-65.535
1031.12237	8.191875
1031.31513	-32.7675
1031.50789	96.2545313
1031.70066	-139.261875
1031.89342	102.398437
1032.08618	32.7675
1032.27895	-83.9667187
1032.47171	-26.6235937
1032.66447	-14.3357812
1032.85724	94.2065625
1033.05	-28.6715625
1033.24276	-28.6715625
1033.43553	-65.535
1033.62829	-30.7195313
1033.82105	-120.830156
1034.01382	-36.8634375
1034.20658	-36.8634375
1034.39934	16.38375
1034.59211	67.5829687
1034.78487	-36.8634375
1034.97763	151.549688
1035.17039	67.5829687
1035.36316	20.4796875
1035.55592	53.2471875
1035.74868	-61.4390625
1035.94145	-24.575625
1036.13421	26.6235938
1036.32697	-14.3357812
1036.51974	-14.3357812
1036.7125	-4.0959375
1036.90526	-38.9114062
1037.09803	104.446406
1037.29079	-79.8707813
1037.48355	155.645625
1037.67632	-24.575625
1037.86908	-8.191875
1038.06184	16.38375
1038.25461	98.3025
1038.44737	-51.1992187
1038.64013	57.343125
1038.83289	102.398437
1039.02566	-65.535
1039.21842	12.2878125
1039.41118	90.110625
1039.60395	141.309844
1039.79671	-88.0626562
1039.98947	51.1992187
1040.18224	32.7675
1040.375	-53.2471875
1040.56776	-63.4870312
1040.76053	63.4870313
1040.95329	-51.1992187
1041.14605	-4.0959375
1041.33882	163.8375
1041.53158	-122.878125
1041.72434	69.6309375
1041.91711	20.4796875
1042.10987	14.3357812
1042.30263	-20.4796875
1042.49539	-32.7675
1042.68816	32.7675
1042.88092	-67.5829688
1043.07368	16.38375
1043.26645	-53.2471875
1043.45921	-55.2951562
1043.65197	81.91875
1043.84474	-34.8154688
1044.0375	-30.7195312
1044.23026	26.6235938
1044.42303	-10.2398438
1044.61579	18.4317188
1044.80855	-34.8154688
1045.00132	-18.4317188
1045.19408	-49.15125
1045.38684	-4.0959375
1045.57961	116.734219
1045.77237	22.5276563
1045.96513	114.68625
1046.15789	-102.398437
1046.35066	30.7195312
1046.54342	16.38375
1046.73618	90.110625
1046.92895	57.343125
1047.12171	96.2545312
1047.31447	239.612344
1047.50724	245.75625
