198.396	-6.96
198.5	-21.09
198.604	-22.45
198.708	-26.3
198.812	-31.95
198.916	-33.1
199.02	-17.69
199.125	-15.32
199.229	-8.11
199.333	0.25
199.437	0.49
199.541	1.88
199.645	5
199.749	13.03
199.853	12.04
199.957	10.32
200.061	-7.86
200.165	-0.41
200.269	-9.42
200.373	-11.14
200.477	-5.16
200.581	2.79
200.685	-3.85
200.789	-11.47
200.893	-16.38
200.996	-21.79
201.1	-16.71
201.204	-24.17
201.308	-19.17
201.412	-15.89
201.516	-15.48
201.62	-20.48
201.724	-15.81
201.828	-18.76
201.932	-18.1
202.035	-16.79
202.139	-8.68
202.243	-11.3
202.347	-15.73
202.451	-17.94
202.555	-21.54
202.659	-33.26
202.762	-29.74
202.866	-24.08
202.97	-27.85
203.074	-26.3
203.178	-16.71
203.281	-17.28
203.385	-16.88
203.489	-12.37
203.593	-14.34
203.697	-24.17
203.8	-30.39
203.904	-23.76
204.008	-20.56
204.112	-19.41
204.215	-15.89
204.319	-21.14
204.423	-26.38
204.527	-25.48
204.63	-22.86
204.734	-6.64
204.838	6.47
204.941	7.37
205.045	-2.7
205.149	0.49
205.252	-15.07
205.356	-16.38
205.46	-22.04
205.563	-25.15
205.667	-32.03
205.771	-29.98
205.874	-22.36
205.978	-21.87
206.082	-23.1
206.185	-24.99
206.289	-27.69
206.392	-44.65
206.496	-48.74
206.6	-39.24
206.703	-36.62
206.807	-20.89
206.91	-12.29
207.014	-4.34
207.117	-0.82
207.221	-3.6
207.324	-17.12
207.428	-15.97
207.531	-18.84
207.635	-13.19
207.739	-12.29
207.842	-9.99
207.946	-15.65
208.049	-11.55
208.153	-21.54
208.256	-25.15
208.359	-21.95
208.463	-17.94
208.566	-24.08
208.67	-30.8
208.773	-29.65
208.877	-33.67
208.98	-29.49
209.084	-36.13
209.187	-25.48
209.29	-10.24
209.394	-10.9
209.497	-18.35
209.601	-5
209.704	-5.9
209.807	-26.95
209.911	-32.19
210.014	-34.82
210.118	-36.21
210.221	-36.7
210.324	-19.58
210.428	-17.2
210.531	-7.45
210.634	-0.33
210.738	0.66
210.841	-8.52
210.944	-4.92
211.048	-7.13
211.151	-12.53
211.254	-4.92
211.357	5.82
211.461	6.64
211.564	5.24
211.667	5.08
211.77	-4.83
211.874	-20.81
211.977	-19.33
212.08	-13.76
212.183	-25.56
212.287	-22.94
212.39	-17.12
212.493	-14.34
212.596	-23.67
212.7	-17.45
212.803	-15.89
212.906	-16.79
213.009	-22.2
213.112	-26.95
213.215	-24.49
213.319	-26.62
213.422	-23.35
213.525	-21.46
213.628	-14.5
213.731	-16.79
213.834	-18.84
213.937	-21.63
214.041	-22.94
214.144	-20.15
214.247	-15.56
214.35	-16.22
214.453	-14.25
214.556	-11.14
214.659	-13.11
214.762	-24
214.865	-21.87
214.968	-21.71
215.071	-33.75
215.174	-31.54
215.277	-16.79
215.38	-11.22
215.483	-6.47
215.586	-1.15
215.689	-2.05
215.792	-3.52
215.895	-17.2
215.998	-22.28
216.101	-22.53
216.204	-24.9
216.307	-36.37
216.41	-27.77
216.513	-29.57
216.616	-26.79
216.719	-24.33
216.822	-18.43
216.925	-18.76
217.028	-9.01
217.131	-0.33
217.234	-1.97
217.337	2.79
217.44	7.54
217.542	1.8
217.645	-5.73
217.748	-17.86
217.851	-23.43
217.954	-32.6
218.057	-39.57
218.16	-41.29
218.263	-33.91
218.365	-35.55
218.468	-36.7
218.571	-34.08
218.674	-31.54
218.777	-30.06
218.879	-24.82
218.982	-16.3
219.085	-15.73
219.188	-20.56
219.291	-11.8
219.393	-14.34
219.496	-15.73
219.599	-7.62
219.702	7.86
219.804	5.49
219.907	5
220.01	-3.19
220.113	-12.53
220.215	-22.86
220.318	-25.89
220.421	-22.94
220.523	-8.11
220.626	-3.52
220.729	-5.41
220.831	-5.49
220.934	-10.9
221.037	-21.79
221.139	-19.41
221.242	-22.53
221.345	-24.58
221.447	-26.13
221.55	-23.59
221.653	-33.91
221.755	-28.51
221.858	-19.91
221.96	-16.47
222.063	-21.22
222.166	-18.84
222.268	-18.02
222.371	-21.79
222.473	-17.53
222.576	-11.39
222.679	-6.8
222.781	-4.59
222.884	-5.16
222.986	-10.65
223.089	-17.04
223.191	-19.5
223.294	-18.27
223.396	-18.43
223.499	-20.64
223.601	-25.72
223.704	-16.96
223.806	-22.86
223.909	-26.54
224.011	-19.33
224.114	-2.95
224.216	-6.31
224.319	-7.54
224.421	-4.26
224.523	-8.93
224.626	-4.01
224.728	-13.35
224.831	-20.81
224.933	-18.27
225.036	-17.28
225.138	-40.39
225.24	-36.54
225.343	-37.93
225.445	-36.29
225.547	-37.27
225.65	-27.77
225.752	-25.31
225.855	-10.4
225.957	-16.3
226.059	-18.19
226.162	-11.96
226.264	-2.7
226.366	-5.73
226.469	-1.8
226.571	1.8
226.673	-13.11
226.775	-19.99
226.878	-23.26
226.98	-24.58
227.082	-34.98
227.185	-28.51
227.287	-33.59
227.389	-31.62
227.491	-43.34
227.594	-44.81
227.696	-37.44
227.798	-33.59
227.9	-26.46
228.002	-16.55
228.105	1.72
228.207	-0.57
228.309	-1.97
228.411	-12.7
228.513	-8.27
228.616	-9.5
228.718	-14.58
228.82	-12.94
228.922	-9.26
229.024	-18.35
229.126	-15.07
229.228	-13.43
229.331	-19.01
229.433	-23.02
229.535	-9.58
229.637	-19.74
229.739	-8.77
229.841	-9.01
229.943	-13.76
230.045	-41.94
230.147	-40.96
230.249	-52.84
230.352	-53.25
230.454	-38.75
230.556	-23.26
230.658	-18.27
230.76	-9.83
230.862	-4.75
230.964	-3.52
231.066	-2.38
231.168	-10.81
231.27	-18.02
231.372	-16.55
231.474	-24.08
231.576	-17.04
231.678	-14.66
231.78	-16.71
231.882	-18.27
231.984	-16.63
232.086	-20.56
232.187	-11.47
232.289	1.56
232.391	3.77
232.493	0.41
232.595	0.25
232.697	-13.6
232.799	-16.06
232.901	-24.49
233.003	-27.44
233.105	-23.67
233.207	-11.14
233.308	-19.91
233.41	-16.79
233.512	-11.22
233.614	-18.43
233.716	-22.04
233.818	-21.46
233.919	-15.65
234.021	-17.61
234.123	-8.52
234.225	-10.24
234.327	-12.12
234.428	-5.41
234.53	2.38
234.632	-4.26
234.734	-10.81
234.836	-0
234.937	-5.9
235.039	-15.07
235.141	-19.5
235.243	-12.78
235.344	-20.4
235.446	-16.55
235.548	-1.72
235.649	7.45
235.751	-4.01
235.853	-0
235.955	-3.85
236.056	-14.5
236.158	-14.66
236.26	-2.95
236.361	-9.75
236.463	-7.05
236.565	-18.1
236.666	-17.86
236.768	-16.38
236.87	-18.68
236.971	-19.01
237.073	-9.34
237.174	-8.93
237.276	-0.25
237.378	2.46
237.479	-3.77
237.581	-8.19
237.682	-9.17
237.784	-11.96
237.885	-9.83
237.987	-8.77
238.089	-4.75
238.19	-9.17
238.292	-22.12
238.393	-28.02
238.495	-24
238.596	-29.9
238.698	-28.1
238.799	-30.88
238.901	-24.9
239.002	-25.8
239.104	-26.3
239.205	-25.31
239.307	-9.75
239.408	-9.09
239.51	-10.65
239.611	-7.13
239.713	-7.78
239.814	-11.47
239.915	-11.55
240.017	-22.94
240.118	-20.48
240.22	-18.68
240.321	-16.22
240.422	-24.66
240.524	-18.1
240.625	-20.97
240.727	-28.92
240.828	-33.59
240.929	-24.9
241.031	-18.92
241.132	-15.97
241.233	-7.54
241.335	-2.46
241.436	-8.85
241.537	-2.54
241.639	-11.8
241.74	-19.66
241.841	-26.3
241.943	-29.33
242.044	-32.93
242.145	-22.28
242.246	-11.96
242.348	-15.24
242.449	-13.68
242.55	-20.89
242.652	-25.48
242.753	-34.08
242.854	-32.36
242.955	-35.72
243.056	-41.94
243.158	-43.17
243.259	-46.78
243.36	-54.15
243.461	-38.99
243.562	-19.58
243.664	-21.54
243.765	-15.97
243.866	-14.99
243.967	-23.26
244.068	-38.67
244.169	-31.21
244.271	-31.29
244.372	-15.48
244.473	-8.11
244.574	-9.26
244.675	-13.11
244.776	-8.85
244.877	-17.12
244.978	-23.02
245.08	-15.07
245.181	-8.68
245.282	-16.88
245.383	-16.55
245.484	-13.35
245.585	-15.32
245.686	-13.52
245.787	-4.18
245.888	-1.88
245.989	-4.59
246.09	-3.93
246.191	2.13
246.292	-1.97
246.393	-12.94
246.494	-6.47
246.595	-9.99
246.696	-20.23
246.797	-17.86
246.898	-6.14
246.999	-6.64
247.1	-8.52
247.201	-10.16
247.302	-14.34
247.403	-25.39
247.504	-33.5
247.605	-26.21
247.705	-31.87
247.806	-26.13
247.907	-20.23
248.008	-13.68
248.109	-24.33
248.21	-0.98
248.311	1.31
248.412	-0.66
248.513	-8.93
248.613	1.47
248.714	-1.23
248.815	-6.31
248.916	1.56
249.017	9.01
249.118	-0.74
249.218	-22.2
249.319	-24.9
249.42	-25.31
249.521	-23.18
249.622	-13.52
249.722	5.82
249.823	8.11
249.924	7.29
250.025	6.31
250.125	3.19
250.226	-10.4
250.327	-20.07
250.428	-29.57
250.528	-42.19
250.629	-45.46
250.73	-49.4
250.83	-45.3
250.931	-36.13
251.032	-28.02
251.133	-30.31
251.233	-21.38
251.334	-16.22
251.435	-18.02
251.535	-14.09
251.636	-8.85
251.736	-13.11
251.837	-11.39
251.938	-4.34
252.038	-9.17
252.139	-0.82
252.24	-0.98
252.34	-0.25
252.441	-2.62
252.541	7.21
252.642	-0.25
252.743	3.11
252.843	-2.29
252.944	-11.14
253.044	-17.61
253.145	-25.89
253.245	-32.77
253.346	-29.49
253.446	-26.05
253.547	-28.18
253.647	-20.07
253.748	-20.07
253.848	-18.51
253.949	-23.18
254.049	-20.97
254.15	-16.3
254.25	-3.03
254.351	-6.06
254.451	1.64
254.552	-3.19
254.652	-6.64
254.753	-11.63
254.853	-17.37
254.954	-27.85
255.054	-16.71
255.154	-23.02
255.255	-29.49
255.355	-21.63
255.456	-17.86
255.556	-20.97
255.656	-14.58
255.757	-5.9
255.857	-9.99
255.957	-9.09
256.058	-14.83
256.158	-5.98
256.258	-14.42
256.359	-15.81
256.459	-5.32
256.559	3.03
256.66	-10.81
256.76	-11.3
256.86	-9.83
256.961	-15.24
257.061	-25.72
257.161	-15.48
257.261	-16.63
257.362	-18.1
257.462	-24.74
257.562	-28.34
257.662	-49.07
257.763	-52.18
257.863	-56.93
257.963	-56.85
258.063	-51.28
258.164	-36.37
258.264	-29.33
258.364	-23.84
258.464	-26.62
258.564	-28.1
258.665	-25.56
258.765	-31.78
258.865	-31.29
258.965	-20.15
259.065	-17.12
259.165	-16.47
259.265	-10.49
259.366	-9.42
259.466	-5.98
259.566	-0.98
259.666	-6.06
259.766	0.33
259.866	0.41
259.966	-9.5
260.066	-10.16
260.166	-4.18
260.266	-19.01
260.366	-19.82
260.467	-14.75
260.567	-26.46
260.667	-32.52
260.767	-20.73
260.867	-19.99
260.967	-16.88
261.067	-7.62
261.167	1.39
261.267	0.33
261.367	12.53
261.467	5.9
261.567	4.42
261.667	-2.95
261.767	-3.44
261.867	-10.73
261.967	-11.8
262.066	-9.09
262.166	-11.22
262.266	-9.34
262.366	-17.69
262.466	-17.86
262.566	-15.81
262.666	-14.75
262.766	-14.42
262.866	-11.71
262.966	-7.29
263.066	-15.32
263.165	-11.71
263.265	-17.69
263.365	-6.06
263.465	-4.01
263.565	3.77
263.665	2.38
263.764	16.79
263.864	6.31
263.964	0.08
264.064	-0.25
264.164	-3.36
264.263	-18.51
264.363	-22.86
264.463	-17.53
264.563	-23.18
264.663	-21.54
264.762	-22.12
264.862	-21.63
264.962	-26.79
265.062	-28.59
265.161	-28.34
265.261	-21.63
265.361	-14.34
265.46	-13.43
265.56	-18.92
265.66	-20.15
265.76	-35.31
265.859	-31.21
265.959	-37.35
266.059	-29.98
266.158	-33.26
266.258	-19.82
266.358	-31.87
266.457	-25.15
266.557	-19.82
266.657	-17.04
266.756	-16.3
266.856	-9.99
266.955	-8.27
267.055	-15.65
267.155	-1.06
267.254	-0.08
267.354	0.16
267.453	-3.28
267.553	2.79
267.652	-8.85
267.752	-12.53
267.852	-9.42
267.951	-7.54
268.051	-6.8
268.15	-11.22
268.25	-6.14
268.349	-15.65
268.449	-17.61
268.548	-17.61
268.648	-19.33
268.747	-22.28
268.847	-17.61
268.946	-20.73
269.046	-20.32
269.145	-20.97
269.244	-21.79
269.344	-30.23
269.443	-24.49
269.543	-28.92
269.642	-14.01
269.742	-13.68
269.841	-9.42
269.94	-4.01
270.04	-1.72
270.139	-12.86
270.239	-11.63
270.338	-0
270.437	-8.52
270.537	-10.65
270.636	-1.72
270.735	-10.16
270.835	-21.05
270.934	-18.43
271.033	-13.6
271.133	-25.64
271.232	-21.22
271.331	-16.63
271.431	-14.34
271.53	-21.14
271.629	-26.62
271.729	-21.05
271.828	-26.87
271.927	-30.97
272.026	-27.28
272.126	-5.82
272.225	-9.01
272.324	-2.7
272.423	-2.21
272.523	5.82
272.622	-11.55
272.721	-12.53
272.82	-17.12
272.919	-14.91
273.019	-30.88
273.118	-23.18
273.217	-23.1
273.316	-18.76
273.415	-22.36
273.514	-18.1
273.614	-24.9
273.713	-22.2
273.812	-14.25
273.911	-15.81
274.01	-19.5
274.109	-6.06
274.208	-14.25
274.307	-16.79
274.407	-11.06
274.506	-10.98
274.605	-15.73
274.704	-18.92
274.803	-22.53
274.902	-25.48
275.001	-15.24
275.1	-13.84
275.199	-3.03
275.298	-6.06
275.397	-10.24
275.496	-19.58
275.595	-24.74
275.694	-25.48
275.793	-23.59
275.892	-21.71
275.991	-19.25
276.09	-21.46
276.189	-15.56
276.288	-16.06
276.387	-10.49
276.486	-5.32
276.585	-2.62
276.684	-13.35
276.783	-7.78
276.882	-7.21
276.981	-12.21
277.08	-11.22
277.178	-6.96
277.277	-24.99
277.376	-27.2
277.475	-25.15
277.574	-29
277.673	-23.1
277.772	-10.49
277.871	-24.41
277.969	-19.33
278.068	-22.28
278.167	-26.05
278.266	-34.08
278.365	-17.37
278.464	-20.97
278.562	-14.25
278.661	-21.54
278.76	-13.93
278.859	-13.6
278.958	-22.61
279.056	-24.08
279.155	-22.36
279.254	-26.38
279.353	-31.29
279.451	-30.64
279.55	-21.87
279.649	-14.34
279.748	-0.08
279.846	1.23
279.945	14.25
280.044	2.38
280.142	-3.44
280.241	-22.61
280.34	-23.18
280.438	-28.92
280.537	-34.49
280.636	-35.31
280.734	-35.72
280.833	-33.59
280.932	-36.54
281.03	-31.87
281.129	-35.23
281.228	-23.84
281.326	-25.39
281.425	-16.79
281.523	-24.41
281.622	-7.95
281.721	-12.12
281.819	-9.83
281.918	-17.37
282.016	6.55
282.115	23.1
282.213	15.4
282.312	10.49
282.41	19.91
282.509	0.49
282.607	-30.64
282.706	-25.97
282.805	-16.22
282.903	-25.39
283.002	-12.21
283.1	-5.82
283.198	3.69
283.297	-5.65
283.395	-9.26
283.494	-17.53
283.592	-22.77
283.691	-38.75
283.789	-32.52
283.888	-27.85
283.986	-32.28
284.085	-36.95
284.183	-27.03
284.281	-29.57
284.38	-16.06
284.478	-10.81
284.576	-8.11
284.675	-12.7
284.773	-1.97
284.872	-19.41
284.97	-12.45
285.068	-8.6
285.167	-2.13
285.265	-12.7
285.363	-11.96
285.462	-21.14
285.56	-25.56
285.658	-28.67
285.757	-22.28
285.855	-17.37
285.953	-12.12
286.051	-7.21
286.15	-9.67
286.248	-23.51
286.346	-27.12
286.444	-29.9
286.543	-32.28
286.641	-24
286.739	-23.18
286.837	-13.6
286.936	1.64
287.034	-3.85
287.132	-1.39
287.23	11.22
287.328	-0.9
287.427	-17.69
287.525	-3.69
287.623	-18.43
287.721	-27.03
287.819	-10.57
287.917	-6.55
288.016	-1.8
288.114	11.06
288.212	7.05
288.31	0.9
288.408	5.73
288.506	-13.76
288.604	-20.56
288.702	-13.43
288.8	-20.81
288.899	-17.61
288.997	-10.08
289.095	-5.24
289.193	-14.75
289.291	-7.95
289.389	-14.09
289.487	-11.14
289.585	-10.08
289.683	1.88
289.781	-4.18
289.879	0.57
289.977	6.72
290.075	1.72
290.173	-5.16
290.271	-6.88
290.369	-11.39
290.467	-17.12
290.565	-15.81
290.663	-16.22
290.761	-13.6
290.859	-20.23
290.957	-21.79
291.055	-22.61
291.152	-18.68
291.25	-19.01
291.348	-23.67
291.446	-16.47
291.544	-13.35
291.642	-8.36
291.74	-10.73
291.838	-6.47
291.936	-10.32
292.033	-14.58
292.131	-24.99
292.229	-24.17
292.327	-25.31
292.425	-32.28
292.523	-27.93
292.62	-24
292.718	-28.34
292.816	-27.12
292.914	-29.41
293.012	-29.65
293.109	-23.84
293.207	-25.23
293.305	-23.84
293.403	-25.64
293.5	-25.31
293.598	-28.18
293.696	-22.86
293.794	-13.84
293.891	-6.88
293.989	-8.77
294.087	-15.07
294.185	-14.66
294.282	-20.07
294.38	-20.73
294.478	-24
294.575	-25.48
294.673	-25.48
294.771	-23.92
294.868	-20.15
294.966	-24.74
295.064	-15.89
295.161	-8.93
295.259	-13.84
295.356	-22.45
295.454	-22.61
295.552	-20.73
295.649	-23.02
295.747	-24.33
295.844	-23.35
295.942	-15.65
296.04	-27.52
296.137	-28.75
296.235	-27.44
296.332	-30.56
296.43	-25.23
296.527	-21.71
296.625	-15.89
296.722	-19.09
296.82	-18.76
296.917	-16.38
297.015	-10.81
297.112	-18.84
297.21	-9.67
297.307	-2.7
297.405	-9.17
297.502	-6.55
297.6	-5.41
297.697	-8.52
297.795	1.06
297.892	-0.16
297.99	-0.49
298.087	5.49
298.184	1.23
298.282	-15.32
298.379	-7.78
298.477	-13.19
298.574	-22.28
298.671	-16.38
298.769	-6.8
298.866	-23.18
298.964	-19.17
299.061	-24.49
299.158	-14.34
299.256	-18.35
299.353	-15.15
299.45	-13.52
299.548	-1.06
299.645	-25.64
299.742	-27.69
299.839	-18.02
299.937	-28.18
300.034	-27.85
300.131	-17.2
300.229	-17.2
300.326	-20.56
300.423	-10.4
300.52	-14.01
300.618	-17.45
300.715	-4.42
300.812	-4.92
300.909	-4.75
301.006	-9.17
301.104	-15.32
301.201	-23.59
301.298	-17.12
301.395	-16.22
301.492	-18.51
301.59	-20.4
301.687	-17.45
301.784	-30.06
301.881	-37.6
301.978	-27.69
302.075	-23.18
302.173	-35.39
302.27	-34.41
302.367	-27.85
302.464	-33.5
302.561	-22.12
302.658	-13.43
302.755	-24.74
302.852	-34.65
302.949	-28.92
303.046	-34
303.143	-34.65
303.24	-20.23
303.338	-13.03
303.435	-12.7
303.532	-15.24
303.629	-12.53
303.726	-5.82
303.823	-11.55
303.92	-14.83
304.017	-8.44
304.114	-10.16
304.211	-16.38
304.308	-12.53
304.405	-20.23
304.502	-22.77
304.599	-30.97
304.695	-38.34
304.792	-35.96
304.889	-25.72
304.986	-26.54
305.083	-14.83
305.18	-2.05
305.277	-3.77
305.374	-3.19
305.471	-7.29
305.568	-12.62
305.665	-20.48
305.761	-18.27
305.858	-25.07
305.955	-33.1
306.052	-30.72
306.149	-26.79
306.246	-29.57
306.343	-19.66
306.439	-9.09
306.536	-11.14
306.633	-13.35
306.73	-12.45
306.827	-18.92
306.923	-14.66
307.02	-8.52
307.117	-16.38
307.214	-23.67
307.31	-27.85
307.407	-34.32
307.504	-47.84
307.601	-40.96
307.697	-40.55
307.794	-46.12
307.891	-40.14
307.988	-28.84
308.084	-28.59
308.181	-31.46
308.278	-18.27
308.374	-21.95
308.471	-18.43
308.568	-16.55
308.664	-5.49
308.761	-5.9
308.858	-4.01
308.954	-17.12
309.051	-20.97
309.147	-29.98
309.244	-33.26
309.341	-43.74
309.437	-34.9
309.534	-30.64
309.63	-28.92
309.727	-27.85
309.824	-19.74
309.92	-15.07
310.017	-21.14
310.113	-19.58
310.21	-17.04
310.306	-21.3
310.403	-36.78
310.499	-37.35
310.596	-34.57
310.693	-32.77
310.789	-22.28
310.886	-13.76
310.982	-6.8
311.078	-1.39
311.175	-12.21
311.271	-24.41
311.368	-27.61
311.464	-20.89
311.561	-39.32
311.657	-35.06
311.754	-22.45
311.85	-19.17
311.947	-29.98
312.043	-10.73
312.139	-6.64
312.236	-14.83
312.332	-13.52
312.429	-11.71
312.525	-16.79
312.621	-17.28
312.718	-14.5
312.814	-8.93
312.91	-2.05
313.007	1.47
313.103	0.49
313.199	5.16
313.296	3.03
313.392	5
313.488	0.33
313.585	5.57
313.681	5.65
313.777	-7.29
313.873	-22.28
313.97	-26.05
314.066	-35.23
314.162	-40.47
314.259	-32.93
314.355	-28.67
314.451	-23.18
314.547	-18.02
314.643	-15.65
314.74	-4.92
314.836	-5.98
314.932	-5
315.028	-15.24
315.124	-20.64
315.221	-26.87
315.317	-19.09
315.413	-26.54
315.509	-18.92
315.605	-7.54
315.701	-8.6
315.798	-15.89
315.894	-20.4
315.99	-19.99
316.086	-23.18
316.182	-34.41
316.278	-32.03
316.374	-20.89
316.47	-21.95
316.566	-21.54
316.662	-17.45
316.759	-15.15
316.855	-9.34
316.951	-10.24
317.047	-16.96
317.143	-15.97
317.239	-20.4
317.335	-34.9
317.431	-33.26
317.527	-25.8
317.623	-25.56
317.719	-14.34
317.815	-1.39
317.911	-8.85
318.007	-19.99
318.103	-19.01
318.199	-24.58
318.295	-27.85
318.391	-18.02
318.487	-10.65
318.582	-1.15
318.678	-4.59
318.774	-2.13
318.87	-2.87
318.966	-2.13
319.062	-12.62
319.158	-16.79
319.254	-25.64
319.35	-31.21
319.446	-36.13
319.541	-40.63
319.637	-41.12
319.733	-40.3
319.829	-36.78
319.925	-32.69
320.021	-34.65
320.116	-35.88
320.212	-26.05
320.308	-23.18
320.404	-23.51
320.5	-11.8
320.595	-1.23
320.691	-1.06
320.787	-5.57
320.883	-4.18
320.978	-6.31
321.074	-12.94
321.17	-22.45
321.266	-9.75
321.361	-7.78
321.457	-7.95
321.553	-0.74
321.649	-3.28
321.744	-19.74
321.84	-15.97
321.936	-18.43
322.031	-29.9
322.127	-21.79
322.223	-30.39
322.318	-41.86
322.414	-40.88
322.51	-38.42
322.605	-44.48
322.701	-29.41
322.796	-20.07
322.892	-17.12
322.988	-8.68
323.083	-6.06
323.179	-10.81
323.274	-7.37
323.37	-14.09
323.466	-14.99
323.561	-25.15
323.657	-23.18
323.752	-28.43
323.848	-22.12
323.943	-20.48
324.039	-13.6
324.134	-16.96
324.23	-14.66
324.325	-15.24
324.421	-12.94
324.516	-9.67
324.612	0.49
324.707	-1.97
324.803	-8.44
324.898	-10.9
324.994	-18.51
325.089	-22.12
325.185	-25.39
325.28	-24
325.375	-26.05
325.471	-13.11
325.566	-18.27
325.662	-14.17
325.757	-11.88
325.853	-10.4
325.948	-4.42
326.043	7.45
326.139	2.79
326.234	10.08
326.329	3.19
326.425	-12.37
326.52	-18.84
326.615	-17.78
326.711	-18.51
326.806	-18.35
326.901	-7.45
326.997	-14.25
327.092	-15.15
327.187	-19.5
327.283	-17.53
327.378	-22.12
327.473	-3.28
327.568	3.93
327.664	-3.52
327.759	-0.49
327.854	-6.31
327.949	-23.92
328.045	-19.74
328.14	-13.03
328.235	-19.33
328.33	-16.3
328.425	-10.81
328.521	-25.64
328.616	-28.92
328.711	-24.41
328.806	-22.69
328.901	-25.15
328.996	-15.56
329.092	-4.51
329.187	-2.95
329.282	-13.68
329.377	-10.73
329.472	-17.69
329.567	-25.23
329.662	-34.82
329.757	-21.79
329.853	-27.03
329.948	-35.55
330.043	-29.33
330.138	-26.21
330.233	-23.35
330.328	-24.66
330.423	-8.36
330.518	-4.34
330.613	-2.54
330.708	-0.66
330.803	-5.73
330.898	-3.85
330.993	-13.11
331.088	-12.86
331.183	-19.17
331.278	-10.49
331.373	-21.87
331.468	-26.54
331.563	-23.18
331.658	-24.17
331.753	-17.37
331.848	-9.58
331.943	0.74
332.038	-5.41
332.133	-10.9
332.227	-6.8
332.322	-7.78
332.417	-5.65
332.512	7.37
332.607	19.82
332.702	10.49
332.797	-0.41
332.892	-12.12
332.987	-17.61
333.081	-21.79
333.176	-15.15
333.271	0.49
333.366	4.92
333.461	8.27
333.556	9.26
333.65	7.13
333.745	-9.58
333.84	-16.79
333.935	-21.95
334.029	-29.65
334.124	-33.5
334.219	-23.59
334.314	-15.15
334.409	-14.58
334.503	-9.83
334.598	-9.91
334.693	-14.25
334.787	-10.24
334.882	-7.05
334.977	-1.31
335.072	-1.31
335.166	1.64
335.261	-9.09
335.356	-6.31
335.45	-16.06
335.545	-21.71
335.64	-18.6
335.734	-14.58
335.829	-20.32
335.924	-18.51
336.018	-17.2
336.113	-11.22
336.207	-3.85
336.302	-9.67
336.397	-14.42
336.491	-16.47
336.586	-31.29
336.68	-41.78
336.775	-27.36
336.869	-20.81
336.964	-18.43
337.059	-12.62
337.153	-10.65
337.248	-23.92
337.342	-28.1
337.437	-17.12
337.531	-18.76
337.626	-16.79
337.72	-14.5
337.815	-13.03
337.909	-22.2
338.004	-14.99
338.098	-21.38
338.193	-20.07
338.287	-18.6
338.381	-15.07
338.476	-23.92
338.57	-17.2
338.665	-12.45
338.759	-15.24
338.854	-21.46
338.948	-11.39
339.042	-13.93
339.137	-20.07
339.231	-16.96
339.326	-17.28
339.42	-20.07
339.514	-22.2
339.609	-25.97
339.703	-24.99
339.797	-22.53
339.892	-24.66
339.986	-21.79
340.08	-15.32
340.175	-18.51
340.269	-10.65
340.363	-13.03
340.457	-9.42
340.552	-11.47
340.646	-11.14
340.74	-18.92
340.835	-24.58
340.929	-31.29
341.023	-34.16
341.117	-34.98
341.212	-35.72
341.306	-30.47
341.4	-27.77
341.494	-23.92
341.588	-16.63
341.683	-12.29
341.777	-8.19
341.871	-5.32
341.965	4.59
342.059	4.1
342.153	6.8
342.248	5.24
342.342	7.86
342.436	-3.11
342.53	-2.62
342.624	-9.09
342.718	-4.18
342.812	-12.04
342.906	-17.28
343.001	-25.8
343.095	-18.92
343.189	-21.14
343.283	-12.53
343.377	-4.42
343.471	-4.83
343.565	-4.42
343.659	-6.96
343.753	-15.07
343.847	-18.02
343.941	-14.17
344.035	-24.08
344.129	-32.36
344.223	-32.44
344.317	-20.81
344.411	-23.43
344.505	-15.73
344.599	-2.7
344.693	1.56
344.787	-6.47
344.881	-6.31
344.975	-16.06
345.069	-24.49
345.163	-31.62
345.257	-36.21
345.351	-30.15
345.444	-27.93
345.538	-19.66
345.632	-15.24
345.726	-8.03
345.82	-1.39
345.914	0.33
346.008	-4.75
346.102	-3.52
346.195	-11.14
346.289	-19.01
346.383	-15.24
346.477	-22.45
346.571	-19.41
346.665	-17.04
346.758	-17.12
346.852	-22.77
346.946	-9.91
347.04	-8.77
347.133	-4.51
347.227	-3.28
347.321	4.59
347.415	2.21
347.509	-0
347.602	-1.23
347.696	-8.77
347.79	-19.41
347.883	-32.28
347.977	-39.98
348.071	-37.27
348.165	-20.32
348.258	-10.4
348.352	-6.64
348.446	2.38
348.539	-6.23
348.633	-11.96
348.727	-18.68
348.82	-15.56
348.914	-12.21
349.007	4.42
349.101	0.82
349.195	-2.29
349.288	3.28
349.382	-12.94
349.476	-31.62
349.569	-35.72
349.663	-29.9
349.756	-36.45
349.85	-32.6
349.943	-23.67
350.037	-21.54
350.13	-14.75
350.224	-10.49
350.318	-3.03
350.411	-0.49
350.505	-2.54
350.598	-12.37
350.692	-13.43
350.785	-13.19
350.879	-17.28
350.972	-13.68
351.066	-9.17
351.159	-10.16
351.252	-8.27
351.346	-11.22
351.439	-13.27
351.533	-10.73
351.626	-10.08
351.72	-17.12
351.813	-22.36
351.906	-30.15
352	-25.07
352.093	-23.1
352.187	-15.73
352.28	-22.28
352.373	-19.09
352.467	-34
352.56	-36.13
352.653	-40.22
352.747	-19.66
352.84	-21.95
352.933	-14.66
353.027	-13.19
353.12	-24.9
353.213	-31.62
353.307	-21.87
353.4	-24.08
353.493	-29.82
353.586	-23.02
353.68	-25.97
353.773	-30.56
353.866	-27.52
353.96	-27.03
354.053	-8.68
354.146	-9.99
354.239	-14.09
354.332	-19.33
354.426	-13.76
354.519	-23.35
354.612	-19.5
354.705	-17.69
354.798	-16.71
354.892	-20.48
354.985	-34.32
355.078	-44.65
355.171	-37.68
355.264	-31.78
355.357	-32.6
355.45	-26.3
355.544	-23.51
355.637	-34.16
355.73	-26.3
355.823	-22.69
355.916	-17.2
356.009	-9.91
356.102	-4.67
356.195	-22.77
356.288	-26.87
356.381	-26.71
356.474	-26.71
356.567	-19.91
356.66	-10.9
356.754	-8.93
356.847	-5.32
356.94	-1.47
357.033	-8.27
357.126	-16.71
357.219	-14.58
357.312	-20.89
357.405	-12.21
357.497	-15.15
357.59	-1.97
357.683	-6.06
357.776	7.13
357.869	0.41
357.962	11.06
358.055	9.09
358.148	9.58
358.241	-4.1
358.334	-10.16
358.427	-21.22
358.52	-15.07
358.613	-16.38
358.705	-12.78
358.798	-8.03
358.891	-6.8
358.984	-21.05
359.077	-12.12
359.17	-17.78
359.263	-18.27
359.355	-16.14
359.448	-5.16
359.541	-7.62
359.634	-2.62
359.727	-5.41
359.819	6.64
359.912	-1.06
360.005	-5.57
360.098	-7.62
360.19	-3.69
360.283	-10.57
360.376	-15.4
360.469	-18.43
360.561	-23.1
360.654	-29.49
360.747	-22.28
360.84	-18.43
360.932	-7.95
361.025	-5.73
361.118	-2.21
361.21	-17.12
361.303	-3.52
361.396	-12.62
361.488	-18.35
361.581	-22.04
361.674	-20.07
361.766	-20.23
361.859	-18.84
361.951	-13.93
362.044	-1.88
362.137	-5.73
362.229	-18.1
362.322	-12.12
362.414	-10.49
362.507	-24.08
362.6	-20.81
362.692	-23.1
362.785	-27.12
362.877	-24.82
362.97	-26.62
363.062	-35.39
363.155	-35.06
363.247	-38.09
363.34	-37.35
363.432	-36.13
363.525	-25.15
363.617	-26.79
363.71	-19.17
363.802	-24.17
363.895	-15.32
363.987	-15.07
364.08	-10.16
364.172	-19.33
364.265	-7.86
364.357	-9.34
364.449	-10.9
364.542	-7.54
364.634	-2.29
364.727	-8.36
364.819	-21.05
364.911	-17.37
365.004	-16.88
365.096	-12.21
365.188	-15.97
365.281	4.59
365.373	4.83
365.466	-7.13
365.558	-17.12
365.65	-22.69
365.742	-29.49
365.835	-33.67
365.927	-24.33
366.019	-26.87
366.112	-15.97
366.204	-17.37
366.296	-15.4
366.389	-17.45
366.481	-12.45
366.573	-19.09
366.665	-18.6
366.758	-18.1
366.85	-14.83
366.942	-5.16
367.034	8.11
367.126	7.7
367.219	-0.08
367.311	3.6
367.403	-3.28
367.495	-16.88
367.587	-25.89
367.679	-18.76
367.772	-14.42
367.864	-16.3
367.956	-13.11
368.048	-8.52
368.14	-10.32
368.232	-22.12
368.324	-18.84
368.417	-26.05
368.509	-29.82
368.601	-23.35
368.693	-21.46
368.785	-20.81
368.877	-19.82
368.969	-12.62
369.061	-11.8
369.153	-14.09
369.245	-13.35
369.337	-6.31
369.429	-9.75
369.521	-19.33
369.613	-20.81
369.705	-29.82
369.797	-31.7
369.889	-30.88
369.981	-29.08
370.073	-24
370.165	-26.21
370.257	-25.31
370.349	-28.1
370.441	-28.18
370.533	-22.86
370.625	-5.41
370.717	-8.68
370.809	4.26
370.901	2.95
370.993	-1.39
371.084	-16.06
371.176	-6.96
371.268	-14.34
371.36	-5.73
371.452	-12.29
371.544	-2.21
371.636	-10.16
371.727	-13.76
371.819	-22.53
371.911	-14.99
372.003	-17.86
372.095	-13.11
372.187	-13.6
372.278	-15.56
372.37	-22.04
372.462	-25.15
372.554	-30.23
372.645	-25.31
372.737	-14.91
372.829	-13.35
372.921	-6.88
373.012	-5.41
373.104	-11.14
373.196	-16.71
373.288	-17.28
373.379	-19.41
373.471	-23.84
373.563	-20.15
373.654	-17.37
373.746	-10.4
373.838	-5.65
373.929	-5.57
374.021	-9.17
374.113	-10.32
374.204	-23.02
374.296	-33.91
374.388	-28.59
374.479	-24.99
374.571	-19.66
374.662	-9.01
374.754	-5.16
374.846	-7.62
374.937	-14.5
375.029	-23.18
375.12	-32.19
375.212	-36.78
375.304	-31.05
375.395	-38.58
375.487	-39.57
375.578	-25.31
375.67	-20.89
375.761	-16.14
375.853	-0.9
375.944	6.39
376.036	-11.22
376.127	-14.83
376.219	-19.09
376.31	-25.72
376.402	-28.59
376.493	-16.96
376.584	-10.81
376.676	-17.53
376.767	-19.91
376.859	-14.42
376.95	-11.3
377.042	-13.68
377.133	-10.16
377.224	-5.08
377.316	-11.14
377.407	-14.58
377.499	-10.65
377.59	-12.45
377.681	-8.68
377.773	-2.13
377.864	-7.7
377.955	-6.14
378.047	-11.63
378.138	-24.66
378.229	-30.23
378.321	-33.26
378.412	-47.51
378.503	-39.89
378.595	-23.84
378.686	-21.46
378.777	-23.43
378.868	-26.46
378.96	-21.54
379.051	-31.46
379.142	-41.61
379.233	-36.29
379.325	-25.48
379.416	-35.39
379.507	-30.06
379.598	-19.91
379.689	-17.61
379.781	-16.06
379.872	-11.3
379.963	-14.09
380.054	-22.2
380.145	-20.89
380.236	-21.46
380.328	-17.86
380.419	-14.25
380.51	-9.99
380.601	-3.36
380.692	-3.93
380.783	-10.9
380.874	-12.29
380.965	-11.71
381.056	-23.43
381.148	-25.23
381.239	-28.18
381.33	-31.95
381.421	-35.63
381.512	-37.03
381.603	-30.8
381.694	-20.81
381.785	-10.73
381.876	-1.23
381.967	4.92
382.058	3.36
382.149	2.62
382.24	-10.24
382.331	-13.52
382.422	-11.71
382.513	-13.76
382.604	-24.66
382.695	-18.43
382.786	-16.06
382.877	-24.25
382.968	-25.15
383.059	-13.52
383.149	-4.67
383.24	-11.88
383.331	-5.9
383.422	-7.78
383.513	-12.94
383.604	-11.22
383.695	-1.39
383.786	-10.4
383.877	-11.71
383.967	-9.58
384.058	-22.04
384.149	-28.02
384.24	-19.99
384.331	-7.78
384.421	-7.13
384.512	-2.87
384.603	-11.96
384.694	-13.68
384.785	-18.92
384.875	-24.9
384.966	-20.23
385.057	-8.11
385.148	-12.94
385.238	-14.91
385.329	-15.07
385.42	-12.7
385.511	-16.22
385.601	-5.16
385.692	-6.31
385.783	3.77
385.873	-2.13
385.964	-5.49
386.055	-5.16
386.146	0.74
386.236	-2.21
386.327	-0.16
386.417	2.87
386.508	-5.65
386.599	-7.7
386.689	-7.7
386.78	-20.23
386.871	-15.07
386.961	-13.52
387.052	-12.94
387.142	-12.7
387.233	-1.8
387.324	-8.03
387.414	-1.64
387.505	-6.31
387.595	-11.8
387.686	-13.03
387.776	-23.43
387.867	-34.24
387.957	-35.55
388.048	-33.59
388.138	-33.01
388.229	-31.95
388.319	-33.34
388.41	-31.95
388.5	-34.65
388.591	-32.52
388.681	-25.07
388.772	-17.86
388.862	-24.74
388.953	-23.26
389.043	-30.64
389.134	-31.46
389.224	-32.69
389.314	-24.66
389.405	-18.68
389.495	-18.68
389.586	-8.36
389.676	-11.88
389.766	-16.79
389.857	-15.65
389.947	-11.8
390.037	-11.47
390.128	-9.34
390.218	8.11
390.308	-1.23
390.399	-4.75
390.489	-14.83
390.579	-15.24
390.67	-31.37
390.76	-17.78
390.85	-10.98
390.94	-13.68
391.031	-11.63
391.121	-14.34
391.211	-15.07
391.301	-23.26
391.392	-9.83
391.482	-13.43
391.572	-9.34
391.662	-12.04
391.753	-13.19
391.843	-26.3
391.933	-26.3
392.023	-27.2
392.113	-31.62
392.204	-29.08
392.294	-19.17
392.384	-20.48
392.474	-15.07
392.564	-18.02
392.654	-18.35
392.744	-16.38
392.835	-12.21
392.925	-19.5
393.015	-15.4
393.105	-10.16
393.195	-16.22
393.285	-17.04
393.375	-10.49
393.465	-3.6
393.555	-0.98
393.645	1.64
393.735	6.06
393.825	13.52
393.915	2.7
394.005	-9.83
394.095	-15.15
394.185	-22.69
394.275	-37.52
394.365	-30.97
394.455	-26.79
394.545	-22.69
394.635	-16.96
394.725	-9.26
394.815	-6.72
394.905	-2.38
394.995	-4.83
395.085	-4.34
395.175	-9.83
395.265	-16.63
395.355	-20.64
395.445	-8.27
395.535	-10.65
395.625	-13.52
395.714	-8.11
395.804	-5.57
395.894	-16.3
395.984	-6.96
396.074	3.03
396.164	-4.67
396.254	1.39
396.343	5
396.433	-0.9
396.523	1.56
396.613	9.42
396.703	6.88
396.792	1.56
396.882	0.25
396.972	-16.55
397.062	-28.18
397.151	-21.38
397.241	-16.55
397.331	-20.07
397.421	-11.88
397.51	-11.96
397.6	-16.38
397.69	-13.52
397.78	-8.52
397.869	-8.11
397.959	-11.3
398.049	-19.01
398.138	-27.36
398.228	-28.67
398.318	-23.35
398.407	-15.97
398.497	-7.86
398.587	-13.93
398.676	-18.51
398.766	-23.76
398.856	-28.51
398.945	-46.86
399.035	-40.88
399.124	-37.27
399.214	-36.21
399.303	-37.85
399.393	-20.81
399.483	-17.86
399.572	-18.43
399.662	-28.02
399.751	-20.48
399.841	-17.61
399.93	-18.6
400.02	-17.86
400.109	-8.36
400.199	-13.76
400.288	-7.62
400.378	-6.31
400.467	-1.56
400.557	-0.41
400.646	7.45
400.736	-9.34
400.825	-4.34
400.915	-13.68
401.004	-18.51
401.094	-29.08
401.183	-30.8
401.272	-30.15
401.362	-17.12
401.451	-11.71
401.541	-2.05
401.63	-3.93
401.719	-13.6
401.809	-18.19
401.898	-14.91
401.987	-12.45
402.077	-13.27
402.166	-6.14
402.255	-10.49
402.345	-12.21
402.434	-13.11
402.523	-6.39
402.613	-14.42
402.702	-20.89
402.791	-17.45
402.881	-23.51
402.97	-23.43
403.059	-16.63
403.148	-14.58
403.238	-14.83
403.327	-10.08
403.416	0.25
403.505	-10.65
403.594	-7.05
403.684	-8.19
403.773	-3.03
403.862	-9.83
403.951	-11.47
404.04	-5
404.13	-12.12
404.219	-25.72
404.308	-35.96
404.397	-22.53
404.486	-26.46
404.575	-37.52
404.665	-29.65
404.754	-25.31
404.843	-25.97
404.932	-26.79
405.021	-17.61
405.11	-29.65
405.199	-26.38
405.288	-29.16
405.377	-30.06
405.466	-26.54
405.555	-13.52
405.644	-16.38
405.733	-5.82
405.823	0.57
405.912	1.31
406.001	7.37
406.09	-0.41
406.179	-3.36
406.268	-2.05
406.357	0.41
406.446	-12.29
406.534	2.7
406.623	-8.44
406.712	-16.14
406.801	-26.71
406.89	-27.77
406.979	-30.23
407.068	-23.76
407.157	-10.49
407.246	1.06
407.335	4.83
407.424	5.41
407.513	3.11
407.602	-13.68
407.69	-19.66
407.779	-25.8
407.868	-35.63
407.957	-35.47
408.046	-27.03
408.135	-25.31
408.223	-19.91
408.312	-12.21
408.401	-13.76
408.49	-19.82
408.579	-13.43
408.668	-13.11
408.756	-17.28
408.845	-30.31
408.934	-30.39
409.023	-34.24
409.111	-36.95
409.2	-30.8
409.289	-26.79
409.378	-23.02
409.466	-25.8
409.555	-16.79
409.644	-18.19
409.732	-7.86
409.821	1.31
409.91	0.16
409.998	-1.15
410.087	-7.86
410.176	-5.49
410.264	-18.6
410.353	-12.29
410.442	-15.97
410.53	-9.34
410.619	-10.49
410.708	-1.06
410.796	-5.57
410.885	-2.87
410.973	-4.01
411.062	-5.49
411.151	-15.07
411.239	-16.47
411.328	-24.82
411.416	-29.82
411.505	-26.95
411.593	-23.92
411.682	-26.21
411.77	-20.64
411.859	-29.9
411.947	-40.8
412.036	-47.51
412.124	-48.25
412.213	-42.6
412.301	-34.73
412.39	-25.89
412.478	-16.79
412.567	-13.35
412.655	-18.84
412.744	-7.21
412.832	-3.93
412.92	-9.5
413.009	-9.42
413.097	-4.59
413.186	-12.78
413.274	-19.74
413.363	-20.64
413.451	-22.77
413.539	-20.89
413.628	-7.37
413.716	-5.08
413.804	-1.8
413.893	4.01
413.981	1.97
414.069	-10.32
414.158	-13.27
414.246	-9.75
414.334	-12.62
414.423	-20.81
414.511	-15.89
414.599	-15.4
414.687	-12.62
414.776	-5.08
414.864	5.16
414.952	9.91
415.04	11.71
415.129	3.85
415.217	0.25
415.305	-1.39
415.393	-6.64
415.482	-10.24
415.57	-0.66
415.658	-4.59
415.746	-13.84
415.834	-21.46
415.922	-22.61
416.011	-32.93
416.099	-28.67
416.187	-26.62
416.275	-32.28
416.363	-30.88
416.451	-23.35
416.539	-30.64
416.628	-28.18
416.716	-10.57
416.804	-3.6
416.892	-2.21
416.98	1.56
417.068	1.8
417.156	-1.47
417.244	-7.78
417.332	-5.08
417.42	-3.93
417.508	-11.22
417.596	-10.24
417.684	-19.33
417.772	-30.23
417.86	-36.54
417.948	-21.3
418.036	-25.48
418.124	-8.44
418.212	-7.95
418.3	-1.06
418.388	-9.99
418.476	-10.4
418.564	-13.19
418.652	-17.28
418.74	-16.06
418.828	-11.39
418.916	-0.49
419.004	0.74
419.091	12.12
419.179	6.72
419.267	0.57
419.355	-10.16
419.443	-13.52
419.531	-26.05
419.619	-23.18
419.706	-14.91
419.794	-9.01
419.882	-11.14
419.97	-0.74
420.058	-0.41
420.146	-2.05
420.233	-4.42
420.321	0.74
420.409	-7.78
420.497	-6.55
420.584	-17.28
420.672	-25.31
420.76	-31.13
420.848	-33.18
420.935	-34.65
421.023	-24.82
421.111	-15.81
421.199	-10.16
421.286	-5.16
421.374	1.64
421.462	-1.39
421.549	-0.74
421.637	4.01
421.725	8.77
421.812	-3.85
421.9	-2.54
421.988	-4.83
422.075	-11.8
422.163	-15.56
422.25	-10.08
422.338	-9.75
422.426	-18.35
422.513	-31.46
422.601	-40.06
422.688	-40.14
422.776	-42.27
422.864	-41.45
422.951	-28.67
423.039	-21.54
423.126	-17.37
423.214	-14.99
423.301	-16.14
423.389	-16.22
423.476	-14.5
423.564	-19.58
423.651	-23.02
423.739	-20.4
423.826	-22.12
423.914	-19.66
424.001	-21.3
424.089	-12.37
424.176	5
424.264	11.22
424.351	12.29
424.438	12.78
424.526	4.34
424.613	-3.28
424.701	-8.85
424.788	-7.78
424.876	-5.41
424.963	-11.88
425.05	-14.01
425.138	-11.55
425.225	-6.8
425.312	-12.37
425.4	1.23
425.487	1.15
425.574	1.8
425.662	-13.43
425.749	-10.32
425.836	-8.52
425.924	-12.37
426.011	-6.47
426.098	14.58
426.185	25.39
426.273	9.67
426.36	19.01
426.447	14.91
426.534	3.85
426.622	-7.37
426.709	0.74
426.796	-19.33
426.883	-18.6
426.971	-13.6
427.058	-10.16
427.145	-7.95
427.232	-1.06
427.319	-5.24
427.406	-1.47
427.494	-2.46
427.581	-0.9
427.668	1.97
427.755	1.64
427.842	-1.06
427.929	3.11
428.016	2.05
428.104	9.5
428.191	8.19
428.278	3.36
428.365	0.49
428.452	6.47
428.539	5.41
428.626	7.78
428.713	11.06
428.8	19.33
428.887	23.18
428.974	15.81
429.061	17.61
429.148	19.74
429.235	17.94
429.322	10.49
429.409	15.24
429.496	17.37
429.583	4.42
429.67	3.52
429.757	10.81
429.844	12.29
429.931	16.96
430.018	18.35
430.105	15.07
430.192	7.86
430.279	12.37
430.366	9.09
430.453	9.26
430.539	6.8
430.626	6.8
430.713	4.67
430.8	9.01
430.887	14.99
430.974	26.87
431.061	26.71
431.147	23.26
431.234	21.63
431.321	33.59
431.408	33.91
431.495	34.41
431.582	43.83
431.668	41.45
431.755	29.9
431.842	17.53
431.929	27.52
432.015	15.15
432.102	26.21
432.189	39.16
432.276	50.63
432.362	46.78
432.449	58.74
432.536	55.54
432.623	58
432.709	55.79
432.796	57.1
432.883	56.2
432.969	42.52
433.056	31.87
433.143	31.87
433.229	34.82
433.316	34.32
433.403	48.99
433.489	55.54
433.576	63
433.662	59.88
433.749	59.64
433.836	67.01
433.922	73.4
434.009	81.02
434.095	77.99
434.182	85.85
434.268	77.41
434.355	78.15
434.442	68.48
434.528	86.1
434.615	83.23
434.701	92.65
434.788	83.15
434.874	86.34
434.961	79.87
435.047	88.23
435.134	88.47
435.22	106.25
435.307	115.67
435.393	126.24
435.48	123.29
435.566	125.17
435.652	122.3
435.739	117.96
435.825	109.2
435.912	116.08
435.998	121.4
436.084	124.84
436.171	134.67
436.257	135.41
436.344	146.31
436.43	135.74
436.516	129.92
436.603	122.39
436.689	134.35
436.775	125.17
436.862	135.33
436.948	144.42
437.034	152.37
437.121	146.72
437.207	158.68
437.293	166.38
437.38	164.33
437.466	164.33
437.552	174.73
437.638	178.09
437.725	181.53
437.811	199.14
437.897	197.59
437.983	203.57
438.07	193.9
438.156	192.92
438.242	189.64
438.328	203.73
438.414	200.21
438.501	198.9
438.587	197.1
438.673	199.39
438.759	196.2
438.845	204.06
438.931	219.87
439.017	227.16
439.104	234.45
439.19	242.81
439.276	262.63
439.362	263.78
439.448	275
439.534	280.24
439.62	276.8
439.706	266.32
439.792	275.57
439.878	268.94
439.964	270.33
440.05	279.59
440.137	276.23
440.223	275.17
440.309	279.26
440.395	284.01
440.481	289.26
440.567	304.57
440.653	321.04
440.739	339.47
440.825	337.34
440.911	338.57
440.996	345.21
441.082	333.41
441.168	334.97
441.254	352.74
441.34	358.39
441.426	355.94
441.512	377.97
441.598	378.79
441.684	371.42
441.77	374.37
441.856	380.1
441.941	374.61
442.027	377.24
442.113	386.98
442.199	412.54
442.285	419.18
442.371	435.56
442.457	444.41
442.542	457.84
442.628	443.67
442.714	451.78
442.8	449
442.886	459.32
442.971	458.34
443.057	476.36
443.143	489.55
443.229	507.73
443.314	524.03
443.4	542.47
443.486	543.29
443.572	545.5
443.657	549.92
443.743	553.85
443.829	569.42
443.914	589.57
444	608.57
444.086	619.8
444.171	634.21
444.257	631.1
444.343	640.52
444.428	640.44
444.514	651.83
444.6	647.9
444.685	649.29
444.771	647.24
444.857	661
444.942	676.24
445.028	693.93
445.113	715.64
445.199	741.36
445.285	743.49
445.37	749.8
445.456	758.65
445.541	759.22
445.627	762.99
445.712	775.2
445.798	780.85
445.883	799.69
445.969	801.33
446.054	811.98
446.14	821.65
446.225	819.84
446.311	832.46
446.396	859.25
446.482	860.06
446.567	878.17
446.653	896.35
446.738	892.59
446.823	898.65
446.909	921.18
446.994	930.92
447.08	946.24
447.165	965.41
447.251	981.55
447.336	981.63
447.421	982.21
447.507	996.95
447.592	1011.37
447.677	1017.92
447.763	1036.11
447.848	1046.84
447.933	1046.51
448.019	1056.83
448.104	1066.5
448.189	1086.41
448.275	1099.19
448.36	1127.69
448.445	1137.77
448.53	1162.43
448.616	1165.54
448.701	1187.25
448.786	1188.72
448.872	1193.56
448.957	1184.87
449.042	1191.26
449.127	1191.92
449.212	1219.93
449.298	1229.93
449.383	1252.29
449.468	1259.58
449.553	1279.98
449.638	1265.07
449.724	1286.29
449.809	1288.25
449.894	1315.62
449.979	1307.1
450.064	1328.8
450.149	1339.37
450.234	1364.68
450.319	1361.16
450.405	1382.54
450.49	1396.71
450.575	1400.4
450.66	1407.53
450.745	1419.98
450.83	1429.81
450.915	1424.57
451	1422.85
451.085	1448.08
451.17	1457.91
451.255	1488.63
451.34	1503.54
451.425	1519.67
451.51	1518.28
451.595	1523.85
451.68	1532.95
451.765	1540.07
451.85	1567.68
451.935	1585.78
452.02	1593.65
452.105	1601.43
452.19	1608.15
452.275	1597.99
452.36	1582.42
452.445	1611.01
452.53	1622.81
452.615	1630.67
452.699	1647.06
452.784	1662.95
452.869	1659.26
452.954	1655.74
453.039	1668.6
453.124	1672.78
453.209	1690.48
453.293	1692.2
453.378	1712.02
453.463	1718.74
453.548	1738.89
453.633	1727.01
453.718	1749.78
453.802	1745.03
453.887	1766.66
453.972	1781.98
454.057	1808.85
454.141	1792.79
454.226	1817.2
454.311	1832.03
454.396	1834.16
454.48	1833.01
454.565	1871.27
454.65	1851.86
454.735	1835.88
454.819	1823.1
454.904	1827.36
454.989	1821.71
455.073	1824.33
455.158	1830.06
455.243	1851.28
455.327	1871.6
455.412	1860.87
455.497	1875.61
455.581	1867.91
455.666	1868.73
455.75	1852.26
455.835	1844.73
455.92	1861.69
456.004	1879.87
456.089	1858.24
456.173	1860.54
456.258	1873.07
456.343	1850.95
456.427	1861.28
456.512	1869.8
456.596	1870.45
456.681	1885.28
456.765	1874.79
456.85	1860.62
456.934	1865.45
457.019	1857.1
457.103	1854.8
457.188	1856.36
457.272	1844.07
457.357	1841.21
457.441	1844.32
457.526	1821.71
457.61	1846.37
457.694	1858.41
457.779	1857.1
457.863	1845.3
457.948	1838.01
458.032	1819.42
458.116	1814.5
458.201	1816.3
458.285	1811.96
458.37	1827.03
458.454	1827.12
458.538	1798.61
458.623	1809.18
458.707	1803.69
458.791	1783.37
458.876	1770.18
458.96	1789.35
459.044	1760.19
459.129	1760.02
459.213	1765.02
459.297	1764.37
459.381	1754.21
459.466	1734.06
459.55	1728.98
459.634	1720.21
459.718	1707.19
459.803	1702.35
459.887	1695.47
459.971	1696.46
460.055	1690.23
460.14	1693.75
460.224	1686.05
460.308	1690.31
460.392	1665.82
460.476	1667.05
460.56	1634.93
460.645	1633.87
460.729	1612.73
460.813	1603.56
460.897	1592.75
460.981	1577.67
461.065	1555.8
461.149	1538.43
461.233	1531.31
461.318	1515.33
461.402	1517.22
461.486	1491
461.57	1504.6
461.654	1505.09
461.738	1497.23
461.822	1503.21
461.906	1510.34
461.99	1503.29
462.074	1473.47
462.158	1466.59
462.242	1438.82
462.326	1421.37
462.41	1400.24
462.494	1413.02
462.578	1385.98
462.662	1377.63
462.746	1385.74
462.83	1381.48
462.914	1348.46
462.998	1340.35
463.082	1342.32
463.166	1336.83
463.25	1318.89
463.334	1326.43
463.417	1320.28
463.501	1307.01
463.585	1283.34
463.669	1286.86
463.753	1276.29
463.837	1273.18
463.921	1256.06
464.004	1256.22
464.088	1238.2
464.172	1225.5
464.256	1225.91
464.34	1221.49
464.424	1192.25
464.507	1189.62
464.591	1174.55
464.675	1157.35
464.759	1148.34
464.842	1151.94
464.926	1131.05
465.01	1115
465.094	1109.02
465.177	1094.43
465.261	1095.01
465.345	1089.19
465.429	1095.83
465.512	1085.59
465.596	1082.97
465.68	1063.22
465.763	1066.66
465.847	1055.36
465.931	1034.88
466.014	1022.92
466.098	1009.81
466.182	996.13
466.265	988.6
466.349	980.98
466.433	964.35
466.516	964.02
466.6	955.91
466.683	945.83
466.767	939.03
466.851	941
466.934	920.68
467.018	910.69
467.101	909.54
467.185	901.11
467.268	901.84
467.352	893.65
467.435	873.25
467.519	868.67
467.602	857.28
467.686	847.29
467.769	840.9
467.853	848.27
467.936	836.31
468.02	843.68
468.103	832.13
468.187	842.21
468.27	828.53
468.354	828.36
468.437	818.7
468.52	808.21
468.604	793.63
468.687	785.03
468.771	775.52
468.854	763.16
468.937	755.05
469.021	749.15
469.104	742.27
469.187	723.75
469.271	735.47
469.354	737.68
469.437	739.23
469.521	740.96
469.604	745.46
469.687	721.05
469.771	715.97
469.854	705.81
469.937	699.5
470.021	703.03
470.104	711.87
470.187	708.68
470.27	704.99
470.354	712.61
470.437	698.11
470.52	687.95
470.603	676.49
470.686	662.23
470.77	636.1
470.853	628.15
470.936	616.6
471.019	624.88
471.102	628.32
471.186	639.29
471.269	633.56
471.352	639.54
471.435	632
471.518	622.01
471.601	617.18
471.684	618.24
471.768	610.54
471.851	592.85
471.934	598.09
472.017	589.57
472.1	582.44
472.183	577.53
472.266	590.47
472.349	577.94
472.432	578.26
472.515	586.87
472.598	580.48
472.681	564.75
472.764	563.36
472.847	556.97
472.93	547.54
473.013	552.13
473.096	557.13
473.179	562.21
473.262	558.85
473.345	553.93
473.428	551.97
473.511	542.88
473.594	538.62
473.677	551.15
473.76	553.61
473.843	561.31
473.926	560.9
474.009	556.31
474.091	544.27
474.174	534.44
474.257	516.09
474.34	511.09
474.423	507.73
474.506	496.35
474.589	492.99
474.671	496.67
474.754	504.87
474.837	509.29
474.92	519.45
475.003	521.17
475.085	516.42
475.168	497.41
475.251	488.4
475.334	479.14
475.417	473.98
475.499	465.87
475.582	470.71
475.665	467.84
475.748	472.84
475.83	471.77
475.913	473.33
475.996	472.92
476.078	477.5
476.161	460.47
476.244	465.63
476.326	459.15
476.409	456.12
476.492	431.63
476.574	427.12
476.657	424.83
476.74	422.7
476.822	412.13
476.905	417.29
476.988	415.66
477.07	401.89
477.153	406.97
477.235	420
477.318	424.5
477.4	433.27
477.483	447.77
477.566	438.67
477.648	442.85
477.731	441.3
477.813	430.89
477.896	428.03
477.978	418.28
478.061	408.04
478.143	413.53
478.226	415.08
478.308	399.76
478.391	407.55
478.473	401.65
478.556	393.62
478.638	395.5
478.72	398.21
478.803	405.42
478.885	408.2
478.968	398.62
479.05	392.47
479.133	395.42
479.215	380.59
479.297	379.28
479.38	392.15
479.462	396.32
479.544	386.9
479.627	390.92
479.709	390.34
479.792	380.27
479.874	383.95
479.956	378.3
480.039	392.72
480.121	383.38
480.203	394.11
480.285	397.63
480.368	407.96
480.45	399.19
480.532	401.65
480.615	395.18
480.697	381.33
480.779	372.4
480.861	366.34
480.943	363.15
481.026	350.28
481.108	350.86
481.19	366.67
481.272	367.08
481.354	374.7
481.437	375.84
481.519	366.01
481.601	360.03
481.683	350.61
481.765	343.24
481.847	348.4
481.93	362.74
482.012	349.06
482.094	356.76
482.176	364.05
482.258	367.16
482.34	362
482.422	375.76
482.504	371.99
482.586	374.45
482.668	366.18
482.75	367.9
482.833	352.41
482.915	349.22
482.997	332.43
483.079	331.2
483.161	322.19
483.243	323.33
483.325	331.77
483.407	338
483.489	342.67
483.571	354.63
483.653	350.28
483.735	342.91
483.816	339.64
483.898	334.39
483.98	328.66
484.062	334.8
484.144	328.58
484.226	325.05
484.308	329.31
484.39	325.79
484.472	325.05
484.554	330.05
484.636	331.77
484.717	332.18
484.799	333.66
484.881	331.12
484.963	330.54
485.045	329.15
485.127	315.88
485.208	309
485.29	307.93
485.372	308.83
485.454	308.18
485.536	311.13
485.617	310.8
485.699	318.09
485.781	320.3
485.863	333.9
485.944	336.77
486.026	337.18
486.108	325.46
486.19	315.22
486.271	298.35
486.353	297.12
486.435	295.48
486.516	294.5
486.598	288.35
486.68	293.92
486.761	282.13
486.843	275
486.925	283.28
487.006	290.65
487.088	282.78
487.17	291.88
487.251	293.84
487.333	284.09
487.414	278.69
487.496	277.05
487.578	280.41
487.659	274.18
487.741	275.25
487.822	267.87
487.904	267.71
487.985	256.98
488.067	254.11
488.148	257.31
488.23	266.73
488.311	275.08
488.393	276.15
488.474	270.99
488.556	261.4
488.637	266.48
488.719	256.16
488.8	257.96
488.882	270.09
488.963	271.81
489.045	268.86
489.126	266.4
489.207	262.88
489.289	255.01
489.37	250.02
489.452	252.31
489.533	247.64
489.614	244.94
489.696	243.46
489.777	242.07
489.859	227.16
489.94	236.25
490.021	230.52
490.103	231.99
490.184	232.81
490.265	235.02
490.347	228.23
490.428	227.24
490.509	213.56
490.59	209.88
490.672	210.29
490.753	198.49
490.834	206.84
490.915	210.53
490.997	214.38
491.078	200.62
491.159	195.54
491.24	188.33
491.322	198.08
491.403	190.54
491.484	196.69
491.565	206.03
491.646	194.72
491.728	183.42
491.809	190.87
491.89	186.12
491.971	182.19
492.052	187.84
492.133	188.9
492.214	188.58
492.296	197.26
492.377	193.98
492.458	194.97
492.539	186.28
492.62	174.16
492.701	170.39
492.782	175.72
492.863	169.08
492.944	183.42
493.025	187.43
493.106	170.64
493.187	171.87
493.268	166.46
493.349	169.41
493.43	164.49
493.511	172.28
493.592	176.86
493.673	181.29
493.754	178.83
493.835	175.72
493.916	174.81
493.997	160.07
494.078	159.74
494.159	152.37
494.24	159.66
494.321	162.04
494.402	163.92
494.483	168.51
494.564	159.25
494.644	153.6
494.725	153.84
494.806	145.82
494.887	139.02
494.968	139.43
495.049	135.17
495.13	130.82
495.21	140.82
495.291	145.65
495.372	160.81
495.453	170.47
495.534	169.65
495.614	163.26
495.695	160.72
495.776	143.52
495.857	129.51
495.938	122.14
496.018	119.85
496.099	113.29
496.18	115.1
496.26	116.49
496.341	118.45
496.422	122.39
496.503	128.45
496.583	122.3
496.664	123.29
496.745	127.96
496.825	125.75
496.906	125.42
496.987	130.25
497.067	122.63
497.148	119.11
497.228	120.67
497.309	107.81
497.39	104.53
497.47	122.22
497.551	122.3
497.632	118.54
497.712	117.88
497.793	112.97
497.873	92.49
497.954	91.18
498.034	85.93
498.115	93.47
498.195	95.35
498.276	104.28
498.356	104.04
498.437	103.95
498.517	94.62
498.598	91.67
498.678	82.16
498.759	74.3
498.839	73.56
498.92	76.84
499	87.65
499.081	94.86
499.161	102.81
499.242	103.79
499.322	108.87
499.402	98.14
499.483	96.99
499.563	86.18
499.644	85.03
499.724	85.03
499.804	78.97
499.885	80.03
499.965	85.44
500.045	91.91
500.126	80.61
500.206	92.24
500.286	89.54
500.367	91.99
500.447	82.74
500.527	95.03
500.608	92.4
500.688	87.82
500.768	74.3
500.848	78.48
500.929	72.01
501.009	60.54
501.089	56.85
501.169	63.41
501.25	64.47
501.33	60.21
501.41	71.43
501.49	72.74
501.57	68.98
501.651	55.79
501.731	48.58
501.811	43.58
501.891	45.3
501.971	53.9
502.051	55.62
502.131	63.9
502.212	63.24
502.292	66.68
502.372	64.63
502.452	67.17
502.532	70.04
502.612	71.76
502.692	69.3
502.772	65.29
502.852	65.21
502.932	59.55
503.012	57.34
503.092	52.59
503.172	51.77
503.252	49.64
503.332	54.15
503.412	47.51
503.492	48.5
503.572	48.66
503.652	53.74
503.732	43.5
503.812	59.96
503.892	59.06
503.972	56.36
504.052	56.52
504.132	59.23
504.212	50.95
504.292	46.2
504.372	39.4
504.452	29.08
504.532	36.29
504.612	28.1
504.691	38.67
504.771	46.61
504.851	43.74
504.931	40.47
505.011	33.1
505.091	28.34
505.17	22.86
505.25	30.88
505.33	30.06
505.41	39.4
505.49	38.5
505.57	51.04
505.649	58.41
505.729	56.85
505.809	58.57
505.889	53.74
505.968	40.39
506.048	27.69
506.128	23.76
506.207	29.49
506.287	32.36
506.367	36.86
506.447	41.12
506.526	43.99
506.606	47.43
506.686	42.84
506.765	42.52
506.845	42.11
506.925	40.55
507.004	34.98
507.084	35.14
507.163	46.69
507.243	41.21
507.323	44.81
507.402	39.89
507.482	42.11
507.561	31.62
507.641	35.47
507.721	28.51
507.8	22.45
507.88	20.64
507.959	15.81
508.039	18.84
508.118	14.5
508.198	24.08
508.277	26.38
508.357	23.59
508.436	17.53
508.516	20.64
508.595	12.78
508.675	12.04
508.754	16.14
508.834	20.23
508.913	29.16
508.993	34.24
509.072	36.45
509.151	32.11
509.231	23.76
509.31	14.17
509.39	17.28
509.469	23.18
509.548	30.64
509.628	35.14
509.707	44.24
509.786	40.96
509.866	30.39
509.945	31.62
510.025	31.13
510.104	23.92
510.183	14.01
510.262	19.17
510.342	24.49
510.421	31.29
510.5	26.46
510.58	30.97
510.659	30.15
510.738	16.06
510.817	8.68
510.897	19.41
510.976	20.48
511.055	24.66
511.134	25.39
511.213	27.69
511.293	28.34
511.372	20.89
511.451	11.3
511.53	7.86
511.609	5.82
511.689	-4.75
511.768	0.74
511.847	-4.26
511.926	-6.88
512.005	-6.96
512.084	-4.51
512.163	-2.62
512.242	6.55
512.322	18.76
512.401	16.22
512.48	22.36
512.559	27.03
512.638	22.53
512.717	15.15
512.796	25.72
512.875	9.09
512.954	13.68
513.033	8.11
513.112	8.68
513.191	1.56
513.27	22.36
513.349	9.42
513.428	18.35
513.507	21.95
513.586	18.19
513.665	4.01
513.744	14.5
513.823	14.91
513.902	15.24
513.981	12.86
514.06	17.2
514.138	17.61
514.217	15.07
514.296	7.86
514.375	19.01
514.454	15.32
514.533	6.14
514.612	4.1
514.691	4.59
514.769	7.29
514.848	18.02
514.927	21.87
515.006	21.46
515.085	25.39
515.163	15.97
515.242	11.88
515.321	5.24
515.4	11.47
515.479	3.77
515.557	5.73
515.636	2.46
515.715	5.24
515.794	-0
515.872	11.3
515.951	12.94
516.03	9.01
516.108	21.05
516.187	21.46
516.266	19.41
516.344	12.45
516.423	10.98
516.502	-8.68
516.58	-4.51
516.659	-13.11
516.738	-9.5
516.816	-0.33
516.895	9.26
516.974	11.96
517.052	16.96
517.131	14.83
517.209	14.83
517.288	7.95
517.367	-1.39
517.445	-4.18
517.524	1.97
517.602	3.11
517.681	6.31
517.759	9.67
517.838	12.62
517.916	15.4
517.995	7.95
518.073	16.63
518.152	16.38
518.23	23.67
518.309	14.17
518.387	13.11
518.466	7.29
518.544	-0.98
518.623	-3.28
518.701	-3.36
518.779	1.23
518.858	-1.72
518.936	4.01
519.015	-2.38
519.093	-3.52
519.171	-5.41
519.25	-9.42
519.328	-10.81
519.407	-12.21
519.485	-2.7
519.563	-7.7
519.642	-3.11
519.72	-0.16
519.798	-0.08
519.876	-4.51
519.955	-0.74
520.033	-2.87
520.111	5.32
520.19	7.37
520.268	4.26
520.346	1.56
520.424	10.9
520.503	6.64
520.581	11.14
520.659	10.49
520.737	10.65
520.816	0.33
520.894	-8.85
520.972	-12.04
521.05	-10.81
521.128	-8.85
521.206	-11.22
521.285	-12.21
521.363	-14.34
521.441	-14.34
521.519	-12.7
521.597	-6.64
521.675	-3.03
521.753	2.95
521.832	1.47
521.91	-5.49
521.988	-6.72
522.066	-4.59
522.144	-9.34
522.222	-8.68
522.3	-11.96
522.378	-9.67
522.456	-6.8
522.534	-13.43
522.612	-9.34
522.69	-6.72
522.768	-17.78
522.846	-21.14
522.924	-14.09
523.002	-25.64
523.08	-17.04
523.158	-1.06
523.236	-8.19
523.314	-13.52
523.392	2.87
523.47	6.96
523.548	-9.09
523.626	-2.21
523.704	-3.6
523.781	-15.81
523.859	-20.15
523.937	-23.59
524.015	-24.82
524.093	-22.77
524.171	-12.7
524.249	-9.91
524.327	-2.54
524.404	-7.29
524.482	5.9
524.56	1.39
524.638	-6.72
524.716	-4.42
524.793	6.72
524.871	-6.8
524.949	-18.1
525.027	-19.41
525.104	-10.73
525.182	-10.73
525.26	0.49
525.338	2.38
525.415	4.1
525.493	0.41
525.571	-6.23
525.649	-13.76
525.726	-14.01
525.804	-2.46
525.882	-6.14
525.959	-4.42
526.037	-5.65
526.115	-2.38
526.192	-12.86
526.27	-18.92
526.347	-20.32
526.425	-10.9
526.503	-15.56
526.58	-16.38
526.658	-17.37
526.736	-26.87
526.813	-22.94
526.891	-11.71
526.968	-10.98
527.046	-5
527.123	3.93
527.201	-5.08
527.278	-9.91
527.356	-5.9
527.433	-7.21
527.511	-11.8
527.588	-9.83
527.666	-11.06
527.743	-9.99
527.821	-1.97
527.898	-6.88
527.976	-6.8
528.053	-12.04
528.131	-20.56
528.208	-25.15
528.285	-7.45
528.363	-13.35
528.44	-9.09
528.518	-0
528.595	-3.93
528.672	-19.74
528.75	-27.03
528.827	-22.04
528.905	-25.64
528.982	-20.15
529.059	-17.04
529.137	-17.45
529.214	-21.87
529.291	-26.46
529.369	-20.32
529.446	-10.08
529.523	-2.54
529.6	-3.36
529.678	1.47
529.755	-5.16
529.832	-9.58
529.909	-3.44
529.987	-1.31
530.064	-3.93
530.141	-0.49
530.218	10.65
530.296	8.68
530.373	9.91
530.45	7.86
530.527	-2.46
530.604	-12.29
530.681	-16.38
530.759	-18.12
530.836	-15.02
