198.396	-6.35
198.5	-5.63
198.604	-2.99
198.708	-2.99
198.812	-7.82
198.916	-1.11
199.02	-5.53
199.125	-3.07
199.229	-5.94
199.333	8.4
199.437	2.58
199.541	10.69
199.645	3.15
199.749	1.19
199.853	-1.02
199.957	0.12
200.061	-2.25
200.165	5.2
200.269	12.74
200.373	4.87
200.477	4.63
200.581	9.63
200.685	-0.7
200.789	-5.45
200.893	-6.84
200.996	-12.25
201.1	-15.28
201.204	-4.46
201.308	-7.41
201.412	6.92
201.516	18.64
201.62	13.48
201.724	14.05
201.828	14.79
201.932	2.25
202.035	-3.89
202.139	-5.04
202.243	-16.92
202.347	-11.92
202.451	-11.1
202.555	-16.02
202.659	-8.56
202.762	4.46
202.866	1.19
202.97	10.12
203.074	17.65
203.178	21.26
203.281	12.25
203.385	14.05
203.489	5.61
203.593	4.96
203.697	0.12
203.8	9.54
203.904	10.12
204.008	9.54
204.112	3.32
204.215	5.69
204.319	4.05
204.423	13.07
204.527	14.13
204.63	15.28
204.734	11.76
204.838	3.65
204.941	-7.82
205.045	-3.4
205.149	11.35
205.252	8.72
205.356	14.79
205.46	13.31
205.563	2.09
205.667	-16.67
205.771	-7.33
205.874	-12.74
205.978	-11.02
206.082	-5.53
206.185	-2.83
206.289	-11.35
206.392	-13.97
206.496	-7
206.6	-10.28
206.703	-3.4
206.807	8.64
206.91	17.49
207.014	12.41
207.117	18.72
207.221	18.47
207.324	5.45
207.428	1.76
207.531	-1.19
207.635	-10.04
207.739	-10.2
207.842	-15.36
207.946	-13.56
208.049	-10.77
208.153	5.28
208.256	-2.74
208.359	-10.61
208.463	-15.44
208.566	-22.73
208.67	-34.86
208.773	-32.81
208.877	-23.8
208.98	-26.09
209.084	-20.11
209.187	-13.31
209.29	-15.52
209.394	-8.97
209.497	-5.45
209.601	-0.2
209.704	-0.94
209.807	10.94
209.911	6.84
210.014	9.95
210.118	3.4
210.221	7.09
210.324	-3.07
210.428	-6.27
210.531	-12.9
210.634	-8.15
210.738	-16.67
210.841	-9.79
210.944	-13.64
211.048	-9.13
211.151	-8.89
211.254	-7.41
211.357	-12.98
211.461	5.86
211.564	10.94
211.667	11.35
211.77	16.42
211.874	11.51
211.977	6.68
212.08	-0.7
212.183	-6.27
212.287	-4.71
212.39	1.76
212.493	1.19
212.596	7.41
212.7	10.28
212.803	-1.02
212.906	-1.43
213.009	-10.94
213.112	-17.49
213.215	-15.28
213.319	-8.81
213.422	-7.82
213.525	5.53
213.628	14.95
213.731	14.13
213.834	27.16
213.937	20.93
214.041	20.11
214.144	17.08
214.247	20.03
214.35	4.96
214.453	5.69
214.556	-0.53
214.659	-10.04
214.762	-12.82
214.865	-8.56
214.968	-7.41
215.071	-5.69
215.174	-4.96
215.277	-0.61
215.38	0.37
215.483	3.15
215.586	1.6
215.689	4.55
215.792	1.68
215.895	-5.78
215.998	-9.54
216.101	-8.23
216.204	1.68
216.307	5.2
216.41	9.95
216.513	7.82
216.616	10.36
216.719	1.84
216.822	-1.27
216.925	-10.77
217.028	-8.48
217.131	-24.04
217.234	-17.08
217.337	-33.22
217.44	-26.66
217.542	-22.24
217.645	-8.72
217.748	-20.03
217.851	-5.45
217.954	-6.35
218.057	-13.23
218.16	-10.85
218.263	-3.81
218.365	1.19
218.468	2.58
218.571	15.2
218.674	14.38
218.777	15.44
218.879	10.85
218.982	13.97
219.085	4.55
219.188	2.66
219.291	-1.43
219.393	-2.66
219.496	-4.46
219.599	-9.87
219.702	-9.79
219.804	-12.33
219.907	-14.38
220.01	-13.15
220.113	1.27
220.215	5.2
220.318	6.18
220.421	6.35
220.523	4.79
220.626	4.3
220.729	-2.83
220.831	-0.7
220.934	0.78
221.037	-2.42
221.139	-3.97
221.242	-0.45
221.345	-0.29
221.447	1.93
221.55	1.27
221.653	-1.11
221.755	1.19
221.858	3.73
221.96	-0.61
222.063	5.78
222.166	4.38
222.268	-2.33
222.371	2.33
222.473	3.65
222.576	-5.04
222.679	-1.27
222.781	-10.2
222.884	-25.6
222.986	-28.3
223.089	-28.63
223.191	-39.77
223.294	-37.97
223.396	-26.5
223.499	-18.31
223.601	-6.27
223.704	-1.84
223.806	8.89
223.909	9.71
224.011	13.07
224.114	6.76
224.216	6.59
224.319	4.87
224.421	-7.5
224.523	-14.79
224.626	-14.54
224.728	-15.61
224.831	-13.39
224.933	-6.18
225.036	-3.07
225.138	6.02
225.24	13.31
225.343	8.31
225.445	5.94
225.547	3.65
225.65	-1.52
225.752	-1.6
225.855	10.53
225.957	12.9
226.059	12.9
226.162	6.35
226.264	6.84
226.366	-0.94
226.469	-7
226.571	-4.79
226.673	-3.73
226.775	-3.65
226.878	-6.27
226.98	-0.7
227.082	-5.04
227.185	-5.28
227.287	-13.8
227.389	-6.76
227.491	-1.93
227.594	-5.12
227.696	-5.04
227.798	-6.1
227.9	-11.02
228.002	-19.21
228.105	-11.43
228.207	-6.02
228.309	2.42
228.411	3.48
228.513	12.41
228.616	11.84
228.718	9.95
228.82	19.21
228.922	15.52
229.024	17.98
229.126	10.53
229.228	12.25
229.331	5.04
229.433	22.08
229.535	16.42
229.637	17
229.739	16.92
229.841	7.58
229.943	1.27
230.045	6.68
230.147	20.11
230.249	23.88
230.352	24.29
230.454	-54.35
230.556	-62.63
230.658	-72.7
230.76	-85.97
230.862	-77.29
230.964	-9.13
231.066	-7.09
231.168	-0.78
231.27	6.43
231.372	0.45
231.474	1.76
231.576	5.12
231.678	-1.43
231.78	-1.11
231.882	1.76
231.984	4.55
232.086	5.78
232.187	5.94
232.289	-1.6
232.391	-2.91
232.493	-5.04
232.595	-1.93
232.697	0.53
232.799	-4.63
232.901	3.48
233.003	8.48
233.105	2.5
233.207	10.69
233.308	21.67
233.41	11.84
233.512	2.5
233.614	5.53
233.716	-4.14
233.818	-10.44
233.919	-10.69
234.021	-12.74
234.123	-6.43
234.225	-6.92
234.327	-3.56
234.428	1.93
234.53	9.3
234.632	-5.12
234.734	-4.22
234.836	4.71
234.937	1.52
235.039	1.6
235.141	5.28
235.243	-6.76
235.344	-7.74
235.446	-7.09
235.548	-10.77
235.649	-10.61
235.751	5.53
235.853	3.65
235.955	-2.66
236.056	4.79
236.158	2.58
236.26	-0.94
236.361	-6.68
236.463	-0.45
236.565	-4.46
236.666	-6.1
236.768	0.12
236.87	14.79
236.971	4.71
237.073	1.43
237.174	12
237.276	9.95
237.378	-6.59
237.479	-9.79
237.581	-9.13
237.682	-11.26
237.784	-11.26
237.885	-20.03
237.987	-1.68
238.089	0.7
238.19	-2.83
238.292	-1.6
238.393	4.63
238.495	-2.25
238.596	-7.58
238.698	-9.87
238.799	-16.51
238.901	-15.52
239.002	-14.87
239.104	-14.21
239.205	-17.08
239.307	-22.32
239.408	-14.13
239.51	-18.31
239.611	-10.04
239.713	-9.63
239.814	-6.76
239.915	-3.48
240.017	11.92
240.118	8.23
240.22	17.49
240.321	13.97
240.422	12.74
240.524	-9.38
240.625	-7.91
240.727	-12.08
240.828	-4.38
240.929	-4.22
241.031	8.31
241.132	-5.2
241.233	-2.91
241.335	-2.91
241.436	-11.59
241.537	-14.13
241.639	-7.74
241.74	-10.77
241.841	-11.92
241.943	-10.2
242.044	-2.17
242.145	9.95
242.246	17.82
242.348	20.85
242.449	19.7
242.55	17.49
242.652	17.74
242.753	-0.29
242.854	-17
242.955	2.58
243.056	5.37
243.158	-7.74
243.259	-3.4
243.36	5.28
243.461	-22.24
243.562	-22.65
243.664	-6.18
243.765	-6.92
243.866	-7.66
243.967	8.97
244.068	0.53
244.169	-6.35
244.271	-6.76
244.372	2.33
244.473	-0.45
244.574	8.64
244.675	4.22
244.776	11.35
244.877	10.77
244.978	7.5
245.08	2.09
245.181	-5.28
245.282	4.38
245.383	6.43
245.484	5.04
245.585	1.68
245.686	9.46
245.787	-1.52
245.888	-7.82
245.989	-4.3
246.09	-7.58
246.191	-9.3
246.292	4.3
246.393	3.81
246.494	5.69
246.595	25.68
246.696	24.29
246.797	9.71
246.898	3.48
246.999	7.09
247.1	-10.94
247.201	-15.69
247.302	-9.22
247.403	-2.33
247.504	-10.44
247.605	-17.41
247.705	-10.12
247.806	-16.83
247.907	-23.63
248.008	-24.53
248.109	-5.2
248.21	-5.12
248.311	-7.33
248.412	2.42
248.513	3.15
248.613	-5.37
248.714	-9.95
248.815	-2.17
248.916	-6.68
249.017	-4.96
249.118	-4.87
249.218	1.68
249.319	0.12
249.42	2.17
249.521	0.7
249.622	4.55
249.722	8.72
249.823	11.1
249.924	13.07
250.025	15.77
250.125	9.22
250.226	-2.25
250.327	-6.18
250.428	-11.02
250.528	-11.02
250.629	-5.86
250.73	-0.29
250.83	9.54
250.931	11.18
251.032	12.33
251.133	5.61
251.233	-5.12
251.334	-11.84
251.435	-13.31
251.535	-20.36
251.636	-20.85
251.736	-12.82
251.837	-13.8
251.938	-4.96
252.038	-1.35
252.139	5.86
252.24	7.82
252.34	4.87
252.441	-7.33
252.541	-16.26
252.642	-13.97
252.743	-11.35
252.843	-19.78
252.944	-16.75
253.044	-18.39
253.145	-25.44
253.245	-28.22
253.346	-12.33
253.446	-12.49
253.547	-3.32
253.647	-1.52
253.748	3.07
253.848	-0.61
253.949	1.84
254.049	-3.65
254.15	-2.74
254.25	-6.51
254.351	-10.12
254.451	-12.25
254.552	-9.63
254.652	-3.97
254.753	-4.22
254.853	-5.45
254.954	-4.22
255.054	-6.1
255.154	-16.83
255.255	-14.05
255.355	-11.92
255.456	-9.79
255.556	-3.32
255.656	1.02
255.757	-3.32
255.857	-11.43
255.957	-12.16
256.058	-12.33
256.158	-18.39
256.258	-18.8
256.359	-14.13
256.459	-1.93
256.559	-1.27
256.66	0.45
256.76	7.17
256.86	10.61
256.961	-1.93
257.061	-1.02
257.161	9.54
257.261	11.67
257.362	18.39
257.462	15.77
257.562	15.03
257.662	-2.5
257.763	-11.26
257.863	-12.82
257.963	-6.68
258.063	-12.33
258.164	-4.87
258.264	3.32
258.364	-6.18
258.464	-9.22
258.564	2.58
258.665	4.79
258.765	-6.76
258.865	-0.45
258.965	-6.76
259.065	-22.57
259.165	-24.29
259.265	-15.69
259.366	-17.98
259.466	-8.72
259.566	-2.42
259.666	-6.68
259.766	-10.28
259.866	-11.51
259.966	-10.61
260.066	-11.76
260.166	-10.53
260.266	-15.28
260.366	-21.5
260.467	-30.27
260.567	-22.81
260.667	-7.74
260.767	5.28
260.867	14.29
260.967	17.08
261.067	14.79
261.167	12.33
261.267	2.74
261.367	5.12
261.467	3.32
261.567	0.12
261.667	-6.02
261.767	-1.52
261.867	-14.54
261.967	-9.79
262.066	-3.56
262.166	-4.79
262.266	-1.76
262.366	7.5
262.466	10.85
262.566	2.5
262.666	-6.84
262.766	-11.59
262.866	-8.81
262.966	-13.8
263.066	-7.33
263.165	-1.43
263.265	-6.1
263.365	-5.61
263.465	-3.48
263.565	-6.02
263.665	-4.38
263.764	-9.79
263.864	-12.49
263.964	-16.67
264.064	-18.8
264.164	-9.79
264.263	-3.89
264.363	-0.78
264.463	12.74
264.563	24.04
264.663	19.29
264.762	14.29
264.862	9.95
264.962	-3.07
265.062	-17.65
265.161	-15.93
265.261	-5.2
265.361	-2.17
265.46	-3.4
265.56	1.43
265.66	7.33
265.76	7.66
265.859	1.19
265.959	5.28
266.059	3.4
266.158	-0.86
266.258	-3.15
266.358	-3.56
266.457	-6.1
266.557	-1.6
266.657	-0.29
266.756	4.22
266.856	22.16
266.955	29.2
267.055	19.95
267.155	8.15
267.254	-0.04
267.354	-9.87
267.453	-15.69
267.553	-2.58
267.652	-1.6
267.752	2.42
267.852	-1.76
267.951	-2.91
268.051	-2.99
268.15	4.22
268.25	5.04
268.349	2.33
268.449	-1.02
268.548	0.04
268.648	4.22
268.747	9.13
268.847	9.46
268.946	14.79
269.046	12.98
269.145	4.71
269.244	5.53
269.344	9.63
269.443	6.68
269.543	1.27
269.642	4.63
269.742	-4.22
269.841	-7.82
269.94	-1.93
270.04	-7
270.139	0.37
270.239	-2.83
270.338	-2.66
270.437	-7.41
270.537	0.61
270.636	-2.5
270.735	6.84
270.835	-1.84
270.934	2.17
271.033	-11.1
271.133	-16.42
271.232	-23.63
271.331	-11.92
271.431	-14.05
271.53	0.53
271.629	7
271.729	13.23
271.828	12.82
271.927	10.85
272.026	3.97
272.126	-9.13
272.225	-7.41
272.324	-6.43
272.423	-6.35
272.523	-5.04
272.622	-4.96
272.721	-16.59
272.82	-11.84
272.919	-7.25
273.019	-7
273.118	2.01
273.217	8.48
273.316	-2.25
273.415	-7.99
273.514	-9.95
273.614	-22.98
273.713	-19.13
273.812	-11.43
273.911	2.17
274.01	6.84
274.109	17.16
274.208	16.83
274.307	14.87
274.407	14.05
274.506	7.58
274.605	14.21
274.704	10.85
274.803	6.02
274.902	-19.13
275.001	-7.91
275.1	-13.89
275.199	-14.7
275.298	-17.57
275.397	5.28
275.496	-3.07
275.595	-7.99
275.694	-8.23
275.793	-7.25
275.892	-11.84
275.991	-8.15
276.09	-0.78
276.189	4.71
276.288	10.61
276.387	13.48
276.486	24.29
276.585	16.67
276.684	11.84
276.783	3.32
276.882	0.2
276.981	-17.24
277.08	-16.42
277.178	-15.44
277.277	-2.83
277.376	-11.51
277.475	-2.33
277.574	2.42
277.673	-6.02
277.772	-7.33
277.871	2.01
277.969	-2.17
278.068	7.91
278.167	13.8
278.266	5.37
278.365	-0.53
278.464	3.56
278.562	-9.71
278.661	-11.51
278.76	-4.55
278.859	3.65
278.958	1.52
279.056	0.86
279.155	6.76
279.254	2.25
279.353	-5.94
279.451	-4.71
279.55	-0.86
279.649	-1.11
279.748	2.33
279.846	-1.84
279.945	-10.12
280.044	-15.03
280.142	-8.31
280.241	-16.02
280.34	-23.47
280.438	-18.88
280.537	-12.82
280.636	-21.34
280.734	-12.33
280.833	10.77
280.932	6.84
281.03	7.74
281.129	8.97
281.228	0.2
281.326	-6.18
281.425	1.6
281.523	7.25
281.622	18.8
281.721	32.07
281.819	28.96
281.918	21.09
282.016	15.28
282.115	7.41
282.213	-3.81
282.312	0.12
282.41	3.89
282.509	7.09
282.607	0.29
282.706	7.91
282.805	11.1
282.903	7.41
283.002	6.51
283.1	11.67
283.198	13.23
283.297	4.38
283.395	6.76
283.494	-7.82
283.592	-12
283.691	-16.83
283.789	-6.59
283.888	-2.58
283.986	3.65
284.085	-8.97
284.183	1.68
284.281	-5.28
284.38	-1.02
284.478	-1.19
284.576	12.98
284.675	-6.68
284.773	-5.61
284.872	-6.59
284.97	-2.58
285.068	-9.79
285.167	-2.91
285.265	2.01
285.363	6.27
285.462	4.14
285.56	9.54
285.658	8.48
285.757	13.07
285.855	5.78
285.953	1.76
286.051	0.61
286.15	-0.86
286.248	-17.16
286.346	-15.52
286.444	-7.82
286.543	-5.04
286.641	-7.09
286.739	7.58
286.837	7.99
286.936	2.83
287.034	7.41
287.132	16.34
287.23	9.71
287.328	7.74
287.427	18.47
287.525	7.91
287.623	9.22
287.721	13.07
287.819	7.17
287.917	0.2
288.016	8.07
288.114	0.7
288.212	1.27
288.31	5.04
288.408	7.82
288.506	4.46
288.604	0.29
288.702	-10.28
288.8	-16.59
288.899	-16.02
288.997	-18.39
289.095	-16.1
289.193	-29.29
289.291	-21.18
289.389	-22.98
289.487	-26.34
289.585	-17.65
289.683	-1.27
289.781	-0.04
289.879	-5.37
289.977	5.45
290.075	0.12
290.173	5.61
290.271	2.09
290.369	5.12
290.467	-6.43
290.565	-10.36
290.663	-26.09
290.761	-33.71
290.859	-38.71
290.957	-33.71
291.055	-32.64
291.152	-14.13
291.25	-0.12
291.348	5.69
291.446	5.69
291.544	18.96
291.642	14.29
291.74	5.12
291.838	3.07
291.936	4.46
292.033	-6.18
292.131	-12.66
292.229	-2.09
292.327	-7.5
292.425	-7.66
292.523	-14.13
292.62	-16.02
292.718	-17.57
292.816	-14.95
292.914	-15.28
293.012	-6.68
293.109	0.29
293.207	-5.61
293.305	2.5
293.403	1.76
293.5	6.76
293.598	0.45
293.696	7.5
293.794	2.33
293.891	-4.3
293.989	-11.1
294.087	-10.2
294.185	-17.82
294.282	-6.76
294.38	-5.2
294.478	-2.17
294.575	-4.63
294.673	-5.2
294.771	-17.98
294.868	-16.42
294.966	-16.83
295.064	-9.05
295.161	-10.2
295.259	-4.22
295.356	3.81
295.454	6.84
295.552	11.18
295.649	18.47
295.747	22.57
295.844	26.75
295.942	26.34
296.04	17.82
296.137	12.16
296.235	4.22
296.332	1.93
296.43	2.01
296.527	5.28
296.625	-0.61
296.722	-3.15
296.82	-4.14
296.917	1.27
297.015	2.25
297.112	10.85
297.21	23.31
297.307	20.44
297.405	3.56
297.502	3.48
297.6	4.05
297.697	-12.9
297.795	-11.1
297.892	-6.27
297.99	1.76
298.087	-1.68
298.184	2.83
298.282	-2.74
298.379	8.89
298.477	-7.17
298.574	-9.71
298.671	-15.52
298.769	-0.12
298.866	-12.98
298.964	-13.72
299.061	-6.76
299.158	-1.93
299.256	-12.74
299.353	6.18
299.45	8.23
299.548	11.1
299.645	29.86
299.742	33.05
299.839	17.74
299.937	19.54
300.034	20.6
300.131	-0.86
300.229	-2.42
300.326	-4.38
300.423	-2.09
300.52	-5.86
300.618	-3.32
300.715	-11.92
300.812	-17.08
300.909	-13.07
301.006	-16.75
301.104	-11.84
301.201	-12.08
301.298	-2.33
301.395	-11.26
301.492	-3.81
301.59	1.52
301.687	6.59
301.784	-0.7
301.881	1.43
301.978	-5.2
302.075	-10.53
302.173	-12.66
302.27	-4.22
302.367	0.12
302.464	-0.7
302.561	-4.79
302.658	-9.3
302.755	-20.11
302.852	-12.49
302.949	-12.82
303.046	-6.51
303.143	2.42
303.24	8.81
303.338	4.38
303.435	7.91
303.532	8.97
303.629	10.94
303.726	9.95
303.823	5.69
303.92	-12.49
304.017	-16.26
304.114	-21.91
304.211	-21.01
304.308	-17.33
304.405	-3.32
304.502	-12.9
304.599	-4.79
304.695	0.94
304.792	-5.12
304.889	-4.71
304.986	-1.43
305.083	-5.28
305.18	-11.1
305.277	-12.66
305.374	-10.85
305.471	-10.28
305.568	-15.28
305.665	-5.28
305.761	-1.02
305.858	1.52
305.955	-6.35
306.052	-11.02
306.149	-11.1
306.246	-3.89
306.343	-3.56
306.439	7.33
306.536	12.33
306.633	13.72
306.73	10.94
306.827	10.2
306.923	17.33
307.02	17.08
307.117	11.92
307.214	4.96
307.31	5.45
307.407	-6.1
307.504	-1.84
307.601	-7.66
307.697	-9.13
307.794	-18.15
307.891	-7.99
307.988	-7.25
308.084	-5.69
308.181	-5.94
308.278	2.58
308.374	-0.2
308.471	-3.81
308.568	-0.94
308.664	5.53
308.761	2.5
308.858	8.23
308.954	8.31
309.051	4.38
309.147	-6.68
309.244	-6.68
309.341	-9.63
309.437	-11.26
309.534	-18.8
309.63	-9.71
309.727	-6.68
309.824	-13.72
309.92	-20.11
310.017	-20.6
310.113	-20.68
310.21	-26.42
310.306	-18.64
310.403	-11.59
310.499	2.74
310.596	-1.6
310.693	10.77
310.789	11.26
310.886	12.49
310.982	10.85
311.078	22.98
311.175	18.55
311.271	14.05
311.368	23.39
311.464	14.7
311.561	1.43
311.657	4.63
311.754	1.84
311.85	-11.84
311.947	-14.13
312.043	-14.54
312.139	-20.36
312.236	-16.92
312.332	-10.53
312.429	7.66
312.525	1.84
312.621	-5.61
312.718	-6.84
312.814	-16.02
312.91	-8.48
313.007	5.86
313.103	4.79
313.199	4.3
313.296	6.51
313.392	-18.96
313.488	-19.46
313.585	-20.52
313.681	-27.48
313.777	-21.26
313.873	-21.26
313.97	-26.42
314.066	-20.85
314.162	-14.13
314.259	-25.35
314.355	-16.59
314.451	-9.95
314.547	-4.05
314.643	0.53
314.74	11.02
314.836	11.51
314.932	11.35
315.028	10.69
315.124	2.66
315.221	9.22
315.317	11.1
315.413	2.5
315.509	7.58
315.605	4.63
315.701	-0.37
315.798	-1.11
315.894	5.12
315.99	-15.2
316.086	-7.58
316.182	-7.41
316.278	-21.01
316.374	-21.18
316.47	-5.69
316.566	-1.93
316.662	-6.76
316.759	1.6
316.855	-5.45
316.951	-5.37
317.047	-13.23
317.143	-13.97
317.239	-3.4
317.335	-0.53
317.431	-7.41
317.527	-2.91
317.623	5.28
317.719	-7.58
317.815	0.12
317.911	1.6
318.007	4.3
318.103	3.4
318.199	18.15
318.295	11.84
318.391	15.61
318.487	4.3
318.582	1.11
318.678	-6.59
318.774	1.84
318.87	-0.29
318.966	9.63
319.062	6.02
319.158	-3.07
319.254	-5.53
319.35	-0.04
319.446	-1.93
319.541	1.02
319.637	7.82
319.733	9.22
319.829	-4.38
319.925	-6.92
320.021	5.78
320.116	10.94
320.212	13.07
320.308	26.09
320.404	31.66
320.5	18.15
320.595	7.66
320.691	-5.53
320.787	-14.54
320.883	-21.59
320.978	-23.06
321.074	-10.61
321.17	-10.53
321.266	3.15
321.361	3.89
321.457	4.22
321.553	-8.07
321.649	-6.43
321.744	-18.88
321.84	-17.57
321.936	-12.9
322.031	-6.43
322.127	2.25
322.223	0.86
322.318	0.7
322.414	-1.27
322.51	-14.46
322.605	-16.75
322.701	-9.71
322.796	-11.51
322.892	-11.35
322.988	5.94
323.083	-1.6
323.179	-8.81
323.274	-2.17
323.37	-11.59
323.466	-27.65
323.561	-33.63
323.657	-38.54
323.752	-36.41
323.848	-22.65
323.943	-6.43
324.039	5.12
324.134	13.07
324.23	14.87
324.325	5.69
324.421	-3.4
324.516	-3.07
324.612	-6.51
324.707	-13.07
324.803	-5.37
324.898	-6.35
324.994	-14.87
325.089	-16.42
325.185	-16.26
325.28	-23.8
325.375	-22.08
325.471	-14.79
325.566	-11.18
325.662	-18.47
325.757	-5.69
325.853	0.12
325.948	1.11
326.043	-1.35
326.139	4.05
326.234	1.6
326.329	6.35
326.425	12.16
326.52	12.74
326.615	14.62
326.711	3.97
326.806	-4.38
326.901	-17.33
326.997	-16.59
327.092	-16.26
327.187	-9.54
327.283	-0.86
327.378	7.91
327.473	14.79
327.568	18.64
327.664	18.06
327.759	14.05
327.854	9.3
327.949	10.85
328.045	6.92
328.14	-0.45
328.235	-1.43
328.33	-5.2
328.425	-5.53
328.521	-10.36
328.616	-3.32
328.711	-12.9
328.806	-8.64
328.901	-19.62
328.996	-13.48
329.092	-8.23
329.187	-1.52
329.282	-3.73
329.377	-0.37
329.472	-1.84
329.567	-8.07
329.662	-13.23
329.757	-8.97
329.853	-1.43
329.948	-2.33
330.043	3.48
330.138	4.87
330.233	6.02
330.328	2.25
330.423	6.51
330.518	2.5
330.613	10.12
330.708	4.87
330.803	11.51
330.898	7.91
330.993	15.61
331.088	10.61
331.183	12
331.278	11.67
331.373	5.86
331.468	-3.65
331.563	6.92
331.658	7.82
331.753	4.79
331.848	10.69
331.943	6.59
332.038	-5.04
332.133	-7.66
332.227	-6.68
332.322	-13.8
332.417	-16.26
332.512	-9.05
332.607	-5.28
332.702	-8.89
332.797	-0.7
332.892	6.84
332.987	5.28
333.081	4.55
333.176	8.56
333.271	3.48
333.366	2.66
333.461	2.42
333.556	0.45
333.65	-8.48
333.745	2.01
333.84	-4.79
333.935	-18.47
334.029	-16.02
334.124	-12.57
334.219	-15.11
334.314	-12.41
334.409	-3.48
334.503	-11.1
334.598	-12.25
334.693	-21.67
334.787	-19.37
334.882	-12.41
334.977	2.5
335.072	-4.63
335.166	-3.65
335.261	-1.6
335.356	-11.51
335.45	-20.93
335.545	-17.41
335.64	-14.38
335.734	-12.08
335.829	-3.24
335.924	4.87
336.018	6.1
336.113	3.4
336.207	-1.35
336.302	-6.92
336.397	-14.29
336.491	-19.78
336.586	-17.24
336.68	-16.26
336.775	-15.77
336.869	-9.95
336.964	-2.33
337.059	-7.99
337.153	-2.42
337.248	1.6
337.342	-1.19
337.437	-3.24
337.531	4.96
337.626	8.56
337.72	4.71
337.815	2.66
337.909	11.67
338.004	11.51
338.098	-2.66
338.193	-4.3
338.287	-2.99
338.381	-15.93
338.476	-18.8
338.57	-9.46
338.665	-20.52
338.759	-20.19
338.854	-16.18
338.948	-10.12
339.042	-13.97
339.137	7.91
339.231	15.03
339.326	14.46
339.42	10.36
339.514	7.91
339.609	-5.78
339.703	-3.97
339.797	0.86
339.892	4.05
339.986	9.38
340.08	17.24
340.175	1.6
340.269	-6.76
340.363	-16.75
340.457	-13.97
340.552	-21.67
340.646	-15.77
340.74	-13.64
340.835	-13.97
340.929	-17.16
341.023	-9.46
341.117	-6.18
341.212	-6.43
341.306	-5.94
341.4	-3.32
341.494	-2.66
341.588	-8.15
341.683	4.71
341.777	8.89
341.871	17
341.965	10.04
342.059	20.85
342.153	11.1
342.248	9.95
342.342	-4.05
342.436	-0.53
342.53	-10.12
342.624	-3.89
342.718	-9.46
342.812	-2.33
342.906	-9.05
343.001	0.61
343.095	-3.81
343.189	9.79
343.283	-5.2
343.377	5.37
343.471	-6.84
343.565	-0.78
343.659	-11.43
343.753	4.22
343.847	6.1
343.941	7.41
344.035	-6.02
344.129	1.93
344.223	-5.69
344.317	-13.07
344.411	-16.1
344.505	1.19
344.599	-0.2
344.693	-4.22
344.787	-8.56
344.881	-2.01
344.975	-11.51
345.069	-2.25
345.163	3.32
345.257	8.81
345.351	6.92
345.444	12.49
345.538	0.04
345.632	-9.22
345.726	-4.38
345.82	-0.78
345.914	-4.71
346.008	0.86
346.102	6.1
346.195	3.89
346.289	-1.19
346.383	0.94
346.477	0.61
346.571	9.46
346.665	3.65
346.758	5.45
346.852	2.09
346.946	9.05
347.04	-1.35
347.133	6.68
347.227	4.63
347.321	4.14
347.415	-9.63
347.509	-5.37
347.602	-5.04
347.696	0.04
347.79	-1.19
347.883	8.72
347.977	5.12
348.071	1.76
348.165	-1.52
348.258	1.02
348.352	2.58
348.446	9.46
348.539	12.08
348.633	20.52
348.727	19.54
348.82	12
348.914	14.54
349.007	16.59
349.101	14.54
349.195	18.88
349.288	21.91
349.382	20.77
349.476	4.38
349.569	-1.68
349.663	-8.56
349.756	-13.64
349.85	-19.87
349.943	-7.58
350.037	-12.25
350.13	-7.58
350.224	-11.35
350.318	-8.07
350.411	-14.29
350.505	-2.83
350.598	-3.4
350.692	10.04
350.785	8.07
350.879	5.04
350.972	9.87
351.066	7.74
351.159	6.59
351.252	12.57
351.346	19.21
351.439	15.77
351.533	17.9
351.626	4.79
351.72	-3.73
351.813	-7.41
351.906	-11.84
352	-8.97
352.093	-1.76
352.187	1.93
352.28	1.19
352.373	-3.4
352.467	-0.86
352.56	-1.11
352.653	0.61
352.747	11.92
352.84	19.05
352.933	17.41
353.027	19.37
353.12	12
353.213	6.27
353.307	-2.91
353.4	-2.99
353.493	-15.03
353.586	-2.25
353.68	-6.35
353.773	0.61
353.866	-4.79
353.96	-1.93
354.053	-13.72
354.146	-11.43
354.239	-23.96
354.332	-14.38
354.426	-12.41
354.519	-0.86
354.612	8.97
354.705	14.62
354.798	10.28
354.892	19.05
354.985	15.28
355.078	3.89
355.171	6.59
355.264	2.33
355.357	3.81
355.45	-0.86
355.544	-4.87
355.637	-3.48
355.73	-10.69
355.823	-4.3
355.916	-5.37
356.009	-1.27
356.102	-0.86
356.195	9.13
356.288	0.86
356.381	-0.7
356.474	-0.78
356.567	11.76
356.66	4.38
356.754	-15.03
356.847	-16.83
356.94	-11.35
357.033	-25.27
357.126	-16.59
357.219	-1.68
357.312	6.18
357.405	1.93
357.497	2.33
357.59	0.7
357.683	1.52
357.776	4.14
357.869	9.71
357.962	5.28
358.055	8.56
358.148	7.33
358.241	-3.07
358.334	-10.36
358.427	-6.59
358.52	-17.16
358.613	-11.1
358.705	1.43
358.798	-5.45
358.891	3.15
358.984	20.36
359.077	11.67
359.17	8.31
359.263	12.49
359.355	7.58
359.448	-10.2
359.541	-9.46
359.634	-20.03
359.727	-14.7
359.819	-14.79
359.912	-5.69
360.005	-1.11
360.098	17.16
360.19	20.03
360.283	27.73
360.376	22.81
360.469	17.49
360.561	5.86
360.654	8.48
360.747	-4.55
360.84	-0.78
360.932	1.43
361.025	1.35
361.118	-6.1
361.21	-0.04
361.303	-3.48
361.396	-5.12
361.488	-2.09
361.581	3.73
361.674	3.24
361.766	8.72
361.859	15.2
361.951	21.59
362.044	30.02
362.137	27.57
362.229	25.52
362.322	24.53
362.414	14.21
362.507	1.02
362.6	-9.79
362.692	-15.03
362.785	-22.08
362.877	-17.24
362.97	-15.93
363.062	-6.18
363.155	-2.09
363.247	0.61
363.34	1.43
363.432	-3.15
363.525	-1.43
363.617	-2.01
363.71	0.29
363.802	-9.38
363.895	-6.02
363.987	-10.04
364.08	-19.62
364.172	-32.64
364.265	-17.08
364.357	-20.27
364.449	-25.19
364.542	-12.16
364.634	3.32
364.727	-2.17
364.819	-21.5
364.911	-19.95
365.004	-20.6
365.096	-26.91
365.188	-33.96
365.281	-6.92
365.373	-3.07
365.466	-6.59
365.558	-1.52
365.65	-0.94
365.742	-5.86
365.835	-4.05
365.927	-0.45
366.019	-8.23
366.112	-13.07
366.204	-11.51
366.296	-0.7
366.389	5.04
366.481	8.89
366.573	12.57
366.665	16.34
366.758	1.68
366.85	-6.59
366.942	-0.7
367.034	3.65
367.126	1.6
367.219	2.09
367.311	1.02
367.403	0.7
367.495	-0.94
367.587	6.84
367.679	16.83
367.772	13.15
367.864	8.72
367.956	10.69
368.048	4.79
368.14	-9.05
368.232	-3.48
368.324	1.52
368.417	-6.27
368.509	-7.58
368.601	-5.37
368.693	-12.16
368.785	-11.92
368.877	-18.47
368.969	-21.91
369.061	-18.31
369.153	-8.81
369.245	-15.77
369.337	-11.43
369.429	-19.46
369.521	-17.74
369.613	-16.26
369.705	-6.35
369.797	1.43
369.889	20.03
369.981	22.81
370.073	14.05
370.165	15.85
370.257	23.88
370.349	19.7
370.441	18.06
370.533	14.95
370.625	9.63
370.717	-0.61
370.809	2.17
370.901	-3.56
370.993	-6.02
371.084	-11.43
371.176	-1.35
371.268	-10.2
371.36	-5.94
371.452	9.13
371.544	16.67
371.636	7.91
371.727	15.61
371.819	14.87
371.911	5.86
372.003	2.33
372.095	-0.61
372.187	-7.5
372.278	-11.43
372.37	-8.15
372.462	-8.23
372.554	-2.5
372.645	1.6
372.737	7
372.829	2.25
372.921	-5.78
373.012	-6.18
373.104	-15.11
373.196	-18.72
373.288	-21.18
373.379	-23.63
373.471	-22.65
373.563	-26.17
373.654	-18.96
373.746	-16.34
373.838	-12.49
373.929	-13.97
374.021	-8.15
374.113	-7.5
374.204	-3.15
374.296	-0.53
374.388	-0.2
374.479	2.25
374.571	1.76
374.662	3.32
374.754	15.93
374.846	21.18
374.937	28.38
375.029	24.13
375.12	11.51
375.212	8.4
375.304	2.5
375.395	3.15
375.487	-2.58
375.578	6.92
375.67	1.02
375.761	-3.32
375.853	-8.72
375.944	-9.13
376.036	-4.96
376.127	6.1
376.219	9.13
376.31	-0.94
376.402	4.22
376.493	3.4
376.584	-2.01
376.676	3.73
376.767	17.82
376.859	16.75
376.95	3.97
377.042	-2.01
377.133	0.04
377.224	-7.5
377.316	-4.79
377.407	9.46
377.499	13.15
377.59	4.87
377.681	4.96
377.773	-5.94
377.864	-16.92
377.955	-12.98
378.047	-12.08
378.138	-12.9
378.229	-8.64
378.321	-6.18
378.412	-7.99
378.503	-17.65
378.595	-11.92
378.686	2.33
378.777	3.56
378.868	-10.77
378.96	-0.37
379.051	-7.58
379.142	-22.08
379.233	-18.8
379.325	-6.18
379.416	-10.69
379.507	-6.51
379.598	4.71
379.689	2.01
379.781	-3.73
379.872	0.37
379.963	1.35
380.054	-7.25
380.145	6.18
380.236	4.71
380.328	7.91
380.419	-6.68
380.51	0.7
380.601	-10.94
380.692	-6.92
380.783	-4.3
380.874	1.84
380.965	-0.86
381.056	-1.68
381.148	-4.46
381.239	-16.51
381.33	-6.02
381.421	-10.28
381.512	-0.7
381.603	-4.79
381.694	2.91
381.785	3.81
381.876	12.74
381.967	-0.45
382.058	9.79
382.149	2.17
382.24	0.04
382.331	-10.36
382.422	-6.59
382.513	-10.28
382.604	5.12
382.695	2.17
382.786	5.78
382.877	15.2
382.968	10.36
383.059	1.84
383.149	0.2
383.24	0.45
383.331	-5.2
383.422	-3.32
383.513	-2.99
383.604	1.68
383.695	12.25
383.786	19.95
383.877	21.67
383.967	11.43
384.058	3.65
384.149	-1.68
384.24	-11.51
384.331	-6.59
384.421	0.7
384.512	4.87
384.603	5.37
384.694	12.08
384.785	9.05
384.875	8.07
384.966	-2.74
385.057	-4.14
385.148	-2.66
385.238	-7.58
385.329	-13.23
385.42	0.12
385.511	-11.76
385.601	-12.08
385.692	-11.76
385.783	-1.27
385.873	-4.38
385.964	6.18
386.055	-5.94
386.146	-7.09
386.236	-13.64
386.327	-9.54
386.417	-13.89
386.508	-2.5
386.599	5.04
386.689	9.38
386.78	15.69
386.871	16.26
386.961	5.53
387.052	7.91
387.142	12.82
387.233	9.46
387.324	7.82
387.414	9.79
387.505	7.74
387.595	4.71
387.686	-0.86
387.776	7.41
387.867	7.25
387.957	0.37
388.048	7.99
388.138	10.85
388.229	16.34
388.319	20.44
388.41	23.14
388.5	12.16
388.591	3.48
388.681	-8.81
388.772	0.29
388.862	0.53
388.953	5.2
389.043	7.33
389.134	7.25
389.224	-1.02
389.314	0.86
389.405	6.51
389.495	18.31
389.586	25.19
389.676	22.4
389.766	23.8
389.857	16.92
389.947	3.07
390.037	-5.2
390.128	-9.87
390.218	-20.19
390.308	-17.82
390.399	-13.31
390.489	-8.81
390.579	-0.45
390.67	9.95
390.76	9.46
390.85	8.72
390.94	6.51
391.031	-0.04
391.121	-1.52
391.211	4.71
391.301	1.93
391.392	-2.33
391.482	3.81
391.572	2.01
391.662	-0.45
391.753	-1.02
391.843	10.94
391.933	10.12
392.023	4.38
392.113	-12.57
392.204	-6.1
392.294	-13.31
392.384	-14.05
392.474	-12.66
392.564	-4.63
392.654	-0.45
392.744	1.43
392.835	-7.99
392.925	-4.87
393.015	-4.38
393.105	-2.33
393.195	-4.79
393.285	7.99
393.375	9.38
393.465	12.49
393.555	11.18
393.645	-1.11
393.735	-3.89
393.825	-4.71
393.915	-12.25
394.005	-16.34
394.095	-6.1
394.185	-5.61
394.275	-6.68
394.365	3.73
394.455	3.89
394.545	8.64
394.635	12.41
394.725	18.39
394.815	17.24
394.905	20.52
394.995	12.49
395.085	2.66
395.175	1.27
395.265	7.09
395.355	6.92
395.445	13.07
395.535	15.77
395.625	3.97
395.714	-0.2
395.804	4.22
395.894	5.28
395.984	6.76
396.074	17.24
396.164	9.13
396.254	-8.97
396.343	-10.94
396.433	-12.25
396.523	-16.18
396.613	-10.77
396.703	5.45
396.792	12.57
396.882	6.1
396.972	4.55
397.062	0.7
397.151	-6.76
397.241	-18.64
397.331	-8.31
397.421	-7.5
397.51	-8.56
397.6	-7.74
397.69	-12.49
397.78	-3.24
397.869	-3.97
397.959	3.89
398.049	4.96
398.138	12.57
398.228	-2.66
398.318	6.02
398.407	-4.05
398.497	5.94
398.587	3.73
398.676	-4.87
398.766	-18.23
398.856	-21.09
398.945	-23.96
399.035	-24.62
399.124	-13.56
399.214	-10.12
399.303	-5.53
399.393	-9.71
399.483	-19.46
399.572	-25.6
399.662	-21.01
399.751	-15.52
399.841	-23.63
399.93	-4.55
400.02	0.2
400.109	-1.35
400.199	-1.43
400.288	1.43
400.378	0.04
400.467	1.52
400.557	6.43
400.646	14.54
400.736	9.95
400.825	5.2
400.915	3.81
401.004	-8.07
401.094	-23.72
401.183	-18.96
401.272	-14.62
401.362	-9.71
401.451	2.17
401.541	7
401.63	5.86
401.719	-5.28
401.809	-4.38
401.898	-8.72
401.987	-4.05
402.077	-4.3
402.166	6.27
402.255	3.24
402.345	-0.94
402.434	-5.94
402.523	-11.59
402.613	-8.72
402.702	-11.1
402.791	-8.64
402.881	-4.3
402.97	-2.83
403.059	-14.38
403.148	-21.83
403.238	-10.94
403.327	-15.52
403.416	-19.87
403.505	-11.67
403.594	-2.42
403.684	-10.2
403.773	-8.07
403.862	5.37
403.951	7.91
404.04	7.33
404.13	10.12
404.219	11.59
404.308	8.81
404.397	0.61
404.486	2.74
404.575	-4.05
404.665	-7.58
404.754	-5.78
404.843	-1.84
404.932	-8.72
405.021	-1.6
405.11	-8.4
405.199	-10.69
405.288	-12.66
405.377	-17.57
405.466	-20.6
405.555	-12.41
405.644	-14.29
405.733	-6.43
405.823	6.1
405.912	1.52
406.001	0.2
406.09	4.79
406.179	-0.94
406.268	1.52
406.357	6.68
406.446	5.53
406.534	9.63
406.623	13.72
406.712	5.45
406.801	-2.25
406.89	-4.46
406.979	-13.97
407.068	-26.91
407.157	-23.06
407.246	-12.33
407.335	-7.33
407.424	-7.5
407.513	-0.37
407.602	2.09
407.69	-0.2
407.779	-2.09
407.868	-4.55
407.957	1.11
408.046	-8.48
408.135	-17.9
408.223	-10.12
408.312	-0.86
408.401	4.55
408.49	0.61
408.579	10.69
408.668	6.76
408.756	7.66
408.845	-9.22
408.934	4.87
409.023	2.74
409.111	-4.05
409.2	-8.64
409.289	0.78
409.378	-1.84
409.466	-1.93
409.555	0.78
409.644	4.96
409.732	2.83
409.821	-5.12
409.91	0.37
409.998	1.27
410.087	-5.12
410.176	-1.11
410.264	5.53
410.353	-7.5
410.442	-12.25
410.53	-20.19
410.619	-22.49
410.708	-22.9
410.796	-12.41
410.885	-3.97
410.973	14.7
411.062	18.8
411.151	29.04
411.239	28.63
411.328	33.14
411.416	28.14
411.505	24.45
411.593	17
411.682	15.11
411.77	2.91
411.859	-3.56
411.947	0.2
412.036	2.17
412.124	5.28
412.213	11.18
412.301	14.29
412.39	1.84
412.478	-2.83
412.567	-8.56
412.655	-6.68
412.744	-8.56
412.832	1.02
412.92	4.3
413.009	2.66
413.097	2.91
413.186	4.96
413.274	8.72
413.363	2.09
413.451	13.72
413.539	11.84
413.628	9.13
413.716	-6.76
413.804	2.09
413.893	-12.49
413.981	-14.7
414.069	-14.87
414.158	-8.89
414.246	-16.18
414.334	-8.4
414.423	-9.79
414.511	-6.35
414.599	-0.86
414.687	-10.69
414.776	-2.58
414.864	0.45
414.952	-3.56
415.04	-4.71
415.129	11.18
415.217	3.81
415.305	5.45
415.393	4.38
415.482	3.48
415.57	2.99
415.658	-0.78
415.746	-0.29
415.834	-1.43
415.922	-12.25
416.011	-21.26
416.099	-15.44
416.187	-9.87
416.275	2.74
416.363	20.6
416.451	28.14
416.539	23.47
416.628	12.66
416.716	9.79
416.804	10.2
416.892	7.09
416.98	6.84
417.068	6.1
417.156	-2.91
417.244	-7.58
417.332	-11.35
417.42	-1.6
417.508	-1.84
417.596	-2.74
417.684	-0.12
417.772	14.7
417.86	6.92
417.948	11.84
418.036	15.85
418.124	9.22
418.212	0.04
418.3	-5.2
418.388	-14.46
418.476	-9.63
418.564	-4.3
418.652	-7.17
418.74	2.74
418.828	3.65
418.916	2.58
419.004	1.84
419.091	1.93
419.179	2.58
419.267	8.48
419.355	5.69
419.443	10.44
419.531	10.36
419.619	4.14
419.706	12.98
419.794	13.07
419.882	13.72
419.97	17.33
420.058	15.61
420.146	10.04
420.233	7.82
420.321	4.63
420.409	0.86
420.497	3.15
420.584	6.51
420.672	10.36
420.76	12.66
420.848	19.54
420.935	22.4
421.023	17.49
421.111	19.05
421.199	10.04
421.286	2.25
421.374	-8.48
421.462	-10.61
421.549	-8.97
421.637	-0.61
421.725	4.79
421.812	12.57
421.9	15.11
421.988	13.15
422.075	4.87
422.163	-6.68
422.25	1.27
422.338	-6.1
422.426	-3.07
422.513	6.92
422.601	10.04
422.688	6.84
422.776	16.26
422.864	2.25
422.951	-1.19
423.039	-0.45
423.126	-13.23
423.214	-16.26
423.301	-8.64
423.389	-21.67
423.476	-11.18
423.564	1.52
423.651	-0.45
423.739	6.51
423.826	10.2
423.914	17.65
424.001	12.57
424.089	15.44
424.176	9.79
424.264	12.25
424.351	-6.59
424.438	0.86
424.526	-0.04
424.613	-4.38
424.701	-2.33
424.788	3.97
424.876	0.12
424.963	-2.91
425.05	0.61
425.138	6.51
425.225	3.89
425.312	-9.3
425.4	1.93
425.487	11.43
425.574	21.5
425.662	22.32
425.749	31.83
425.836	30.43
425.924	26.17
426.011	18.8
426.098	22.16
426.185	15.69
426.273	11.1
426.36	12.98
426.447	5.2
426.534	3.65
426.622	15.03
426.709	12.16
426.796	10.44
426.883	10.36
426.971	2.66
427.058	0.04
427.145	-1.11
427.232	7.41
427.319	3.48
427.406	19.46
427.494	20.19
427.581	24.62
427.668	16.75
427.755	35.68
427.842	35.59
427.929	36.74
428.016	40.43
428.104	40.26
428.191	37.15
428.278	39.28
428.365	44.44
428.452	44.52
428.539	49.36
428.626	47.14
428.713	46.16
428.8	49.6
428.887	44.77
428.974	39.36
429.061	43.05
429.148	41
429.235	34.12
429.322	34.45
429.409	34.69
429.496	23.72
429.583	10.94
429.67	19.37
429.757	22.57
429.844	27.89
429.931	37.15
430.018	54.93
430.105	49.44
430.192	51.08
430.279	43.54
430.366	32.4
430.453	25.19
430.539	23.14
430.626	19.29
430.713	38.22
430.8	51.98
430.887	48.13
430.974	52.14
431.061	61.64
431.147	48.05
431.234	43.38
431.321	58.69
431.408	55.5
431.495	49.93
431.582	39.53
431.668	28.71
431.755	22
431.842	15.61
431.929	24.45
432.015	43.21
432.102	50.5
432.189	44.52
432.276	55.66
432.362	60.58
432.449	47.8
432.536	59.76
432.623	68.61
432.709	59.02
432.796	48.29
432.883	61.89
432.969	55.66
433.056	57.71
433.143	75.32
433.229	76.96
433.316	69.84
433.403	85.24
433.489	88.6
433.576	85.32
433.662	90.73
433.749	89.99
433.836	74.75
433.922	60.74
434.009	60.33
434.095	57.96
434.182	66.23
434.268	72.54
434.355	91.54
434.442	98.18
434.528	104.41
434.615	101.7
434.701	112.11
434.788	105.22
434.874	102.77
434.961	97.52
435.047	111.61
435.134	114.24
435.22	125.79
435.307	131.44
435.393	140.94
435.48	142.91
435.566	135.62
435.652	135.62
435.739	134.96
435.825	138.48
435.912	131.03
435.998	131.6
436.084	139.22
436.171	139.79
436.257	142.91
436.344	148.48
436.43	161.91
436.516	157.41
436.603	160.36
436.689	158.8
436.775	157.24
436.862	157.65
436.948	153.39
437.034	166.66
437.121	179.93
437.207	185.01
437.293	180.26
437.38	195.58
437.466	201.81
437.552	201.48
437.638	204.84
437.725	210.08
437.811	210.57
437.897	200.58
437.983	200.41
438.07	212.05
438.156	219.83
438.242	233.02
438.328	248.09
438.414	253.09
438.501	256.53
438.587	254.97
438.673	281.6
438.759	277.75
438.845	283.81
438.931	286.51
439.017	311.5
439.104	291.59
439.19	297.73
439.276	296.83
439.362	302.89
439.448	291.92
439.534	288.48
439.62	291.75
439.706	309.78
439.792	317.8
439.878	323.7
439.964	320.18
440.05	328.54
440.137	319.28
440.223	319.2
440.309	324.6
440.395	337.55
440.481	335.17
440.567	340.82
440.653	344.02
440.739	355.49
440.825	360.48
440.911	372.77
440.996	376.95
441.082	387.43
441.168	387.03
441.254	393.41
441.34	402.18
441.426	415.53
441.512	410.78
441.598	416.27
441.684	421.35
441.77	414.39
441.856	421.59
441.941	444.7
442.027	452.56
442.113	456.08
442.199	475.5
442.285	478.77
442.371	481.4
442.457	482.46
442.542	504.5
442.628	505.4
442.714	507.2
442.8	502.45
442.886	521.86
442.971	520.39
443.057	531.2
443.143	541.2
443.229	559.71
443.314	568.07
443.4	573.06
443.486	593.13
443.572	610.5
443.657	613.28
443.743	613.28
443.829	624.75
443.914	618.04
444	629.26
444.086	628.77
444.171	636.88
444.257	644.99
444.343	665.39
444.428	656.21
444.514	687.42
444.6	694.55
444.685	703.72
444.771	712.49
444.857	729.36
444.942	731.9
445.028	746.48
445.113	760.74
445.199	765.9
445.285	776.06
445.37	790.64
445.456	803.91
445.541	806.12
445.627	807.35
445.712	815.46
445.798	827.83
445.883	842.33
445.969	857.81
446.054	872.64
446.14	879.36
446.225	880.83
446.311	883.21
446.396	891.56
446.482	910.4
446.567	934.16
446.653	945.96
446.738	957.59
446.823	978.4
446.909	980.94
446.994	988.96
447.08	990.03
447.165	1001.83
447.251	1008.95
447.336	1034.35
447.421	1048.6
447.507	1072.77
447.592	1082.19
447.677	1093.08
447.763	1090.95
447.848	1096.85
447.933	1109.96
448.019	1128.72
448.104	1136.5
448.189	1164.19
448.275	1183.11
448.36	1197.94
448.445	1189.09
448.53	1226.61
448.616	1229.48
448.701	1242.01
448.786	1254.46
448.872	1291.41
448.957	1273.71
449.042	1283.22
449.127	1283.22
449.212	1285.92
449.298	1283.79
449.383	1302.88
449.468	1310.58
449.553	1329.75
449.638	1335.4
449.724	1355.8
449.809	1360.22
449.894	1377.83
449.979	1386.35
450.064	1409.94
450.149	1409.62
450.234	1440.58
450.319	1453.77
450.405	1458.77
450.49	1468.27
450.575	1490.88
450.66	1494.73
450.745	1509.15
450.83	1518.57
450.915	1521.11
451	1512.59
451.085	1535.03
451.17	1533.4
451.255	1570.75
451.34	1580.99
451.425	1602.62
451.51	1603.85
451.595	1619.98
451.68	1623.67
451.765	1635.55
451.85	1645.13
451.935	1643.74
452.02	1631.94
452.105	1631.53
452.19	1642.92
452.275	1646.2
452.36	1637.68
452.445	1671.02
452.53	1704.85
452.615	1714.35
452.699	1738.77
452.784	1762.93
452.869	1778.91
452.954	1773.01
453.039	1779.23
453.124	1797.75
453.209	1812.82
453.293	1804.55
453.378	1822.16
453.463	1831.01
453.548	1845.67
453.633	1847.23
453.718	1867.13
453.802	1849.36
453.887	1878.68
453.972	1875.73
454.057	1889.25
454.141	1877.78
454.226	1906.37
454.311	1905.88
454.396	1907.11
454.48	1915.55
454.565	1950.2
454.65	1937.09
454.735	1938.32
454.819	1939.71
454.904	1952.16
454.989	1942.25
455.073	1946.59
455.158	1949.22
455.243	1942.58
455.327	1956.92
455.412	1944.71
455.497	1958.96
455.581	1947
455.666	1972.4
455.75	1944.38
455.835	1942.5
455.92	1938.16
456.004	1944.87
456.089	1925.54
456.173	1932.34
456.258	1945.94
456.343	1927.34
456.427	1939.22
456.512	1943.4
456.596	1942.58
456.681	1959.62
456.765	1976
456.85	1976
456.934	1985.92
457.019	1975.18
457.103	1966.83
457.188	1959.29
457.272	1940.86
457.357	1932.5
457.441	1938.07
457.526	1911.21
457.61	1940.37
457.694	1944.96
457.779	1925.3
457.863	1919.72
457.948	1933.08
458.032	1905.72
458.116	1887.78
458.201	1896.62
458.285	1893.1
458.37	1889.25
458.454	1902.11
458.538	1886.96
458.623	1904.49
458.707	1900.97
458.791	1890.97
458.876	1874.26
458.96	1907.03
459.044	1881.88
459.129	1876.96
459.213	1878.27
459.297	1866.4
459.381	1851.49
459.466	1826.5
459.55	1826.34
459.634	1815.28
459.718	1811.18
459.803	1795.21
459.887	1798.08
459.971	1793
460.055	1792.75
460.14	1775.96
460.224	1778.5
460.308	1775.55
460.392	1740.73
460.476	1732.54
460.56	1723.94
460.645	1708.05
460.729	1674.38
460.813	1668.23
460.897	1645.87
460.981	1608.68
461.065	1608.02
461.149	1613.51
461.233	1615.4
461.318	1608.35
461.402	1614.5
461.486	1582.38
461.57	1583.61
461.654	1576.32
461.738	1568.38
461.822	1577.14
461.906	1574.03
461.99	1554.45
462.074	1544.29
462.158	1535.36
462.242	1517.59
462.326	1506.28
462.41	1508.66
462.494	1501.61
462.578	1490.72
462.662	1479.82
462.746	1492.76
462.83	1474.74
462.914	1463.19
462.998	1459.1
463.082	1460.49
463.166	1445.74
463.25	1437.31
463.334	1423.95
463.417	1403.64
463.501	1394.54
463.585	1371.28
463.669	1374.06
463.753	1353.83
463.837	1347.11
463.921	1324.01
464.004	1321.72
464.088	1292.39
464.172	1293.95
464.256	1277.4
464.34	1267.49
464.424	1237.92
464.507	1244.63
464.591	1215.47
464.675	1219.32
464.759	1211.29
464.842	1213.67
464.926	1188.68
465.01	1190.89
465.094	1182.21
465.177	1166.89
465.261	1159.52
465.345	1148.87
465.429	1146.74
465.512	1132.4
465.596	1127.24
465.68	1108.24
465.763	1107.99
465.847	1106.35
465.931	1089.48
466.014	1082.35
466.098	1085.96
466.182	1060.72
466.265	1046.55
466.349	1029.27
466.433	1018.95
466.516	1002.15
466.6	1003.55
466.683	994.12
466.767	1004.69
466.851	999.94
466.934	987.08
467.018	979.54
467.101	961.44
467.185	938.42
467.268	931.78
467.352	931.95
467.435	922.28
467.519	919.91
467.602	919.33
467.686	915.24
467.769	899.18
467.853	897.95
467.936	899.43
468.02	883.13
468.103	873.87
468.187	869.53
468.27	847.65
468.354	845.03
468.437	851.26
468.52	840.94
468.604	855.93
468.687	860.68
468.771	837.99
468.854	831.6
468.937	829.14
469.021	811.2
469.104	805.06
469.187	809.4
469.271	806.04
469.354	795.31
469.437	778.02
469.521	780.73
469.604	771.63
469.687	750.33
469.771	757.71
469.854	760.9
469.937	749.35
470.021	744.35
470.104	757.46
470.187	735.67
470.27	729.86
470.354	726.09
470.437	714.86
470.52	714.13
470.603	718.55
470.686	716.58
470.77	706.1
470.853	704.46
470.936	698.23
471.019	692.58
471.102	676.36
471.186	675.13
471.269	669.48
471.352	652.44
471.435	648.18
471.518	644.66
471.601	638.19
471.684	636.96
471.768	634.34
471.851	630.65
471.934	645.4
472.017	640.97
472.1	632.95
472.183	632.21
472.266	635.48
472.349	622.05
472.432	631.55
472.515	633.68
472.598	627.46
472.681	615.33
472.764	604.85
472.847	589.2
472.93	591
473.013	587.32
473.096	590.92
473.179	591.66
473.262	589.04
473.345	585.43
473.428	592.56
473.511	588.95
473.594	587.32
473.677	590.35
473.76	577.4
473.843	561.51
473.926	544.8
474.009	548
474.091	552.5
474.174	559.79
474.257	566.84
474.34	572.73
474.423	560.53
474.506	552.34
474.589	532.51
474.671	530.87
474.754	526.53
474.837	525.14
474.92	513.59
475.003	536.36
475.085	526.86
475.168	535.87
475.251	531.69
475.334	550.13
475.417	533.25
475.499	524.16
475.582	510.8
475.665	511.46
475.748	485.98
475.83	475.33
475.913	490.9
475.996	483.53
476.078	492.13
476.161	496.47
476.244	505.73
476.326	496.8
476.409	496.55
476.492	489.83
476.574	486.39
476.657	492.7
476.74	486.64
476.822	487.13
476.905	490.16
476.988	478.53
477.07	468.94
477.153	469.76
477.235	467.39
477.318	450.76
477.4	456.74
477.483	453.3
477.566	456.08
477.648	455.1
477.731	463.05
477.813	465.5
477.896	465.75
477.978	470.75
478.061	478.61
478.143	472.79
478.226	474.76
478.308	466.65
478.391	450.84
478.473	440.52
478.556	443.06
478.638	450.18
478.72	456
478.803	466.9
478.885	467.31
478.968	460.67
479.05	440.35
479.133	440.76
479.215	441.75
479.297	445.76
479.38	440.35
479.462	451.17
479.544	446.99
479.627	440.52
479.709	429.38
479.792	420.53
479.874	422.58
479.956	426.35
480.039	415.21
480.121	419.71
480.203	440.52
480.285	424.38
480.368	427.98
480.45	436.83
480.532	426.26
480.615	421.19
480.697	431.1
480.779	427.57
480.861	416.93
480.943	430.69
481.026	433.15
481.108	426.35
481.19	420.86
481.272	420.37
481.354	419.87
481.437	412.09
481.519	418.81
481.601	419.79
481.683	430.69
481.765	428.31
481.847	431.34
481.93	432.41
482.012	422.25
482.094	425.77
482.176	417.58
482.258	418.24
482.34	414.71
482.422	421.27
482.504	405.37
482.586	413.24
482.668	407.75
482.75	403
482.833	394.07
482.915	397.92
482.997	395.79
483.079	398
483.161	399.31
483.243	411.44
483.325	412.42
483.407	412.01
483.489	408.82
483.571	407.1
483.653	401.12
483.735	399.56
483.816	395.87
483.898	390.38
483.98	390.71
484.062	382.36
484.144	377.93
484.226	379.24
484.308	383.09
484.39	375.72
484.472	383.17
484.554	385.06
484.636	380.31
484.717	383.75
484.799	390.63
484.881	406.93
484.963	403.65
485.045	406.69
485.127	404.31
485.208	404.97
485.29	387.35
485.372	387.27
485.454	384.4
485.536	387.11
485.617	376.95
485.699	361.38
485.781	367.77
485.863	361.79
485.944	346.88
486.026	347.79
486.108	370.15
486.19	363.68
486.271	367.12
486.353	375.56
486.435	378.51
486.516	375.15
486.598	366.96
486.68	370.07
486.761	364.25
486.843	368.18
486.925	358.27
487.006	359.25
487.088	359.83
487.17	355.4
487.251	348.36
487.333	345.74
487.414	347.21
487.496	331.32
487.578	339.43
487.659	349.75
487.741	361.47
487.822	369
487.904	367.28
487.985	364.01
488.067	353.44
488.148	337.46
488.23	323.7
488.311	336.32
488.393	336.48
488.474	330.34
488.556	338.12
488.637	349.51
488.719	337.38
488.8	332.55
488.882	326.73
488.963	321.9
489.045	318.13
489.126	318.62
489.207	320.59
489.289	325.91
489.37	329.52
489.452	323.37
489.533	325.09
489.614	325.83
489.696	323.46
489.777	326.24
489.859	334.68
489.94	334.52
490.021	337.14
490.103	338.28
490.184	325.01
490.265	325.59
490.347	329.68
490.428	330.91
490.509	326.32
490.59	327.14
490.672	323.13
490.753	324.85
490.834	321.9
490.915	322.8
490.997	316.08
491.078	299.37
491.159	280.2
491.24	272.34
491.322	272.26
491.403	271.85
491.484	280.12
491.565	294.46
491.646	294.29
491.728	291.59
491.809	297.16
491.89	291.84
491.971	286.02
492.052	289.79
492.133	286.51
492.214	285.04
492.296	276.19
492.377	277.01
492.458	269.8
492.539	273.49
492.62	280.04
492.701	283.4
492.782	279.79
492.863	280.86
492.944	277.75
493.025	272.75
493.106	283.73
493.187	296.42
493.268	294.54
493.349	302.32
493.43	307.73
493.511	305.11
493.592	294.54
493.673	284.71
493.754	290.36
493.835	278.73
493.916	276.6
493.997	284.87
494.078	294.13
494.159	284.38
494.24	283.73
494.321	285.45
494.402	276.27
494.483	272.99
494.564	261.36
494.644	266.93
494.725	264.07
494.806	267.01
494.887	273.16
494.968	286.43
495.049	283.15
495.13	284.14
495.21	275.04
495.291	271.44
495.372	263.25
495.453	254.56
495.534	251.2
495.614	258.66
495.695	265.95
495.776	269.64
495.857	274.55
495.938	276.6
496.018	277.34
496.099	277.66
496.18	286.43
496.26	300.6
496.341	299.62
496.422	299.13
496.503	288.48
496.583	270.54
496.664	258.33
496.745	261.36
496.825	250.96
496.906	259.89
496.987	274.71
497.067	275.7
497.148	271.19
497.228	272.83
497.309	258.25
497.39	253.09
497.47	254.4
497.551	261.03
497.632	264.15
497.712	271.68
497.793	275.7
497.873	279.63
497.954	270.13
498.034	274.06
498.115	287.08
498.195	283.4
498.276	269.39
498.356	275.29
498.437	278.4
498.517	264.47
498.598	246.12
498.678	255.87
498.759	254.23
498.839	256.28
498.92	261.44
499	278.24
499.081	271.93
499.161	279.79
499.242	269.55
499.322	262.67
499.402	266.28
499.483	274.55
499.563	272.58
499.644	276.19
499.724	288.97
499.804	309.45
499.885	317.07
499.965	313.3
500.045	311.25
500.126	314.61
500.206	297.9
500.286	298.72
500.367	299.21
500.447	312.4
500.527	306.25
500.608	307.07
500.688	294.21
500.768	298.31
500.848	292.98
500.929	301.09
501.009	296.18
501.089	305.02
501.169	302.81
501.25	300.03
501.33	292.16
501.41	298.14
501.49	302.65
501.57	310.92
501.651	308.06
501.731	308.14
501.811	305.11
501.891	308.22
501.971	300.52
502.051	313.95
502.131	309.45
502.212	317.15
502.292	299.21
502.372	297.65
502.452	294.54
502.532	296.42
502.612	283.97
502.692	296.42
502.772	301.17
502.852	310.1
502.932	328.7
503.012	343.77
503.092	350.33
503.172	348.93
503.252	343.12
503.332	323.95
503.412	323.29
503.492	330.26
503.572	332.63
503.652	329.35
503.732	348.77
503.812	362.61
503.892	358.76
503.972	378.01
504.052	385.3
504.132	381.78
504.212	373.34
504.292	372.77
504.372	370.89
504.452	385.22
504.532	381.45
504.612	385.39
504.691	386.21
504.771	388.75
504.851	375.56
504.931	391.53
505.011	394.56
505.091	409.06
505.17	417.5
505.25	433.23
505.33	440.11
505.41	446.91
505.49	441.01
505.57	434.37
505.649	426.18
505.729	427.66
505.809	433.47
505.889	447.4
505.968	467.8
506.048	477.46
506.128	483.61
506.207	490.24
506.287	493.68
506.367	482.87
506.447	490.73
506.526	493.44
506.606	488.03
506.686	496.8
506.765	513.02
506.845	509.08
506.925	511.71
507.004	521.04
507.084	521.7
507.163	519.16
507.243	530.3
507.323	533.66
507.402	532.51
507.482	529.07
507.561	527.84
507.641	536.36
507.721	533
507.8	547.59
507.88	572.41
507.959	577.24
508.039	576.42
508.118	587.4
508.198	589.61
508.277	584.86
508.357	595.67
508.436	608.04
508.516	615.74
508.595	616.56
508.675	608.94
508.754	616.73
508.834	616.64
508.913	617.95
508.993	633.93
509.072	643.02
509.151	640.56
509.231	649.82
509.31	658.59
509.39	656.37
509.469	661.04
509.548	675.87
509.628	676.03
509.707	688.16
509.786	694.47
509.866	696.92
509.945	702.17
510.025	711.83
510.104	717.24
510.183	719.86
510.262	731.74
510.342	739.44
510.421	761.72
510.5	772.53
510.58	780.81
510.659	788.51
510.738	793.59
510.817	787.28
510.897	790.15
510.976	794.98
511.055	824.23
511.134	836.02
511.213	848.23
511.293	862.48
511.372	884.19
511.451	889.27
511.53	902.05
511.609	929.9
511.689	934.08
511.768	944.65
511.847	952.02
511.926	965.37
512.005	970.53
512.084	984.38
512.163	991.5
512.242	997.24
512.322	1005.02
512.401	1000.92
512.48	1020.99
512.559	1036.8
512.638	1056.14
512.717	1072.28
512.796	1080.3
512.875	1090.54
512.954	1096.2
513.033	1110.53
513.112	1115.04
513.191	1124.7
513.27	1122
513.349	1140.02
513.428	1140.84
513.507	1145.02
513.586	1144.94
513.665	1150.75
513.744	1151.16
513.823	1143.87
513.902	1154.52
513.981	1178.44
514.06	1192.12
514.138	1202.44
514.217	1227.68
514.296	1239.96
514.375	1259.62
514.454	1268.31
514.533	1279.2
514.612	1280.35
514.691	1286.57
514.769	1265.28
514.848	1270.6
514.927	1284.53
515.006	1284.04
515.085	1283.3
515.163	1312.38
515.242	1316.48
515.321	1304.68
515.4	1319.51
515.479	1320.82
515.557	1309.68
515.636	1314.51
515.715	1323.44
515.794	1320.49
515.872	1337.36
515.951	1343.84
516.03	1353.99
516.108	1360.63
516.187	1382.42
516.266	1382.99
516.344	1399.21
516.423	1393.56
516.502	1393.4
516.58	1390.78
516.659	1395.28
516.738	1398.8
516.816	1403.55
516.895	1416.74
516.974	1417.07
517.052	1428.87
517.131	1429.2
517.209	1445.25
517.288	1445.91
517.367	1467.12
517.445	1475.48
517.524	1494.08
517.602	1498.83
517.681	1526.35
517.759	1529.38
517.838	1539.54
517.916	1534.05
517.995	1547.32
518.073	1546.01
518.152	1552.89
518.23	1561.17
518.309	1581.97
518.387	1593.77
518.466	1611.14
518.544	1624.08
518.623	1643.09
518.701	1650.87
518.779	1664.63
518.858	1672.66
518.936	1668.73
519.015	1666.19
519.093	1674.54
519.171	1685.03
519.25	1682.82
519.328	1712.88
519.407	1720.66
519.485	1728.36
519.563	1730.57
519.642	1740.4
519.72	1744.5
519.798	1755.56
519.876	1764
519.955	1765.39
520.033	1774.07
520.111	1771.86
520.19	1756.87
520.268	1761.13
520.346	1760.88
520.424	1761.29
520.503	1765.06
520.581	1785.05
520.659	1772.27
520.737	1775.88
520.816	1772.35
520.894	1773.25
520.972	1751.38
521.05	1758.92
521.128	1743.85
521.206	1746.88
521.285	1728.61
521.363	1741.8
521.441	1731.89
521.519	1733.52
521.597	1717.3
521.675	1706.49
521.753	1686.67
521.832	1679.95
521.91	1664.14
521.988	1648.16
522.066	1648.16
522.144	1639.48
522.222	1629.16
522.3	1622.93
522.378	1625.96
522.456	1614.58
522.534	1608.68
522.612	1601.39
522.69	1594.1
522.768	1568.7
522.846	1548.39
522.924	1546.18
523.002	1525.78
523.08	1530.2
523.158	1532.09
523.236	1538.72
523.314	1517.42
523.392	1513.49
523.47	1498.5
523.548	1487.52
523.626	1472.53
523.704	1467.12
523.781	1464.75
523.859	1454.34
523.937	1448.2
524.015	1442.22
524.093	1426.66
524.171	1429.52
524.249	1435.09
524.327	1432.55
524.404	1439.76
524.482	1441.65
524.56	1432.88
524.638	1420.35
524.716	1416.42
524.793	1400.61
524.871	1419.45
524.949	1427.48
525.027	1423.54
525.104	1428.46
525.182	1444.68
525.26	1438.53
525.338	1425.51
525.415	1437.14
525.493	1430.51
525.571	1420.51
525.649	1421.66
525.726	1434.03
525.804	1425.18
525.882	1440.42
525.959	1444.76
526.037	1430.67
526.115	1416.99
526.192	1423.79
526.27	1406.01
526.347	1397.41
526.425	1387.17
526.503	1380.37
526.58	1372.92
526.658	1364.89
526.736	1358.75
526.813	1361.53
526.891	1369.48
526.968	1358.17
527.046	1356.45
527.123	1340.89
527.201	1338.59
527.278	1307.14
527.356	1295.5
527.433	1294.19
527.511	1282.81
527.588	1275.43
527.666	1275.19
527.743	1259.79
527.821	1246.11
527.898	1235.95
527.976	1210.55
528.053	1192.29
528.131	1188.52
528.208	1168.12
528.285	1157.8
528.363	1149.36
528.44	1140.19
528.518	1126.51
528.595	1098.33
528.672	1091.61
528.75	1089.89
528.827	1073.5
528.905	1054.09
528.982	1050.08
529.059	1032.14
529.137	1001.42
529.214	988.23
529.291	966.03
529.369	953.41
529.446	954.8
529.523	948.17
529.6	941.94
529.678	941.29
529.755	930.47
529.832	900.25
529.909	883.53
529.987	872.15
530.064	865.51
530.141	853.88
530.218	843.56
530.296	839.54
530.373	819.88
530.45	803.01
530.527	797.27
530.604	779.99
530.681	759.1
530.759	757.03
530.836	743.21
