198.396	-35.63
198.5	-20.48
198.604	-23.1
198.708	-29.98
198.812	-16.3
198.916	-5.24
199.02	-13.76
199.125	-14.5
199.229	1.72
199.333	0.16
199.437	-5.24
199.541	-5.16
199.645	7.54
199.749	13.6
199.853	7.29
199.957	6.96
200.061	6.88
200.165	0.25
200.269	-0.33
200.373	-0.82
200.477	11.22
200.581	5.57
200.685	3.85
200.789	-7.29
200.893	-3.77
200.996	-18.92
201.1	-16.06
201.204	-16.96
201.308	-13.03
201.412	-16.55
201.516	-13.93
201.62	-10.57
201.724	-14.17
201.828	-16.3
201.932	-20.15
202.035	-31.62
202.139	-30.88
202.243	-23.67
202.347	-21.05
202.451	-13.93
202.555	-6.88
202.659	-5.41
202.762	-10.98
202.866	-15.07
202.97	-22.69
203.074	-22.28
203.178	-15.56
203.281	-10.16
203.385	-14.99
203.489	-11.3
203.593	-1.47
203.697	-12.7
203.8	-20.23
203.904	-21.95
204.008	-17.12
204.112	-24.33
204.215	-22.28
204.319	-24.08
204.423	-7.29
204.527	-17.53
204.63	-15.56
204.734	-19.5
204.838	-9.01
204.941	-14.58
205.045	-4.83
205.149	-6.14
205.252	3.52
205.356	-0.49
205.46	-1.97
205.563	-8.6
205.667	-10.57
205.771	-16.3
205.874	-16.55
205.978	-21.87
206.082	-20.56
206.185	-19.99
206.289	-21.22
206.392	-18.76
206.496	-12.86
206.6	-16.3
206.703	-13.43
206.807	-21.05
206.91	-12.94
207.014	-16.3
207.117	-12.94
207.221	-16.3
207.324	-9.58
207.428	-18.1
207.531	-15.48
207.635	-5.98
207.739	-8.77
207.842	-1.06
207.946	-4.18
208.049	2.54
208.153	-9.26
208.256	-3.6
208.359	-9.91
208.463	-6.39
208.566	-14.17
208.67	-6.31
208.773	-7.78
208.877	-12.78
208.98	-17.53
209.084	-18.35
209.187	-15.97
209.29	-16.71
209.394	-2.87
209.497	2.21
209.601	-3.69
209.704	-10.49
209.807	-7.37
209.911	-16.38
210.014	-19.17
210.118	-24.49
210.221	-16.3
210.324	-25.89
210.428	-15.32
210.531	-18.43
210.634	-14.99
210.738	-21.54
210.841	-10.49
210.944	-31.78
211.048	-30.06
211.151	-16.3
211.254	-16.06
211.357	-10.57
211.461	-6.31
211.564	-8.44
211.667	-15.97
211.77	-14.42
211.874	-20.32
211.977	-4.92
212.08	1.06
212.183	-0.74
212.287	-10.24
212.39	-10.49
212.493	-12.7
212.596	-3.03
212.7	0.41
212.803	7.95
212.906	0.9
213.009	-4.75
213.112	-20.81
213.215	-21.22
213.319	-23.26
213.422	-20.64
213.525	-14.17
213.628	-14.66
213.731	-23.02
213.834	-27.77
213.937	-19.25
214.041	-27.28
214.144	-16.3
214.247	-11.8
214.35	-7.7
214.453	-14.83
214.556	-8.68
214.659	-22.36
214.762	-12.37
214.865	-16.79
214.968	-10.57
215.071	-10.98
215.174	-12.53
215.277	-13.27
215.38	-3.69
215.483	0.57
215.586	2.46
215.689	15.73
215.792	14.17
215.895	3.03
215.998	-1.23
216.101	-15.65
216.204	-26.13
216.307	-27.69
216.41	-11.14
216.513	-16.71
216.616	-4.51
216.719	7.95
216.822	5.57
216.925	-1.8
217.028	1.56
217.131	-6.14
217.234	-10.9
217.337	-13.11
217.44	-7.29
217.542	-3.52
217.645	-2.21
217.748	0.33
217.851	-4.18
217.954	-15.89
218.057	-26.87
218.16	-20.56
218.263	-23.92
218.365	-27.93
218.468	-23.67
218.571	-22.04
218.674	-12.78
218.777	-21.63
218.879	-9.5
218.982	-2.87
219.085	0
219.188	-9.26
219.291	-5.08
219.393	-5.24
219.496	-7.37
219.599	-12.04
219.702	-15.65
219.804	-8.52
219.907	-12.21
220.01	-4.59
220.113	2.7
220.215	4.67
220.318	-0.74
220.421	-4.18
220.523	-19.82
220.626	-17.61
220.729	-25.23
220.831	-22.28
220.934	-13.43
221.037	-8.93
221.139	-19.17
221.242	-16.79
221.345	-18.51
221.447	-16.3
221.55	-14.34
221.653	-6.39
221.755	14.42
221.858	10.73
221.96	12.37
222.063	-0.08
222.166	3.44
222.268	-20.81
222.371	-13.68
222.473	-17.45
222.576	-4.75
222.679	-12.29
222.781	-6.14
222.884	-5.08
222.986	-19.17
223.089	-31.13
223.191	-31.62
223.294	-32.28
223.396	-35.39
223.499	-22.36
223.601	-4.59
223.704	-4.75
223.806	-3.28
223.909	2.95
224.011	0.82
224.114	-2.79
224.216	-3.52
224.319	2.54
224.421	-1.8
224.523	-0.41
224.626	-3.03
224.728	4.42
224.831	1.72
224.933	-5.24
225.036	-10.16
225.138	-12.78
225.24	-17.61
225.343	-21.46
225.445	-13.19
225.547	0.57
225.65	5.24
225.752	2.13
225.855	-2.62
225.957	-1.47
226.059	-22.45
226.162	-22.69
226.264	-19.17
226.366	-8.68
226.469	-13.84
226.571	-4.42
226.673	-3.85
226.775	-2.05
226.878	-2.95
226.98	-0.9
227.082	3.69
227.185	1.56
227.287	-2.7
227.389	-3.11
227.491	-3.36
227.594	-8.85
227.696	-13.84
227.798	-13.93
227.9	-24.33
228.002	-30.23
228.105	-27.2
228.207	-18.76
228.309	-15.15
228.411	-14.83
228.513	-12.45
228.616	-1.31
228.718	-8.03
228.82	-9.75
228.922	-7.21
229.024	2.21
229.126	-16.96
229.228	-18.1
229.331	-18.76
229.433	-12.04
229.535	-24.74
229.637	-14.34
229.739	-9.34
229.841	-15.4
229.943	-15.56
230.045	-23.67
230.147	-22.36
230.249	-33.59
230.352	-18.02
230.454	-34.32
230.556	-21.05
230.658	-31.21
230.76	-26.05
230.862	-43.17
230.964	-25.23
231.066	-22.94
231.168	-22.94
231.27	-21.79
231.372	-16.14
231.474	-19.66
231.576	-12.7
231.678	-6.31
231.78	-2.7
231.882	3.77
231.984	0.41
232.086	-3.6
232.187	0.9
232.289	-0.16
232.391	-2.79
232.493	0
232.595	-3.77
232.697	-9.09
232.799	-18.76
232.901	-19.58
233.003	-17.94
233.105	-13.52
233.207	-13.76
233.308	-6.96
233.41	-14.75
233.512	-8.36
233.614	-15.4
233.716	-15.48
233.818	-17.94
233.919	-9.83
234.021	-5.24
234.123	-4.01
234.225	-2.46
234.327	1.06
234.428	4.26
234.53	-7.54
234.632	-10.49
234.734	-10.24
234.836	-6.23
234.937	-9.34
235.039	-8.27
235.141	1.15
235.243	4.34
235.344	-1.56
235.446	5.08
235.548	6.31
235.649	0.98
235.751	-6.72
235.853	-3.77
235.955	-9.83
236.056	-14.17
236.158	-7.7
236.26	1.47
236.361	2.38
236.463	-2.62
236.565	0.98
236.666	-3.03
236.768	1.72
236.87	7.13
236.971	11.3
237.073	9.91
237.174	10.98
237.276	1.39
237.378	-7.95
237.479	-4.83
237.581	-3.6
237.682	-7.05
237.784	-7.86
237.885	-5
237.987	-8.03
238.089	0.74
238.19	-3.52
238.292	-1.8
238.393	-7.7
238.495	-9.17
238.596	-25.56
238.698	-14.66
238.799	-16.55
238.901	-10.81
239.002	-10.4
239.104	-2.62
239.205	-11.96
239.307	-11.63
239.408	-9.5
239.51	0.66
239.611	-3.93
239.713	6.72
239.814	6.64
239.915	-3.44
240.017	-13.6
240.118	-9.91
240.22	-5.08
240.321	-0.82
240.422	-0.08
240.524	-3.28
240.625	-0.82
240.727	-6.72
240.828	-9.26
240.929	1.15
241.031	11.39
241.132	12.04
241.233	1.15
241.335	-5.32
241.436	3.44
241.537	2.79
241.639	1.31
241.74	4.18
241.841	13.6
241.943	-0.82
242.044	8.77
242.145	4.67
242.246	8.11
242.348	5
242.449	3.28
242.55	-11.14
242.652	-8.93
242.753	-14.34
242.854	-21.87
242.955	-22.2
243.056	-26.87
243.158	-31.78
243.259	-26.13
243.36	-15.73
243.461	-11.71
243.562	-4.26
243.664	-6.8
243.765	-10.16
243.866	-16.96
243.967	-19.41
244.068	-15.97
244.169	-1.97
244.271	2.79
244.372	0.66
244.473	9.99
244.574	-5.73
244.675	-8.6
244.776	-15.97
244.877	-4.1
244.978	-9.91
245.08	0.16
245.181	-6.55
245.282	-6.8
245.383	-9.26
245.484	-16.47
245.585	-14.42
245.686	-13.27
245.787	-2.79
245.888	-7.7
245.989	-6.88
246.09	-4.51
246.191	1.8
246.292	-7.05
246.393	-4.83
246.494	-0.98
246.595	-2.46
246.696	0.82
246.797	3.69
246.898	5.65
246.999	10.49
247.1	11.39
247.201	-6.88
247.302	-7.62
247.403	-14.25
247.504	-18.6
247.605	-25.07
247.705	-16.71
247.806	-13.52
247.907	-10.32
248.008	-6.47
248.109	-3.77
248.21	4.83
248.311	-2.79
248.412	0.25
248.513	-5.49
248.613	-3.44
248.714	-15.15
248.815	-7.29
248.916	-12.53
249.017	1.31
249.118	0.98
249.218	7.21
249.319	3.85
249.42	2.38
249.521	-9.99
249.622	-14.01
249.722	-16.79
249.823	-10.81
249.924	-6.39
250.025	-1.31
250.125	-2.29
250.226	1.56
250.327	-4.51
250.428	-12.53
250.528	-18.19
250.629	-8.36
250.73	-20.48
250.83	-23.43
250.931	-6.88
251.032	-2.54
251.133	-5.32
251.233	4.75
251.334	14.58
251.435	6.96
251.535	3.77
251.636	-3.11
251.736	-3.85
251.837	-13.19
251.938	-13.03
252.038	-18.92
252.139	-18.43
252.24	-21.05
252.34	-19.99
252.441	-20.81
252.541	-2.62
252.642	-2.29
252.743	0.41
252.843	1.31
252.944	-5.49
253.044	-16.63
253.145	-20.64
253.245	-21.3
253.346	-22.69
253.446	-21.14
253.547	-17.45
253.647	-17.45
253.748	-26.3
253.848	-25.23
253.949	-26.62
254.049	-37.68
254.15	-33.18
254.25	-20.56
254.351	-13.76
254.451	-11.96
254.552	-4.1
254.652	-2.29
254.753	-10.16
254.853	-16.47
254.954	-10.98
255.054	-4.01
255.154	-4.26
255.255	4.51
255.355	9.99
255.456	-2.62
255.556	-7.29
255.656	-8.44
255.757	-12.53
255.857	-16.38
255.957	-9.17
256.058	-22.28
256.158	-20.73
256.258	-28.92
256.359	-25.89
256.459	-31.21
256.559	-15.15
256.66	-20.4
256.76	-14.58
256.86	-21.38
256.961	-22.53
257.061	-23.84
257.161	-17.12
257.261	-12.45
257.362	-12.12
257.462	-10.73
257.562	-24.99
257.662	-28.43
257.763	-26.87
257.863	-20.07
257.963	-21.71
258.063	-6.55
258.164	-1.97
258.264	1.15
258.364	-1.8
258.464	7.37
258.564	-7.95
258.665	-6.47
258.765	-7.05
258.865	-7.45
258.965	-14.5
259.065	-9.26
259.165	-10.98
259.265	-24.82
259.366	-24.08
259.466	-15.89
259.566	-8.77
259.666	-9.5
259.766	-7.95
259.866	-17.2
259.966	-21.95
260.066	-23.76
260.166	-24.25
260.266	-14.58
260.366	-6.14
260.467	-6.39
260.567	-3.36
260.667	-6.72
260.767	-9.83
260.867	-0.25
260.967	-5.24
261.067	-8.77
261.167	-10.4
261.267	-20.73
261.367	-33.42
261.467	-26.13
261.567	-34.08
261.667	-33.75
261.767	-23.43
261.867	-13.93
261.967	-8.93
262.066	4.67
262.166	9.5
262.266	10.24
262.366	-9.01
262.466	-21.22
262.566	-22.2
262.666	-21.71
262.766	-25.15
262.866	-16.47
262.966	-12.04
263.066	-25.97
263.165	-30.15
263.265	-28.26
263.365	-25.15
263.465	-19.66
263.565	-6.23
263.665	-0.33
263.764	-2.21
263.864	3.28
263.964	4.59
264.064	-1.56
264.164	-4.34
264.263	0.49
264.363	-9.17
264.463	-7.21
264.563	-12.12
264.663	-6.88
264.762	-24.49
264.862	-16.55
264.962	-28.67
265.062	-18.1
265.161	-29.41
265.261	-21.63
265.361	-29.49
265.46	-28.02
265.56	-36.21
265.66	-30.8
265.76	-27.52
265.859	-22.2
265.959	-11.55
266.059	-8.6
266.158	-14.5
266.258	-13.52
266.358	-15.07
266.457	-20.4
266.557	-18.92
266.657	-11.06
266.756	-3.28
266.856	-8.77
266.955	-3.03
267.055	-0.57
267.155	-9.09
267.254	-29.08
267.354	-21.71
267.453	-25.56
267.553	-28.26
267.652	-25.48
267.752	-3.85
267.852	0.49
267.951	3.19
268.051	5.41
268.15	5.9
268.25	-0.66
268.349	-1.31
268.449	-2.46
268.548	0.57
268.648	2.62
268.747	2.29
268.847	-4.01
268.946	-1.64
269.046	-5.98
269.145	-6.55
269.244	-7.45
269.344	-9.42
269.443	-9.26
269.543	-8.6
269.642	0.49
269.742	-6.39
269.841	-9.26
269.94	-9.34
270.04	-9.83
270.139	-13.35
270.239	-8.68
270.338	6.47
270.437	9.17
270.537	5.9
270.636	1.72
270.735	4.1
270.835	-10.49
270.934	-9.75
271.033	-8.93
271.133	-8.68
271.232	-1.72
271.331	0.98
271.431	-7.21
271.53	-5.73
271.629	-8.19
271.729	-8.52
271.828	3.6
271.927	1.64
272.026	-0.41
272.126	6.39
272.225	1.23
272.324	-8.11
272.423	-8.6
272.523	-18.6
272.622	-20.23
272.721	-16.47
272.82	-20.32
272.919	-18.35
273.019	-12.7
273.118	-20.48
273.217	-16.71
273.316	-7.62
273.415	-5.49
273.514	3.19
273.614	2.7
273.713	-15.81
273.812	-16.79
273.911	-15.65
274.01	-12.53
274.109	-3.85
274.208	3.85
274.307	5.24
274.407	-1.47
274.506	-2.21
274.605	-12.04
274.704	-11.22
274.803	-17.69
274.902	-11.14
275.001	-19.58
275.1	-19.17
275.199	-17.53
275.298	-15.15
275.397	-16.22
275.496	-8.19
275.595	-5.49
275.694	-10.73
275.793	-11.8
275.892	-14.66
275.991	-21.95
276.09	-17.53
276.189	-10.65
276.288	-18.19
276.387	-16.22
276.486	-15.97
276.585	-13.11
276.684	-20.07
276.783	-9.58
276.882	-1.56
276.981	0
277.08	-4.51
277.178	7.37
277.277	2.7
277.376	-7.62
277.475	-9.83
277.574	-10.16
277.673	-9.67
277.772	-7.05
277.871	-12.04
277.969	-6.72
278.068	5.57
278.167	-5.16
278.266	-5.65
278.365	3.77
278.464	9.91
278.562	-1.23
278.661	1.47
278.76	2.7
278.859	6.96
278.958	11.39
279.056	10.24
279.155	16.3
279.254	17.78
279.353	23.67
279.451	13.68
279.55	10.4
279.649	6.47
279.748	4.42
279.846	-7.95
279.945	-0.41
280.044	5.41
280.142	1.56
280.241	-5.49
280.34	-4.92
280.438	-20.07
280.537	-26.71
280.636	-27.12
280.734	-19.99
280.833	-16.38
280.932	9.34
281.03	12.29
281.129	14.99
281.228	10.32
281.326	1.39
281.425	-8.85
281.523	-14.5
281.622	-22.53
281.721	-15.4
281.819	-14.58
281.918	-22.45
282.016	-23.43
282.115	-16.22
282.213	-17.45
282.312	-10.32
282.41	-10.98
282.509	2.87
282.607	7.54
282.706	1.47
282.805	-0.41
282.903	-5.08
283.002	-7.86
283.1	0.25
283.198	9.83
283.297	4.01
283.395	1.15
283.494	1.23
283.592	-5.57
283.691	-12.04
283.789	-6.64
283.888	1.31
283.986	8.77
284.085	5.49
284.183	2.13
284.281	-1.88
284.38	4.42
284.478	-12.37
284.576	-6.72
284.675	3.03
284.773	3.52
284.872	4.42
284.97	10.73
285.068	-0.82
285.167	-12.12
285.265	-4.42
285.363	-12.21
285.462	-18.92
285.56	-18.76
285.658	-21.38
285.757	-21.63
285.855	-16.22
285.953	-8.85
286.051	-5.73
286.15	2.38
286.248	-3.44
286.346	-5.08
286.444	-10.65
286.543	-15.48
286.641	-3.36
286.739	-1.15
286.837	-1.15
286.936	-0.66
287.034	6.47
287.132	-2.29
287.23	-7.54
287.328	-10.49
287.427	0.33
287.525	8.44
287.623	10.81
287.721	9.34
287.819	10.24
287.917	-0.49
288.016	-2.87
288.114	-8.19
288.212	-1.39
288.31	-8.6
288.408	4.01
288.506	-8.36
288.604	-3.52
288.702	-17.12
288.8	-10.16
288.899	-21.87
288.997	-16.71
289.095	-26.38
289.193	-12.62
289.291	-11.71
289.389	-14.66
289.487	-17.61
289.585	-6.23
289.683	-7.7
289.781	-15.81
289.879	-8.6
289.977	-10.73
290.075	-17.28
290.173	-23.92
290.271	-16.22
290.369	-21.87
290.467	-9.83
290.565	-10.49
290.663	0.49
290.761	-12.53
290.859	-14.99
290.957	-24
291.055	-28.84
291.152	-34.9
291.25	-29.57
291.348	-28.92
291.446	-19.74
291.544	-21.87
291.642	-17.61
291.74	-7.29
291.838	-4.75
291.936	-5.9
292.033	3.77
292.131	1.97
292.229	-0.08
292.327	9.5
292.425	2.46
292.523	-2.46
292.62	-4.67
292.718	-15.89
292.816	-18.43
292.914	-5.57
293.012	-4.34
293.109	-6.14
293.207	-2.62
293.305	-9.17
293.403	-16.38
293.5	-22.61
293.598	-17.2
293.696	-11.47
293.794	-9.01
293.891	-5.08
293.989	0.49
294.087	4.18
294.185	-2.87
294.282	-11.8
294.38	-23.18
294.478	-28.59
294.575	-41.7
294.673	-35.31
294.771	-33.91
294.868	-24.17
294.966	-24
295.064	-18.43
295.161	-25.48
295.259	-18.92
295.356	-14.34
295.454	-3.6
295.552	-11.06
295.649	-6.8
295.747	-5.24
295.844	-7.7
295.942	-9.26
296.04	-6.23
296.137	-12.45
296.235	-7.13
296.332	-26.62
296.43	-22.86
296.527	-9.83
296.625	-4.59
296.722	-18.6
296.82	-8.11
296.917	-14.91
297.015	-29.24
297.112	-25.64
297.21	-16.22
297.307	-26.3
297.405	-29.33
297.502	-28.1
297.6	-29.9
297.697	-17.04
297.795	-5.32
297.892	-7.78
297.99	-5.82
298.087	-4.01
298.184	-18.68
298.282	-26.54
298.379	-26.3
298.477	-23.35
298.574	-32.52
298.671	-34.08
298.769	-27.85
298.866	-18.6
298.964	-16.88
299.061	-10.32
299.158	-5.16
299.256	-2.54
299.353	-5.9
299.45	-3.36
299.548	-2.95
299.645	-3.85
299.742	-14.09
299.839	-8.93
299.937	-17.61
300.034	-17.2
300.131	-18.19
300.229	-11.88
300.326	-24.41
300.423	-19.33
300.52	-22.69
300.618	-25.39
300.715	-22.69
300.812	-14.58
300.909	-11.22
301.006	-10.65
301.104	-3.36
301.201	1.15
301.298	-6.06
301.395	-6.14
301.492	-6.64
301.59	-5.08
301.687	-6.06
301.784	2.46
301.881	2.79
301.978	11.71
302.075	10.32
302.173	6.88
302.27	16.38
302.367	10.32
302.464	3.36
302.561	0.49
302.658	6.39
302.755	-10.32
302.852	-5.73
302.949	-7.95
303.046	-0.74
303.143	0.98
303.24	7.95
303.338	1.72
303.435	12.37
303.532	6.06
303.629	-3.28
303.726	-3.28
303.823	2.38
303.92	-2.95
304.017	-5
304.114	-2.38
304.211	-5.16
304.308	-10.9
304.405	-10.24
304.502	-5.57
304.599	-8.77
304.695	-5.57
304.792	-7.29
304.889	-2.38
304.986	-9.26
305.083	-7.78
305.18	-9.58
305.277	1.72
305.374	-4.42
305.471	-4.67
305.568	-5.32
305.665	1.56
305.761	-6.72
305.858	-3.93
305.955	-4.42
306.052	-6.14
306.149	-6.55
306.246	9.83
306.343	3.77
306.439	-1.39
306.536	8.03
306.633	-1.06
306.73	-13.27
306.827	-9.83
306.923	-0.33
307.02	-7.21
307.117	-5.41
307.214	-12.7
307.31	-9.99
307.407	-10.9
307.504	-15.07
307.601	-27.12
307.697	-17.37
307.794	-16.14
307.891	-18.92
307.988	-14.58
308.084	-1.88
308.181	-3.28
308.278	-3.52
308.374	-11.96
308.471	-18.6
308.568	-17.61
308.664	-21.63
308.761	-30.15
308.858	-18.1
308.954	-18.02
309.051	-13.52
309.147	-21.71
309.244	-22.04
309.341	-26.54
309.437	-25.48
309.534	-33.67
309.63	-18.68
309.727	-16.88
309.824	-23.76
309.92	-20.15
310.017	-16.96
310.113	-10.98
310.21	-1.64
310.306	10.9
310.403	5.16
310.499	1.64
310.596	1.39
310.693	-11.47
310.789	-22.69
310.886	-7.7
310.982	-2.29
311.078	-15.97
311.175	-6.23
311.271	2.05
311.368	-2.21
311.464	-8.11
311.561	-15.56
311.657	-26.54
311.754	-21.63
311.85	-21.87
311.947	-13.6
312.043	-4.92
312.139	3.52
312.236	-4.34
312.332	-3.36
312.429	-5.9
312.525	-1.47
312.621	-3.6
312.718	0.98
312.814	-10.24
312.91	-15.48
313.007	-13.52
313.103	-15.73
313.199	-7.05
313.296	-0.66
313.392	-4.92
313.488	-4.42
313.585	1.15
313.681	-10.4
313.777	-6.55
313.873	4.67
313.97	0.25
314.066	-9.09
314.162	-11.22
314.259	-16.3
314.355	-16.22
314.451	-14.42
314.547	-10.32
314.643	-6.72
314.74	-1.64
314.836	-4.83
314.932	-10.08
315.028	-7.37
315.124	-12.45
315.221	-10.57
315.317	-20.97
315.413	-17.78
315.509	-16.88
315.605	-13.93
315.701	-15.65
315.798	0.16
315.894	-3.28
315.99	-1.47
316.086	2.29
316.182	-1.15
316.278	-10.24
316.374	-12.94
316.47	-13.6
316.566	-15.24
316.662	-21.3
316.759	-20.56
316.855	-5.9
316.951	-9.01
317.047	-14.25
317.143	-6.47
317.239	-0.66
317.335	-13.11
317.431	-21.63
317.527	-12.21
317.623	-7.13
317.719	-15.07
317.815	-10.98
317.911	1.31
318.007	-5.82
318.103	-18.92
318.199	-15.24
318.295	-17.37
318.391	-18.76
318.487	-22.77
318.582	-21.71
318.678	-13.93
318.774	-24.49
318.87	-18.76
318.966	-9.91
319.062	-2.62
319.158	-13.76
319.254	-12.37
319.35	-14.91
319.446	-12.12
319.541	-16.55
319.637	-9.42
319.733	5.49
319.829	1.47
319.925	-3.52
320.021	-0.9
320.116	-1.88
320.212	-9.75
320.308	-8.03
320.404	-14.58
320.5	-9.99
320.595	-9.42
320.691	-2.79
320.787	3.28
320.883	8.77
320.978	6.31
321.074	7.62
321.17	6.96
321.266	18.6
321.361	23.76
321.457	24.58
321.553	20.89
321.649	24.49
321.744	1.56
321.84	-9.67
321.936	-14.75
322.031	-19.41
322.127	-27.61
322.223	-19.99
322.318	-15.24
322.414	-9.99
322.51	-10.24
322.605	-11.22
322.701	-14.25
322.796	-14.01
322.892	-22.86
322.988	-24.41
323.083	-15.4
323.179	-19.91
323.274	-19.58
323.37	-19.91
323.466	-17.78
323.561	-18.02
323.657	-17.61
323.752	-10.73
323.848	-3.28
323.943	-5.65
324.039	-16.96
324.134	-16.79
324.23	-25.48
324.325	-34.08
324.421	-37.11
324.516	-26.95
324.612	-21.46
324.707	-23.92
324.803	-0.33
324.898	4.75
324.994	-4.51
325.089	1.39
325.185	6.14
325.28	-11.47
325.375	-1.15
325.471	1.15
325.566	-5.9
325.662	-3.77
325.757	-2.79
325.853	-18.92
325.948	-10.24
326.043	-13.6
326.139	-15.81
326.234	-14.66
326.329	-6.8
326.425	-9.26
326.52	-5.82
326.615	-0.57
326.711	6.31
326.806	4.67
326.901	7.78
326.997	9.75
327.092	16.88
327.187	9.75
327.283	14.25
327.378	4.26
327.473	3.44
327.568	-10.65
327.664	-10.9
327.759	3.11
327.854	8.6
327.949	1.88
328.045	2.95
328.14	-1.47
328.235	-13.11
328.33	-19.25
328.425	-18.35
328.521	-14.09
328.616	-6.8
328.711	-7.21
328.806	-11.71
328.901	-16.47
328.996	-17.94
329.092	-23.92
329.187	-21.79
329.282	-14.25
329.377	-5.98
329.472	-8.27
329.567	-6.96
329.662	-8.77
329.757	-14.5
329.853	-14.25
329.948	-14.25
330.043	-11.71
330.138	-9.09
330.233	0.16
330.328	-9.26
330.423	-11.55
330.518	-12.37
330.613	-14.17
330.708	-18.68
330.803	-14.25
330.898	-6.55
330.993	-2.7
331.088	-7.13
331.183	-5.49
331.278	-5.65
331.373	-18.6
331.468	-26.05
331.563	-27.85
331.658	-34
331.753	-41.21
331.848	-28.67
331.943	-26.79
332.038	-27.61
332.133	-18.68
332.227	-8.03
332.322	-10.98
332.417	-21.22
332.512	-18.02
332.607	-15.4
332.702	-13.03
332.797	-14.34
332.892	-0.74
332.987	-3.03
333.081	-9.5
333.176	0.16
333.271	0.57
333.366	-7.05
333.461	5.24
333.556	6.47
333.65	-1.39
333.745	-8.11
333.84	-3.36
333.935	-21.14
334.029	-26.79
334.124	-32.03
334.219	-10.32
334.314	-7.21
334.409	2.05
334.503	14.09
334.598	10.73
334.693	-5.41
334.787	-8.6
334.882	-6.39
334.977	-12.53
335.072	-8.6
335.166	-6.64
335.261	-3.28
335.356	-5.08
335.45	0.33
335.545	1.56
335.64	5.9
335.734	0.9
335.829	-5.98
335.924	-9.34
336.018	-16.22
336.113	-30.88
336.207	-24.25
336.302	-27.28
336.397	-29
336.491	-15.73
336.586	-7.78
336.68	-12.04
336.775	-0.66
336.869	-6.88
336.964	-13.52
337.059	-12.86
337.153	-14.09
337.248	-13.76
337.342	-3.36
337.437	-5.57
337.531	-8.27
337.626	4.18
337.72	4.83
337.815	-3.19
337.909	4.18
338.004	12.45
338.098	-4.01
338.193	-5.9
338.287	-0.41
338.381	-8.6
338.476	-10.16
338.57	-7.62
338.665	-9.91
338.759	-21.3
338.854	-7.45
338.948	-5.57
339.042	-2.38
339.137	-4.1
339.231	4.67
339.326	-5.65
339.42	-15.97
339.514	-11.47
339.609	-11.71
339.703	-14.5
339.797	-14.75
339.892	-13.11
339.986	-23.51
340.08	-17.86
340.175	-14.75
340.269	-21.63
340.363	-13.84
340.457	-1.56
340.552	1.56
340.646	-3.19
340.74	13.68
340.835	9.91
340.929	7.45
341.023	-2.05
341.117	5.32
341.212	-2.29
341.306	-7.05
341.4	-12.21
341.494	-8.85
341.588	-13.03
341.683	-11.3
341.777	-13.52
341.871	-26.54
341.965	-23.43
342.059	-14.75
342.153	-15.65
342.248	-15.48
342.342	-6.55
342.436	-10.98
342.53	-22.2
342.624	-27.2
342.718	-15.15
342.812	-10.08
342.906	-11.06
343.001	-14.01
343.095	-11.88
343.189	-10.4
343.283	-12.29
343.377	-11.71
343.471	-1.15
343.565	-0.08
343.659	-14.01
343.753	-9.09
343.847	-5
343.941	-12.86
344.035	-16.79
344.129	-8.85
344.223	-11.22
344.317	-22.86
344.411	-8.27
344.505	6.23
344.599	1.72
344.693	2.21
344.787	8.52
344.881	-0.66
344.975	-21.95
345.069	-27.12
345.163	-29.49
345.257	-32.6
345.351	-33.01
345.444	-24.99
345.538	-14.99
345.632	-18.1
345.726	-16.14
345.82	-14.34
345.914	-13.27
346.008	-16.71
346.102	-14.66
346.195	-15.4
346.289	-19.25
346.383	-20.07
346.477	-24.99
346.571	-28.67
346.665	-22.12
346.758	-21.38
346.852	-24.25
346.946	-18.43
347.04	-13.93
347.133	-19.5
347.227	-5
347.321	-5.73
347.415	-8.85
347.509	-6.47
347.602	0.49
347.696	-9.09
347.79	-0.16
347.883	8.36
347.977	7.78
348.071	6.39
348.165	4.51
348.258	-2.79
348.352	-5.98
348.446	-2.29
348.539	-9.01
348.633	-16.06
348.727	-12.37
348.82	-18.92
348.914	-22.04
349.007	-12.45
349.101	-13.35
349.195	-23.84
349.288	4.59
349.382	-7.13
349.476	-8.03
349.569	-3.19
349.663	9.5
349.756	-13.52
349.85	4.26
349.943	-0.66
350.037	3.85
350.13	-4.18
350.224	-8.03
350.318	-19.17
350.411	-16.38
350.505	-30.06
350.598	-29.16
350.692	-19.41
350.785	-11.47
350.879	-2.54
350.972	13.27
351.066	22.94
351.159	17.69
351.252	2.54
351.346	-14.34
351.439	-14.83
351.533	-13.43
351.626	-16.22
351.72	-9.83
351.813	-2.54
351.906	-6.23
352	-11.47
352.093	-15.97
352.187	-9.99
352.28	-24.33
352.373	-25.39
352.467	-21.87
352.56	-21.71
352.653	-18.02
352.747	2.21
352.84	2.05
352.933	-4.75
353.027	10.98
353.12	3.44
353.213	-7.7
353.307	-5.65
353.4	-9.83
353.493	-19.01
353.586	-24.41
353.68	-15.89
353.773	-10.81
353.866	-9.99
353.96	-12.7
354.053	-2.13
354.146	0.9
354.239	-7.95
354.332	4.01
354.426	2.05
354.519	5.16
354.612	5.41
354.705	1.64
354.798	-6.23
354.892	-3.44
354.985	-16.06
355.078	-24.66
355.171	-16.55
355.264	-5.08
355.357	-7.29
355.45	3.69
355.544	10.65
355.637	4.26
355.73	-9.42
355.823	-2.54
355.916	-10.81
356.009	-19.41
356.102	-7.7
356.195	0.98
356.288	-9.17
356.381	-0.74
356.474	4.01
356.567	-7.29
356.66	-10.4
356.754	1.72
356.847	4.42
356.94	6.14
357.033	6.72
357.126	-2.21
357.219	-10.24
357.312	-22.61
357.405	-27.12
357.497	-26.13
357.59	-17.28
357.683	-15.24
357.776	-15.97
357.869	-16.55
357.962	-6.55
358.055	-9.34
358.148	-9.99
358.241	1.31
358.334	-5.73
358.427	-14.75
358.52	-15.56
358.613	-14.5
358.705	-14.17
358.798	-14.91
358.891	-23.1
358.984	-15.56
359.077	-9.34
359.17	-11.55
359.263	1.8
359.355	12.12
359.448	2.38
359.541	8.93
359.634	6.88
359.727	1.39
359.819	0.25
359.912	1.31
360.005	-7.37
360.098	0.08
360.19	6.06
360.283	1.47
360.376	0.16
360.469	-3.44
360.561	-19.17
360.654	-29.08
360.747	-24.66
360.84	-27.93
360.932	-19.41
361.025	-6.14
361.118	0.25
361.21	6.88
361.303	12.45
361.396	0.74
361.488	-11.14
361.581	-6.88
361.674	-2.05
361.766	-8.36
361.859	-12.86
361.951	-11.96
362.044	-10.65
362.137	-21.38
362.229	-9.01
362.322	1.97
362.414	12.45
362.507	4.92
362.6	5.73
362.692	8.27
362.785	3.03
362.877	-8.19
362.97	-7.54
363.062	-16.47
363.155	-14.42
363.247	-13.84
363.34	-12.7
363.432	-16.47
363.525	-9.26
363.617	-18.76
363.71	-18.51
363.802	-13.93
363.895	-6.31
363.987	-10.98
364.08	-1.72
364.172	-8.44
364.265	-2.7
364.357	-8.03
364.449	1.88
364.542	-6.64
364.634	-10.4
364.727	-14.42
364.819	-14.75
364.911	-19.25
365.004	-19.91
365.096	-3.03
365.188	-11.14
365.281	-6.55
365.373	-3.85
365.466	-1.31
365.558	-4.01
365.65	-7.78
365.742	-15.32
365.835	-15.15
365.927	-19.17
366.019	-16.22
366.112	-7.7
366.204	-4.42
366.296	-1.88
366.389	3.44
366.481	-3.11
366.573	-3.19
366.665	-2.38
366.758	-7.45
366.85	-4.1
366.942	-4.01
367.034	-13.03
367.126	-8.11
367.219	-3.36
367.311	0.98
367.403	15.24
367.495	30.97
367.587	12.7
367.679	7.21
367.772	1.06
367.864	-18.27
367.956	-23.26
368.048	-14.5
368.14	-20.07
368.232	-24.99
368.324	-23.67
368.417	-32.11
368.509	-39.57
368.601	-26.05
368.693	-29.16
368.785	-16.3
368.877	-4.67
368.969	6.06
369.061	3.28
369.153	6.23
369.245	-7.13
369.337	-3.03
369.429	5.24
369.521	2.13
369.613	2.87
369.705	10.32
369.797	-11.14
369.889	-14.66
369.981	-16.63
370.073	-16.22
370.165	-14.58
370.257	-0.49
370.349	-7.05
370.441	-2.46
370.533	-11.06
370.625	-14.34
370.717	-14.99
370.809	-13.76
370.901	-17.2
370.993	-5.65
371.084	-7.95
371.176	-1.31
371.268	0.57
371.36	-3.11
371.452	-5.24
371.544	-10.49
371.636	-18.43
371.727	-6.8
371.819	-3.36
371.911	-8.03
372.003	-2.54
372.095	-7.37
372.187	-17.04
372.278	-13.84
372.37	-7.7
372.462	-4.51
372.554	-1.72
372.645	-11.14
372.737	-19.58
372.829	-15.24
372.921	-12.94
373.012	-4.67
373.104	4.59
373.196	13.19
373.288	13.6
373.379	6.31
373.471	-4.42
373.563	-3.28
373.654	-0.25
373.746	-9.75
373.838	-4.1
373.929	-10.65
374.021	-9.67
374.113	-19.58
374.204	-22.94
374.296	-23.35
374.388	-11.3
374.479	-14.75
374.571	-17.69
374.662	-16.22
374.754	-18.68
374.846	-17.45
374.937	-10.81
375.029	-2.79
375.12	-0.49
375.212	10.24
375.304	8.27
375.395	2.29
375.487	-6.23
375.578	-2.54
375.67	-17.86
375.761	-8.27
375.853	-6.23
375.944	-3.52
376.036	-11.39
376.127	-5.57
376.219	-17.86
376.31	-23.02
376.402	-14.99
376.493	-10.16
376.584	-5.9
376.676	8.27
376.767	2.62
376.859	-1.72
376.95	-8.11
377.042	-10.24
377.133	-23.76
377.224	-15.15
377.316	-14.66
377.407	-6.14
377.499	-24.25
377.59	-19.01
377.681	-13.52
377.773	-6.14
377.864	-12.37
377.955	5.49
378.047	4.34
378.138	1.39
378.229	-11.06
378.321	2.87
378.412	-6.31
378.503	-0.08
378.595	-2.87
378.686	3.52
378.777	-4.26
378.868	0.41
378.96	-0.57
379.051	-5
379.142	-15.15
379.233	-13.19
379.325	-7.13
379.416	-16.79
379.507	-10.08
379.598	-5.24
379.689	-5.24
379.781	-16.22
379.872	-8.68
379.963	-10.98
380.054	-8.36
380.145	-18.27
380.236	-5.32
380.328	2.54
380.419	16.79
380.51	14.34
380.601	10.08
380.692	5.82
380.783	-7.29
380.874	-21.63
380.965	-17.37
381.056	-9.99
381.148	-15.32
381.239	-10.81
381.33	-2.87
381.421	-1.64
381.512	-9.17
381.603	-3.36
381.694	-4.18
381.785	-6.23
381.876	-13.11
381.967	-5.32
382.058	-1.64
382.149	-8.85
382.24	-22.36
382.331	-14.42
382.422	-10.81
382.513	-11.06
382.604	-13.11
382.695	-4.59
382.786	-15.32
382.877	-20.23
382.968	-18.6
383.059	-18.27
383.149	-20.15
383.24	-15.65
383.331	-7.78
383.422	-7.54
383.513	4.51
383.604	1.31
383.695	7.78
383.786	10.08
383.877	4.42
383.967	-4.67
384.058	-5.82
384.149	-11.96
384.24	-17.45
384.331	-22.53
384.421	-22.28
384.512	-10.98
384.603	-2.95
384.694	-1.23
384.785	-1.88
384.875	1.06
384.966	-2.38
385.057	-4.26
385.148	-5.73
385.238	-0.74
385.329	-2.21
385.42	-9.26
385.511	-16.14
385.601	-14.58
385.692	-13.35
385.783	-7.95
385.873	-5.82
385.964	-8.19
386.055	-15.65
386.146	-22.77
386.236	-21.95
386.327	-20.23
386.417	-15.15
386.508	-4.42
386.599	0.98
386.689	1.39
386.78	0.57
386.871	4.18
386.961	-1.39
387.052	8.52
387.142	-7.29
387.233	-7.45
387.324	-14.34
387.414	-3.52
387.505	-12.04
387.595	3.28
387.686	-1.39
387.776	0.16
387.867	-3.85
387.957	-3.77
388.048	-3.6
388.138	5.57
388.229	7.29
388.319	3.28
388.41	9.75
388.5	-0.66
388.591	-12.12
388.681	-13.43
388.772	-22.2
388.862	-27.03
388.953	-19.25
389.043	-11.71
389.134	-4.75
389.224	-0.82
389.314	-1.47
389.405	3.19
389.495	1.97
389.586	-2.54
389.676	-0.82
389.766	2.62
389.857	-10.73
389.947	-12.29
390.037	-15.81
390.128	-17.94
390.218	-20.56
390.308	-17.45
390.399	-13.27
390.489	-7.86
390.579	1.88
390.67	2.79
390.76	6.31
390.85	2.95
390.94	0.08
391.031	-3.28
391.121	-13.84
391.211	-13.93
391.301	-21.46
391.392	-27.44
391.482	-28.02
391.572	-19.41
391.662	-23.02
391.753	-14.25
391.843	-13.84
391.933	-11.47
392.023	-10.49
392.113	-8.6
392.204	-11.63
392.294	-4.1
392.384	-11.63
392.474	-12.29
392.564	-8.36
392.654	-6.88
392.744	-4.59
392.835	-6.23
392.925	-9.26
393.015	-11.88
393.105	-8.6
393.195	-14.99
393.285	-9.26
393.375	-19.09
393.465	-16.88
393.555	-17.61
393.645	-14.5
393.735	-19.33
393.825	-14.58
393.915	-9.26
394.005	-4.01
394.095	-1.56
394.185	2.38
394.275	6.72
394.365	4.1
394.455	-5.41
394.545	-5
394.635	-9.17
394.725	-3.93
394.815	-14.83
394.905	-5.24
394.995	-6.14
395.085	-5.49
395.175	-9.91
395.265	-2.54
395.355	-9.34
395.445	-17.94
395.535	-22.12
395.625	-19.91
395.714	-12.94
395.804	-14.99
395.894	-8.11
395.984	0.41
396.074	-7.37
396.164	-15.97
396.254	-15.48
396.343	-16.79
396.433	-20.07
396.523	-13.68
396.613	-12.7
396.703	-8.11
396.792	0
396.882	3.11
396.972	2.38
397.062	-0.41
397.151	-2.46
397.241	-2.62
397.331	-10.98
397.421	-13.19
397.51	-21.95
397.6	-16.88
397.69	-25.48
397.78	-14.5
397.869	-13.76
397.959	5.24
398.049	-4.59
398.138	-15.65
398.228	-20.81
398.318	-19.66
398.407	-31.54
398.497	-33.67
398.587	-27.28
398.676	-29.65
398.766	-32.93
398.856	-28.67
398.945	-30.39
399.035	-21.71
399.124	-15.07
399.214	-12.21
399.303	-8.36
399.393	2.13
399.483	-1.23
399.572	-0.49
399.662	-2.21
399.751	-0.08
399.841	4.1
399.93	0.98
400.02	-9.83
400.109	-5.73
400.199	-14.75
400.288	-15.97
400.378	-16.55
400.467	-7.29
400.557	-8.03
400.646	-3.11
400.736	-13.27
400.825	-13.6
400.915	-9.58
401.004	0
401.094	-1.23
401.183	2.79
401.272	2.54
401.362	-10.4
401.451	-27.61
401.541	-29.16
401.63	-31.78
401.719	-36.86
401.809	-28.67
401.898	-16.63
401.987	-10.98
402.077	-10.98
402.166	-7.45
402.255	-17.94
402.345	-28.02
402.434	-25.07
402.523	-17.28
402.613	-11.8
402.702	-3.03
402.791	-0.16
402.881	-5.49
402.97	-9.17
403.059	-9.99
403.148	-11.39
403.238	-11.3
403.327	-20.97
403.416	-19.5
403.505	-16.96
403.594	-23.51
403.684	-18.35
403.773	-17.45
403.862	-15.81
403.951	-13.11
404.04	-2.79
404.13	-14.17
404.219	-0.98
404.308	0.16
404.397	-5
404.486	-0.82
404.575	10.49
404.665	2.38
404.754	1.15
404.843	4.67
404.932	14.34
405.021	5.73
405.11	10.73
405.199	-1.64
405.288	-11.22
405.377	-32.52
405.466	-35.06
405.555	-33.83
405.644	-21.46
405.733	-17.2
405.823	-15.81
405.912	-12.53
406.001	-18.19
406.09	-20.48
406.179	-21.22
406.268	-11.55
406.357	4.67
406.446	13.93
406.534	8.68
406.623	8.6
406.712	8.03
406.801	-6.39
406.89	-20.73
406.979	-12.53
407.068	-9.67
407.157	-11.96
407.246	-7.78
407.335	1.06
407.424	1.47
407.513	5.49
407.602	5.9
407.69	4.1
407.779	1.8
407.868	-0.33
407.957	-12.45
408.046	-6.39
408.135	-16.79
408.223	-14.66
408.312	-15.32
408.401	-4.42
408.49	-15.07
408.579	-9.26
408.668	-4.26
408.756	-0.9
408.845	-3.44
408.934	2.87
409.023	5
409.111	-6.06
409.2	-13.84
409.289	-6.55
409.378	-16.38
409.466	-7.86
409.555	-15.15
409.644	-15.65
409.732	-14.58
409.821	-8.27
409.91	-11.88
409.998	-7.29
410.087	1.56
410.176	-8.77
410.264	-11.14
410.353	-15.89
410.442	-11.47
410.53	-17.61
410.619	-15.97
410.708	-9.99
410.796	-2.21
410.885	-1.06
410.973	7.21
411.062	11.55
411.151	4.75
411.239	-4.51
411.328	1.31
411.416	-1.31
411.505	-6.06
411.593	-7.54
411.682	-5.73
411.77	-4.34
411.859	-0.98
411.947	6.8
412.036	9.26
412.124	15.4
412.213	10.9
412.301	1.56
412.39	-0.08
412.478	-2.38
412.567	-11.06
412.655	-10.98
412.744	-20.64
412.832	-33.83
412.92	-23.76
413.009	-25.15
413.097	-19.25
413.186	-5
413.274	9.5
413.363	1.97
413.451	6.64
413.539	0.49
413.628	4.67
413.716	-8.03
413.804	-7.95
413.893	-17.61
413.981	-11.8
414.069	-16.79
414.158	-3.52
414.246	-16.22
414.334	-8.11
414.423	-14.17
414.511	-6.23
414.599	-6.23
414.687	11.39
414.776	22.2
414.864	20.73
414.952	13.03
415.04	12.12
415.129	13.6
415.217	13.52
415.305	15.65
415.393	18.68
415.482	8.36
415.57	6.06
415.658	-0.66
415.746	-2.79
415.834	-2.95
415.922	-8.52
416.011	-15.73
416.099	-17.2
416.187	-20.4
416.275	-22.53
416.363	-7.05
416.451	-7.54
416.539	-4.83
416.628	-9.5
416.716	-12.86
416.804	-11.88
416.892	-6.31
416.98	-11.63
417.068	-2.29
417.156	-5.82
417.244	-7.54
417.332	-1.47
417.42	0.33
417.508	1.8
417.596	11.88
417.684	2.38
417.772	-3.6
417.86	-7.21
417.948	-5.73
418.036	-9.83
418.124	8.52
418.212	7.45
418.3	15.97
418.388	16.55
418.476	12.12
418.564	2.21
418.652	-3.36
418.74	-16.55
418.828	-21.63
418.916	-22.69
419.004	-29.65
419.091	-20.56
419.179	-9.75
419.267	-3.77
419.355	4.42
419.443	12.62
419.531	18.02
419.619	13.27
419.706	4.51
419.794	-4.75
419.882	-16.88
419.97	-21.63
420.058	-10.49
420.146	-8.6
420.233	-10.98
420.321	1.97
420.409	-4.26
420.497	-18.68
420.584	-7.95
420.672	0.98
420.76	3.52
420.848	7.29
420.935	9.75
421.023	-3.19
421.111	-6.06
421.199	-13.52
421.286	-14.66
421.374	-8.27
421.462	-11.22
421.549	-20.89
421.637	-20.81
421.725	-17.45
421.812	-19.5
421.9	-14.75
421.988	-3.6
422.075	-11.06
422.163	-27.03
422.25	-27.52
422.338	-26.05
422.426	-25.23
422.513	-20.4
422.601	-10.49
422.688	-1.31
422.776	2.29
422.864	-0.82
422.951	7.62
423.039	4.59
423.126	-10.65
423.214	-7.62
423.301	-6.55
423.389	-13.35
423.476	4.59
423.564	13.19
423.651	10.65
423.739	7.95
423.826	13.68
423.914	0.82
424.001	-9.58
424.089	-21.38
424.176	-19.5
424.264	-25.97
424.351	-25.31
424.438	-23.02
424.526	-8.27
424.613	-8.03
424.701	-5.32
424.788	-9.91
424.876	-0.25
424.963	-5.73
425.05	2.38
425.138	7.62
425.225	8.11
425.312	-4.75
425.4	-8.52
425.487	-16.71
425.574	-22.53
425.662	-18.27
425.749	-15.48
425.836	-13.19
425.924	-15.48
426.011	-12.37
426.098	-21.14
426.185	-16.47
426.273	-16.3
426.36	-15.07
426.447	-16.06
426.534	-5.24
426.622	0.25
426.709	-5.82
426.796	-8.19
426.883	-8.68
426.971	-15.81
427.058	-16.88
427.145	-12.12
427.232	-3.44
427.319	0
427.406	3.44
427.494	0.9
427.581	10.49
427.668	5.9
427.755	1.47
427.842	3.11
427.929	0.66
428.016	-5.98
428.104	-2.29
428.191	-7.05
428.278	-9.58
428.365	-4.83
428.452	-2.95
428.539	-8.27
428.626	-2.38
428.713	-7.21
428.8	-9.91
428.887	-16.63
428.974	-14.66
429.061	-17.69
429.148	-2.13
429.235	13.6
429.322	17.78
429.409	22.86
429.496	25.56
429.583	17.94
429.67	6.14
429.757	3.44
429.844	3.85
429.931	4.83
430.018	5.24
430.105	-3.03
430.192	1.8
430.279	-2.79
430.366	-9.09
430.453	-14.09
430.539	-8.27
430.626	-15.32
430.713	-15.89
430.8	-9.75
430.887	-9.34
430.974	-18.43
431.061	-12.86
431.147	-14.91
431.234	-16.88
431.321	-8.27
431.408	3.52
431.495	2.29
431.582	11.88
431.668	17.53
431.755	15.56
431.842	18.1
431.929	14.83
432.015	5.57
432.102	1.31
432.189	-6.8
432.276	-10.98
432.362	-1.56
432.449	4.67
432.536	-1.72
432.623	4.92
432.709	1.23
432.796	-4.75
432.883	-4.01
432.969	6.88
433.056	12.86
433.143	8.77
433.229	6.06
433.316	4.26
433.403	0.98
433.489	-13.68
433.576	-2.79
433.662	1.97
433.749	4.83
433.836	-4.42
433.922	-0.98
434.009	-14.58
434.095	-18.27
434.182	-13.19
434.268	-4.59
434.355	4.18
434.442	11.71
434.528	7.37
434.615	0.33
434.701	-8.52
434.788	-10.73
434.874	-5.57
434.961	1.64
435.047	-3.93
435.134	7.13
435.22	6.8
435.307	-3.77
435.393	-2.95
435.48	-7.37
435.566	-14.01
435.652	-13.27
435.739	-7.21
435.825	-12.12
435.912	0.33
435.998	2.46
436.084	-6.06
436.171	-3.11
436.257	11.55
436.344	7.05
436.43	16.3
436.516	11.22
436.603	0.33
436.689	-11.55
436.775	-10.9
436.862	-13.52
436.948	3.19
437.034	16.38
437.121	18.51
437.207	13.68
437.293	13.27
437.38	14.83
437.466	1.64
437.552	-2.38
437.638	5.32
437.725	-3.69
437.811	-14.34
437.897	-17.78
437.983	-18.02
438.07	-26.79
438.156	-23.51
438.242	-15.15
438.328	-0.08
438.414	6.23
438.501	3.6
438.587	-3.77
438.673	4.1
438.759	-1.88
438.845	-9.5
438.931	-8.68
439.017	-4.59
439.104	-19.33
439.19	-14.83
439.276	-20.97
439.362	-21.38
439.448	-19.09
439.534	-17.69
439.62	-16.06
439.706	4.1
439.792	11.63
439.878	17.04
439.964	23.67
440.05	19.99
440.137	11.71
440.223	14.01
440.309	10.49
440.395	5.41
440.481	9.34
440.567	9.26
440.653	5.08
440.739	2.87
440.825	5.32
440.911	2.38
440.996	-0.66
441.082	-3.36
441.168	-4.42
441.254	-4.92
441.34	2.29
441.426	5.08
441.512	9.58
441.598	19.58
441.684	19.91
441.77	17.2
441.856	13.68
441.941	9.42
442.027	6.55
442.113	7.21
442.199	-4.75
442.285	0.08
442.371	6.23
442.457	2.95
442.542	5.65
442.628	13.93
442.714	12.53
442.8	14.09
442.886	11.88
442.971	10.57
443.057	12.21
443.143	16.06
443.229	6.8
443.314	5
443.4	-0.9
443.486	7.62
443.572	-13.19
443.657	-14.09
443.743	-4.51
443.829	-7.54
443.914	-16.88
444	-2.21
444.086	7.29
444.171	2.79
444.257	6.31
444.343	2.62
444.428	2.54
444.514	-6.8
444.6	-8.11
444.685	-12.45
444.771	-8.19
444.857	-11.71
444.942	-0.41
445.028	-2.05
445.113	1.8
445.199	3.52
445.285	8.6
445.37	4.59
445.456	-2.38
445.541	0.25
445.627	-9.5
445.712	-6.47
445.798	-3.19
445.883	8.19
445.969	5.73
446.054	15.48
446.14	12.62
446.225	10.81
446.311	17.53
446.396	18.27
446.482	21.87
446.567	21.71
446.653	18.68
446.738	1.23
446.823	0.08
446.909	0.66
446.994	5
447.08	-0.57
447.165	4.92
447.251	9.17
447.336	5.57
447.421	2.95
447.507	19.66
447.592	25.56
447.677	26.38
447.763	18.68
447.848	21.95
447.933	18.02
448.019	20.89
448.104	12.62
448.189	20.23
448.275	14.5
448.36	15.65
448.445	19.66
448.53	21.87
448.616	21.95
448.701	31.62
448.786	34.41
448.872	19.17
448.957	31.13
449.042	27.52
449.127	21.05
449.212	12.37
449.298	18.84
449.383	13.27
449.468	16.06
449.553	12.7
449.638	9.09
449.724	9.17
449.809	4.83
449.894	12.04
449.979	16.79
450.064	20.15
450.149	23.26
450.234	27.93
450.319	18.43
450.405	15.97
450.49	16.88
450.575	15.73
450.66	22.36
450.745	29.24
450.83	29.9
450.915	22.53
451	21.22
451.085	17.2
451.17	12.53
451.255	14.83
451.34	16.71
451.425	19.17
451.51	9.75
451.595	4.1
451.68	-4.01
451.765	-0.57
451.85	-0.16
451.935	8.11
452.02	21.46
452.105	24.9
452.19	20.73
452.275	27.44
452.36	27.77
452.445	23.76
452.53	26.79
452.615	33.5
452.699	30.06
452.784	25.31
452.869	23.26
452.954	23.18
453.039	23.92
453.124	22.53
453.209	23.76
453.293	23.92
453.378	24.25
453.463	27.61
453.548	43.17
453.633	40.88
453.718	38.42
453.802	35.31
453.887	48.82
453.972	26.3
454.057	31.46
454.141	39.98
454.226	51.69
454.311	27.2
454.396	37.76
454.48	36.21
454.565	35.72
454.65	24.49
454.735	38.09
454.819	25.48
454.904	39.65
454.989	41.29
455.073	56.03
455.158	56.36
455.243	67.66
455.327	39.32
455.412	29.08
455.497	18.35
455.581	12.62
455.666	17.37
455.75	29.57
455.835	39.32
455.92	36.54
456.004	43.5
456.089	39.08
456.173	43.09
456.258	37.35
456.343	54.8
456.427	49.07
456.512	38.42
456.596	38.5
456.681	45.14
456.765	35.06
456.85	37.6
456.934	47.27
457.019	39.98
457.103	30.72
457.188	34.16
457.272	28.34
457.357	20.73
457.441	19.5
457.526	24.49
457.61	17.12
457.694	28.51
457.779	29.41
457.863	35.47
457.948	38.58
458.032	35.23
458.116	30.47
458.201	31.87
458.285	35.72
458.37	28.67
458.454	40.71
458.538	33.1
458.623	38.99
458.707	34.65
458.791	29.82
458.876	23.67
458.96	30.97
459.044	28.02
459.129	30.31
459.213	32.44
459.297	31.37
459.381	22.12
459.466	23.02
459.55	27.28
459.634	25.15
459.718	18.27
459.803	24.58
459.887	22.28
459.971	11.88
460.055	12.86
460.14	17.69
460.224	12.29
460.308	5.24
460.392	4.1
460.476	8.77
460.56	21.54
460.645	29.49
460.729	36.45
460.813	37.85
460.897	40.55
460.981	26.87
461.065	23.92
461.149	27.77
461.233	28.18
461.318	24.66
461.402	26.62
461.486	27.28
461.57	22.12
461.654	16.88
461.738	14.01
461.822	10.98
461.906	6.96
461.99	8.77
462.074	26.71
462.158	25.48
462.242	20.64
462.326	26.62
462.41	26.87
462.494	13.03
462.578	18.27
462.662	35.23
462.746	24.17
462.83	33.91
462.914	34.08
462.998	36.54
463.082	30.31
463.166	36.7
463.25	15.73
463.334	20.64
463.417	16.71
463.501	7.95
463.585	13.19
463.669	28.26
463.753	27.85
463.837	27.77
463.921	29.49
464.004	25.39
464.088	21.87
464.172	17.28
464.256	12.94
464.34	15.15
464.424	9.75
464.507	9.67
464.591	17.86
464.675	25.64
464.759	34.49
464.842	36.21
464.926	38.99
465.01	38.75
465.094	37.35
465.177	25.48
465.261	28.1
465.345	31.7
465.429	29.41
465.512	19.25
465.596	10.4
465.68	6.23
465.763	-5.24
465.847	1.88
465.931	5
466.014	28.1
466.098	18.19
466.182	15.56
466.265	12.94
466.349	16.88
466.433	0.66
466.516	12.78
466.6	20.56
466.683	21.54
466.767	15.81
466.851	19.99
466.934	20.81
467.018	14.91
467.101	6.23
467.185	13.19
467.268	14.58
467.352	17.86
467.435	18.1
467.519	20.48
467.602	13.03
467.686	5.65
467.769	-3.03
467.853	-2.46
467.936	-8.19
468.02	1.47
468.103	2.46
468.187	10.16
468.27	14.83
468.354	8.19
468.437	-2.79
468.52	10.16
468.604	5.82
468.687	-0.25
468.771	8.6
468.854	18.92
468.937	8.93
469.021	13.03
469.104	20.89
469.187	14.17
469.271	16.3
469.354	20.64
469.437	15.65
469.521	3.36
469.604	9.42
469.687	2.7
469.771	11.96
469.854	11.39
469.937	13.27
470.021	8.68
470.104	6.8
470.187	1.47
470.27	-2.7
470.354	-4.59
470.437	-6.8
470.52	-5.08
470.603	-14.09
470.686	-10.32
470.77	-0.16
470.853	1.88
470.936	1.06
471.019	-2.29
471.102	-10.73
471.186	-14.91
471.269	-4.26
471.352	2.13
471.435	4.01
471.518	22.36
471.601	14.42
471.684	5.41
471.768	3.11
471.851	12.86
471.934	4.1
472.017	6.72
472.1	4.26
472.183	4.01
472.266	-0.33
472.349	10.49
472.432	9.5
472.515	15.89
472.598	18.27
472.681	11.8
472.764	4.83
472.847	17.53
472.93	16.06
473.013	15.32
473.096	13.76
473.179	12.86
473.262	7.78
473.345	4.92
473.428	-4.75
473.511	-3.36
473.594	-10.08
473.677	-24.17
473.76	-15.97
473.843	-7.62
473.926	-8.93
474.009	-0.74
474.091	17.53
474.174	7.45
474.257	4.92
474.34	9.5
474.423	10.16
474.506	6.23
474.589	10.81
474.671	14.83
474.754	4.92
474.837	-1.47
474.92	1.47
475.003	9.42
475.085	-1.47
475.168	6.14
475.251	10.08
475.334	6.88
475.417	-7.13
475.499	-2.7
475.582	-5.65
475.665	-9.99
475.748	-13.84
475.83	-2.7
475.913	-1.15
475.996	17.37
476.078	23.35
476.161	23.26
476.244	13.27
476.326	20.56
476.409	1.72
476.492	1.06
476.574	2.13
476.657	4.67
476.74	-7.54
476.822	-7.62
476.905	-7.95
476.988	-1.8
477.07	7.13
477.153	9.58
477.235	18.84
477.318	12.86
477.4	2.29
477.483	-9.01
477.566	-9.34
477.648	-14.5
477.731	-3.19
477.813	3.69
477.896	6.39
477.978	6.06
478.061	4.92
478.143	1.39
478.226	1.8
478.308	-3.69
478.391	4.83
478.473	3.28
478.556	5.9
478.638	1.23
478.72	14.17
478.803	9.91
478.885	20.32
478.968	13.19
479.05	19.01
479.133	17.2
479.215	7.45
479.297	6.14
479.38	5
479.462	-1.72
479.544	-6.31
479.627	-1.88
479.709	-3.19
479.792	-1.8
479.874	4.01
479.956	8.19
480.039	13.6
480.121	3.28
480.203	1.39
480.285	-3.11
480.368	1.06
480.45	0.9
480.532	1.97
480.615	2.13
480.697	7.62
480.779	-3.11
480.861	0.25
480.943	7.54
481.026	10.4
481.108	7.45
481.19	13.52
481.272	10.81
481.354	10.81
481.437	13.35
481.519	16.63
481.601	20.97
481.683	32.93
481.765	25.64
481.847	30.56
481.93	26.38
482.012	19.01
482.094	-1.97
482.176	7.54
482.258	-10.81
482.34	-0.33
482.422	1.72
482.504	7.37
482.586	9.5
482.668	18.68
482.75	12.7
482.833	22.77
482.915	24.49
482.997	21.54
483.079	22.36
483.161	18.43
483.243	6.72
483.325	9.26
483.407	14.25
483.489	23.26
483.571	28.59
483.653	33.91
483.735	31.05
483.816	38.01
483.898	34.57
483.98	26.62
484.062	27.12
484.144	32.6
484.226	22.04
484.308	19.33
484.39	23.02
484.472	21.95
484.554	23.84
484.636	24.82
484.717	26.05
484.799	23.59
484.881	21.14
484.963	22.28
485.045	27.12
485.127	23.84
485.208	18.84
485.29	22.61
485.372	18.27
485.454	9.99
485.536	17.78
485.617	44.24
485.699	43.66
485.781	45.46
485.863	54.07
485.944	51.04
486.026	35.72
486.108	32.85
486.19	35.72
486.271	23.1
486.353	17.53
486.435	25.15
486.516	26.95
486.598	16.22
486.68	16.47
486.761	24
486.843	9.99
486.925	14.58
487.006	17.45
487.088	26.38
487.17	22.61
487.251	28.59
487.333	25.97
487.414	37.85
487.496	41.94
487.578	39.81
487.659	44.89
487.741	43.42
487.822	43.17
487.904	35.23
487.985	46.69
488.067	39.24
488.148	54.39
488.23	47.43
488.311	52.43
488.393	47.35
488.474	51.69
488.556	31.46
488.637	35.88
488.719	42.84
488.8	38.42
488.882	41.86
488.963	50.63
489.045	43.66
489.126	40.88
489.207	42.35
489.289	49.81
489.37	50.05
489.452	53.17
489.533	54.89
489.614	60.87
489.696	50.95
489.777	50.87
489.859	55.62
489.94	50.05
490.021	43.42
490.103	43.25
490.184	37.68
490.265	45.14
490.347	39.65
490.428	45.63
490.509	51.77
490.59	51.85
490.672	39.73
490.753	52.92
490.834	50.3
490.915	47.1
490.997	59.23
491.078	63.49
491.159	57.59
491.24	44.89
491.322	38.34
491.403	28.51
491.484	29.49
491.565	39.48
491.646	52.1
491.728	50.05
491.809	58.82
491.89	63
491.971	55.95
492.052	64.14
492.133	67.01
492.214	64.39
492.296	61.28
492.377	62.42
492.458	60.29
492.539	66.27
492.62	68.48
492.701	64.88
492.782	61.11
492.863	55.21
492.944	54.15
493.025	58.65
493.106	60.13
493.187	72.42
493.268	72.58
493.349	86.18
493.43	84.13
493.511	83.56
493.592	70.94
493.673	75.94
493.754	67.26
493.835	66.76
493.916	76.18
493.997	83.8
494.078	80.44
494.159	78.64
494.24	79.79
494.321	78.4
494.402	75.69
494.483	82.57
494.564	78.48
494.644	79.71
494.725	70.2
494.806	63.65
494.887	62.01
494.968	67.99
495.049	70.94
495.13	81.92
495.21	88.8
495.291	87.82
495.372	86.92
495.453	78.15
495.534	76.02
495.614	78.56
495.695	76.51
495.776	84.05
495.857	83.97
495.938	87.65
496.018	82.25
496.099	91.67
496.18	86.75
496.26	91.59
496.341	93.31
496.422	104.77
496.503	109.03
496.583	103.63
496.664	108.54
496.745	98.22
496.825	96.34
496.906	86.92
496.987	107.07
497.067	106.17
497.148	126.48
497.228	131.4
497.309	135.49
497.39	135.9
497.47	135.82
497.551	130.99
497.632	128.53
497.712	124.27
497.793	107.97
497.873	115.75
497.954	106.49
498.034	101.99
498.115	116.98
498.195	127.88
498.276	121.08
498.356	135.9
498.437	141.47
498.517	131.23
498.598	122.55
498.678	128.53
498.759	137.05
498.839	140.82
498.92	144.91
499	150.48
499.081	154.5
499.161	141.39
499.242	144.5
499.322	153.76
499.402	156.55
499.483	145.16
499.563	146.72
499.644	142.62
499.724	143.03
499.804	146.63
499.885	162.69
499.965	155.89
500.045	149.67
500.126	136.15
500.206	153.93
500.286	155.65
500.367	161.46
500.447	171.78
500.527	181.61
500.608	162.85
500.688	161.71
500.768	154.91
500.848	154.83
500.929	157.04
501.009	163.76
501.089	164.08
501.169	178.5
501.25	182.84
501.33	189.72
501.41	187.02
501.49	175.72
501.57	176.53
501.651	177.19
501.731	169.82
501.811	172.44
501.891	186.45
501.971	184.48
502.051	189.15
502.131	194.48
502.212	194.15
502.292	201.11
502.372	194.07
502.452	188.41
502.532	193.9
502.612	209.06
502.692	194.31
502.772	204.39
502.852	204.96
502.932	202.42
503.012	198.16
503.092	210.7
503.172	208.4
503.252	223.8
503.332	238.22
503.412	232.65
503.492	240.35
503.572	244.12
503.652	236.17
503.732	234.78
503.812	241.91
503.892	251.08
503.972	267.22
504.052	270.82
504.132	270.25
504.212	267.87
504.292	262.8
504.372	262.63
504.452	277.62
504.532	282.21
504.612	289.01
504.691	289.75
504.771	295.73
504.851	298.84
504.931	304.82
505.011	309.9
505.091	327.76
505.17	330.71
505.25	328.25
505.33	334.23
505.41	336.69
505.49	335.46
505.57	333.57
505.649	331.03
505.729	338.9
505.809	352.09
505.889	351.35
505.968	365.52
506.048	380.59
506.128	379.45
506.207	379.2
506.287	383.71
506.367	384.61
506.447	384.69
506.526	390.75
506.606	398.86
506.686	406.56
506.765	407.63
506.845	406.48
506.925	401.48
507.004	406.73
507.084	409.51
507.163	418.85
507.243	436.71
507.323	443.59
507.402	449.24
507.482	451.13
507.561	449.49
507.641	442.44
507.721	452.44
507.8	454.57
507.88	464.64
507.959	468.08
508.039	481.27
508.118	477.18
508.198	473
508.277	473.9
508.357	488.4
508.436	479.22
508.516	482.91
508.595	492.41
508.675	483.16
508.754	476.44
508.834	500.11
508.913	517.97
508.993	524.2
509.072	539.6
509.151	550.49
509.231	545.17
509.31	538.78
509.39	558.77
509.469	573.19
509.548	574.41
509.628	584
509.707	593.01
509.786	593.26
509.866	587.03
509.945	598.74
510.025	607.35
510.104	619.96
510.183	617.59
510.262	630.77
510.342	636.51
510.421	634.87
510.5	640.93
510.58	662.64
510.659	667.97
510.738	670.34
510.817	690
510.897	705.4
510.976	709.25
511.055	728.83
511.134	735.3
511.213	745.46
511.293	739.07
511.372	738.25
511.451	740.96
511.53	761.27
511.609	761.43
511.689	771.18
511.768	787.24
511.847	791.17
511.926	801.74
512.005	819.92
512.084	844.25
512.163	851.46
512.242	868.58
512.322	885.54
512.401	890.29
512.48	891.11
512.559	897.83
512.638	909.13
512.717	907.17
512.796	914.79
512.875	921.75
512.954	933.87
513.033	941.33
513.112	950.09
513.191	960.25
513.27	968.77
513.349	975.82
513.428	980.08
513.507	985.89
513.586	984.58
513.665	1000.8
513.744	1009.4
513.823	1011.29
513.902	1013.33
513.981	1023.25
514.06	1017.68
514.138	1017.02
514.217	1018.91
514.296	1026.93
514.375	1044.05
514.454	1047.66
514.533	1060.19
514.612	1068.3
514.691	1078.79
514.769	1071.82
514.848	1087.72
514.927	1090.83
515.006	1084.28
515.085	1081.49
515.163	1090.83
515.242	1102.79
515.321	1099.68
515.4	1112.05
515.479	1126.06
515.557	1136.7
515.636	1128.19
515.715	1147.27
515.794	1150.79
515.872	1156.77
515.951	1159.89
516.03	1179.55
516.108	1176.19
516.187	1188.64
516.266	1190.69
516.344	1194.21
516.423	1187.41
516.502	1205.6
516.58	1221.65
516.659	1233.29
516.738	1233.7
516.816	1244.18
516.895	1244.84
516.974	1238.86
517.052	1241.31
517.131	1262.78
517.209	1251.64
517.288	1252.37
517.367	1279
517.445	1289.89
517.524	1283.91
517.602	1311.27
517.681	1320.2
517.759	1316.11
517.838	1324.46
517.916	1344.7
517.995	1352.97
518.073	1369.27
518.152	1381.31
518.23	1395.81
518.309	1396.06
518.387	1411.46
518.466	1410.97
518.544	1412.61
518.623	1416.62
518.701	1430.47
518.779	1433.25
518.858	1438.98
518.936	1457.58
519.015	1467.74
519.093	1463.81
519.171	1469.13
519.25	1477.65
519.328	1481.91
519.407	1486.33
519.485	1501.98
519.563	1504.11
519.642	1516.48
519.72	1518.28
519.798	1512.79
519.876	1515.5
519.955	1514.1
520.033	1506.57
520.111	1508.78
520.19	1521.72
520.268	1520.49
520.346	1529.91
520.424	1535.08
520.503	1536.96
520.581	1529.26
520.659	1530.98
520.737	1532.13
520.816	1533.44
520.894	1520.41
520.972	1510.34
521.05	1507.14
521.128	1501.73
521.206	1501.98
521.285	1498.05
521.363	1490.51
521.441	1479.04
521.519	1478.31
521.597	1456.02
521.675	1449.8
521.753	1451.85
521.832	1443.08
521.91	1426.29
521.988	1426.12
522.066	1422.27
522.144	1407.94
522.222	1401.14
522.3	1383.94
522.378	1370.91
522.456	1363.21
522.534	1355.92
522.612	1356.16
522.69	1356
522.768	1366
522.846	1361.16
522.924	1354.94
523.002	1339.62
523.08	1337.08
523.158	1320.28
523.236	1312.67
523.314	1301.36
523.392	1299.64
523.47	1295.55
523.548	1288.42
523.626	1282.52
523.704	1288.17
523.781	1289.97
523.859	1282.6
523.937	1266.79
524.015	1259.99
524.093	1253.52
524.171	1246.72
524.249	1242.54
524.327	1255
524.404	1258.27
524.482	1245.08
524.56	1241.97
524.638	1230.91
524.716	1223.05
524.793	1217.39
524.871	1224.52
524.949	1220.84
525.027	1241.89
525.104	1254.18
525.182	1265.07
525.26	1274.66
525.338	1278.42
525.415	1264.74
525.493	1266.05
525.571	1265.15
525.649	1264.09
525.726	1266.96
525.804	1263.19
525.882	1249.59
525.959	1237.3
526.037	1235.33
526.115	1218.13
526.192	1220.26
526.27	1211.5
526.347	1203.71
526.425	1195.93
526.503	1188.31
526.58	1182.17
526.658	1186.59
526.736	1173.98
526.813	1160.95
526.891	1168.16
526.968	1158.41
527.046	1157.18
527.123	1162.59
527.201	1152.35
527.278	1133.84
527.356	1114.83
527.433	1101.97
527.511	1086
527.588	1083.95
527.666	1077.64
527.743	1074.61
527.821	1050.03
527.898	1034.88
527.976	1022.76
528.053	1017.43
528.131	1006.29
528.208	993.1
528.285	984.34
528.363	964.68
528.44	948.05
528.518	934.61
528.595	933.3
528.672	924.37
528.75	915.52
528.827	895.95
528.905	894.88
528.982	882.59
529.059	859.57
529.137	852.36
529.214	850.81
529.291	833.44
529.369	816.24
529.446	811.9
529.523	793.63
529.6	778.88
529.678	757.26
529.755	752.18
529.832	742.35
529.909	730.47
529.987	713.84
530.064	714.33
530.141	711.46
530.218	705.24
530.296	713.59
530.373	708.68
530.45	705.24
530.527	694.43
530.604	695.9
530.681	681.89
530.759	686.38
530.836	681.02
